28 33 1.0
47 57 1.0
67 68 1.0
80 90 1.0
93 94 1.0
99 99 1.0
116 127 1.0
129 129 1.0
139 139 1.0
144 144 1.0
147 148 1.0
152 154 1.0
156 156 1.0
159 160 1.0
177 177 1.0
181 183 1.0
185 187 1.0
189 190 1.0
192 192 1.0
195 195 1.0
200 200 1.0
202 202 1.0
204 205 1.0
207 208 1.0
213 214 1.0
220 220 1.0
223 223 1.0
226 228 1.0
230 230 1.0
232 233 1.0
244 248 1.0
264 264 1.0
269 274 1.0
276 279 1.0
281 281 1.0
293 294 1.0
296 302 1.0
310 310 1.0
313 320 1.0
322 322 1.0
343 343 1.0
346 351 1.0
353 353 1.0
355 365 1.0
369 369 1.0
379 379 1.0
381 384 1.0
399 410 1.0
425 435 1.0
457 458 1.0
460 460 1.0
462 468 1.0
470 474 1.0
477 477 1.0
489 489 1.0
492 499 1.0
513 513 1.0
515 525 1.0
531 531 1.0
536 538 1.0
540 541 1.0
543 543 1.0
557 558 1.0
560 567 1.0
570 570 1.0
576 577 1.0
582 584 1.0
601 608 1.0
610 611 1.0
618 618 1.0
625 625 1.0
628 628 1.0
631 631 1.0
633 635 1.0
637 638 1.0
641 641 1.0
653 653 1.0
656 657 1.0
659 661 1.0
663 663 1.0
677 680 1.0
683 683 1.0
685 686 1.0
700 700 1.0
702 708 1.0
712 712 1.0
720 721 1.0
725 726 1.0
728 728 1.0
730 731 1.0
733 733 1.0
735 735 1.0
740 740 1.0
747 747 1.0
750 750 1.0
752 752 1.0
756 757 1.0
759 760 1.0
762 762 1.0
764 764 1.0
766 766 1.0
769 769 1.0
774 774 1.0
787 797 1.0
807 812 1.0
829 840 1.0
858 867 1.0
876 883 1.0
898 899 1.0
902 908 1.0
910 912 1.0
928 934 1.0
937 938 1.0
952 952 1.0
955 962 1.0
970 970 1.0
974 974 1.0
982 982 1.0
986 986 1.0
988 991 1.0
994 994 1.0
998 998 1.0
1007 1007 1.0
1010 1011 1.0
1013 1016 1.0
1028 1028 1.0
2219 2219 1.0
3372 3372 1.0
