25 25 1.0
37 42 1.0
47 47 1.0
49 57 1.0
73 73 1.0
85 86 1.0
88 88 1.0
90 96 1.0
98 99 1.0
102 102 1.0
105 106 1.0
108 108 1.0
111 111 1.0
114 114 1.0
129 139 1.0
151 151 1.0
153 155 1.0
157 164 1.0
167 167 1.0
179 180 1.0
185 185 1.0
187 189 1.0
192 199 1.0
201 202 1.0
214 222 1.0
232 232 1.0
235 241 1.0
253 256 1.0
260 263 1.0
267 269 1.0
271 272 1.0
281 281 1.0
285 285 1.0
287 291 1.0
293 295 1.0
308 308 1.0
310 310 1.0
313 314 1.0
316 316 1.0
322 323 1.0
328 328 1.0
337 338 1.0
341 341 1.0
343 346 1.0
358 358 1.0
360 363 1.0
365 367 1.0
375 375 1.0
381 381 1.0
383 383 1.0
389 391 1.0
393 393 1.0
395 397 1.0
406 406 1.0
408 415 1.0
418 418 1.0
435 435 1.0
438 446 1.0
448 448 1.0
450 450 1.0
458 458 1.0
469 469 1.0
473 473 1.0
475 475 1.0
483 493 1.0
498 501 1.0
503 506 1.0
508 508 1.0
518 518 1.0
525 529 1.0
531 535 1.0
548 553 1.0
558 558 1.0
562 572 1.0
584 593 1.0
607 617 1.0
629 639 1.0
642 642 1.0
651 655 1.0
657 657 1.0
673 684 1.0
686 686 1.0
702 702 1.0
708 711 1.0
715 716 1.0
718 718 1.0
723 724 1.0
727 727 1.0
730 731 1.0
737 737 1.0
743 746 1.0
749 749 1.0
758 761 1.0
764 765 1.0
770 770 1.0
773 773 1.0
778 778 1.0
780 780 1.0
783 786 1.0
788 788 1.0
792 792 1.0
800 810 1.0
820 820 1.0
822 826 1.0
828 828 1.0
832 832 1.0
840 842 1.0
844 845 1.0
847 849 1.0
851 851 1.0
855 855 1.0
857 857 1.0
859 859 1.0
865 865 1.0
869 869 1.0
871 871 1.0
873 874 1.0
877 881 1.0
883 883 1.0
885 885 1.0
895 895 1.0
897 898 1.0
900 902 1.0
907 907 1.0
910 910 1.0
912 912 1.0
914 914 1.0
916 917 1.0
920 920 1.0
930 930 1.0
932 939 1.0
951 957 1.0
961 961 1.0
969 971 1.0
977 977 1.0
979 979 1.0
983 986 1.0
991 991 1.0
998 998 1.0
1001 1001 1.0
1003 1004 1.0
1007 1008 1.0
1010 1017 1.0
1030 1030 1.0
1032 1033 1.0
1035 1035 1.0
1037 1039 1.0
1044 1044 1.0
1047 1047 1.0
1051 1052 1.0
1057 1057 1.0
1061 1061 1.0
1066 1066 1.0
1069 1076 1.0
1078 1078 1.0
1082 1082 1.0
1096 1099 1.0
1101 1101 1.0
1103 1105 1.0
1111 1111 1.0
1117 1117 1.0
1123 1127 1.0
1129 1132 1.0
1139 1139 1.0
1144 1146 1.0
1148 1149 1.0
1151 1152 1.0
1158 1158 1.0
1164 1168 1.0
1173 1173 1.0
1181 1183 1.0
1185 1187 1.0
1189 1191 1.0
1195 1195 1.0
1199 1199 1.0
1205 1205 1.0
1207 1207 1.0
1210 1211 1.0
1214 1214 1.0
1228 1228 1.0
1230 1238 1.0
1240 1242 1.0
1244 1245 1.0
1254 1254 1.0
1257 1257 1.0
1261 1262 1.0
1264 1264 1.0
1266 1267 1.0
1270 1271 1.0
1285 1294 1.0
1308 1308 1.0
1312 1314 1.0
1316 1318 1.0
1322 1323 1.0
1326 1326 1.0
1331 1331 1.0
1334 1336 1.0
1338 1341 1.0
1344 1344 1.0
1353 1353 1.0
1357 1357 1.0
1361 1361 1.0
1369 1369 1.0
1371 1372 1.0
1374 1380 1.0
1384 1384 1.0
1386 1386 1.0
1392 1392 1.0
1394 1394 1.0
1399 1399 1.0
1407 1408 1.0
1412 1412 1.0
1415 1415 1.0
1417 1417 1.0
1422 1422 1.0
1424 1425 1.0
1429 1429 1.0
1431 1432 1.0
1437 1439 1.0
1441 1443 1.0
1445 1447 1.0
1451 1451 1.0
1455 1455 1.0
1469 1479 1.0
1491 1491 1.0
1493 1495 1.0
1497 1497 1.0
1499 1499 1.0
1501 1502 1.0
1507 1507 1.0
1511 1511 1.0
1514 1518 1.0
1520 1521 1.0
1523 1523 1.0
1535 1535 1.0
1537 1542 1.0
1548 1548 1.0
1552 1552 1.0
1554 1556 1.0
1564 1564 1.0
1570 1578 1.0
1590 1593 1.0
1595 1595 1.0
1599 1599 1.0
1605 1605 1.0
1607 1609 1.0
1622 1632 1.0
1649 1649 1.0
1653 1653 1.0
1656 1657 1.0
1659 1659 1.0
1661 1661 1.0
1666 1668 1.0
1671 1671 1.0
1676 1676 1.0
1683 1683 1.0
1685 1686 1.0
1688 1689 1.0
1691 1692 1.0
1697 1698 1.0
1712 1723 1.0
1728 1730 1.0
1732 1736 1.0
1754 1766 1.0
1768 1769 1.0
1781 1785 1.0
1787 1789 1.0
1792 1792 1.0
1797 1798 1.0
1805 1805 1.0
1810 1814 1.0
1817 1820 1.0
1826 1826 1.0
1834 1834 1.0
1838 1838 1.0
1840 1840 1.0
1843 1844 1.0
1846 1847 1.0
1849 1850 1.0
1852 1852 1.0
1856 1856 1.0
1865 1872 1.0
1874 1876 1.0
1879 1879 1.0
1884 1884 1.0
1889 1889 1.0
1891 1897 1.0
1901 1901 1.0
1910 1910 1.0
1916 1926 1.0
1931 1931 1.0
1943 1951 1.0
1963 1973 1.0
1979 1979 1.0
1994 2002 1.0
2004 2005 1.0
2007 2007 1.0
2014 2014 1.0
2016 2022 1.0
2024 2024 1.0
2036 2036 1.0
2038 2043 1.0
2045 2048 1.0
2053 2053 1.0
2055 2055 1.0
2060 2060 1.0
2072 2073 1.0
2075 2077 1.0
2081 2082 1.0
2085 2085 1.0
2087 2087 1.0
2089 2091 1.0
2093 2093 1.0
2095 2095 1.0
2103 2103 1.0
2108 2110 1.0
2112 2112 1.0
2116 2116 1.0
2118 2118 1.0
2121 2122 1.0
2125 2125 1.0
2130 2131 1.0
2133 2133 1.0
2135 2135 1.0
2137 2139 1.0
2141 2141 1.0
2145 2145 1.0
2147 2147 1.0
2166 2168 1.0
2170 2174 1.0
2176 2177 1.0
2179 2180 1.0
2186 2186 1.0
2198 2208 1.0
2218 2218 1.0
2222 2228 1.0
2230 2231 1.0
2239 2239 1.0
2243 2243 1.0
2245 2246 1.0
2253 2253 1.0
2258 2266 1.0
2276 2276 1.0
2279 2279 1.0
2283 2283 1.0
2285 2285 1.0
2291 2293 1.0
2295 2295 1.0
2297 2298 1.0
2300 2300 1.0
2303 2303 1.0
2305 2305 1.0
2310 2310 1.0
2312 2313 1.0
2315 2315 1.0
2317 2317 1.0
2325 2325 1.0
2327 2332 1.0
2337 2338 1.0
2345 2347 1.0
2350 2350 1.0
2354 2355 1.0
2371 2376 1.0
2380 2380 1.0
2382 2382 1.0
2389 2389 1.0
2395 2395 1.0
2398 2398 1.0
2401 2401 1.0
2404 2404 1.0
2407 2407 1.0
2410 2411 1.0
2415 2417 1.0
2423 2424 1.0
2429 2430 1.0
2432 2432 1.0
2441 2442 1.0
2444 2447 1.0
2449 2450 1.0
2454 2454 1.0
2459 2459 1.0
2462 2462 1.0
2464 2464 1.0
2477 2486 1.0
2495 2502 1.0
2512 2512 1.0
2515 2515 1.0
2519 2519 1.0
2525 2525 1.0
2528 2529 1.0
2531 2531 1.0
2535 2535 1.0
2538 2538 1.0
2543 2544 1.0
2551 2551 1.0
2554 2554 1.0
2556 2561 1.0
2563 2563 1.0
2575 2575 1.0
2577 2585 1.0
2587 2587 1.0
2589 2589 1.0
2601 2601 1.0
2607 2611 1.0
2613 2613 1.0
2615 2616 1.0
2626 2629 1.0
2633 2634 1.0
2636 2636 1.0
2641 2641 1.0
2643 2643 1.0
2653 2657 1.0
2659 2662 1.0
2664 2664 1.0
2667 2667 1.0
2683 2684 1.0
2686 2693 1.0
2695 2696 1.0
2710 2710 1.0
2713 2720 1.0
2723 2723 1.0
2730 2730 1.0
2735 2735 1.0
2737 2740 1.0
2743 2743 1.0
2747 2747 1.0
2752 2753 1.0
2755 2757 1.0
2768 2773 1.0
2789 2789 1.0
2791 2801 1.0
2803 2803 1.0
2813 2814 1.0
2817 2818 1.0
2821 2821 1.0
2824 2824 1.0
2826 2827 1.0
2830 2830 1.0
2842 2843 1.0
2845 2845 1.0
2847 2851 1.0
2855 2855 1.0
2871 2872 1.0
2878 2879 1.0
2884 2885 1.0
2888 2888 1.0
2891 2891 1.0
2893 2893 1.0
2903 2903 1.0
2905 2905 1.0
2907 2911 1.0
2915 2915 1.0
2917 2918 1.0
2923 2923 1.0
2928 2928 1.0
2932 2935 1.0
2938 2938 1.0
2952 2952 1.0
2954 2955 1.0
2957 2962 1.0
2964 2964 1.0
2967 2967 1.0
2970 2970 1.0
2974 2974 1.0
2983 2983 1.0
2986 2993 1.0
2996 2997 1.0
2999 2999 1.0
3002 3003 1.0
3005 3006 1.0
3015 3015 1.0
3019 3019 1.0
3021 3021 1.0
3023 3023 1.0
3025 3025 1.0
3027 3029 1.0
3033 3036 1.0
3041 3044 1.0
3049 3049 1.0
3051 3051 1.0
3057 3057 1.0
3063 3072 1.0
3075 3075 1.0
3088 3088 1.0
3095 3095 1.0
3100 3105 1.0
3107 3109 1.0
3119 3119 1.0
3121 3121 1.0
3124 3125 1.0
3127 3129 1.0
3131 3131 1.0
3133 3135 1.0
3137 3137 1.0
3143 3143 1.0
3150 3153 1.0
3155 3155 1.0
3158 3158 1.0
3165 3166 1.0
3171 3172 1.0
3178 3178 1.0
3181 3181 1.0
3188 3188 1.0
3190 3191 1.0
3193 3197 1.0
3199 3199 1.0
3209 3209 1.0
3211 3219 1.0
3221 3221 1.0
3226 3226 1.0
3241 3246 1.0
3250 3250 1.0
3254 3254 1.0
3260 3260 1.0
3262 3264 1.0
3266 3270 1.0
3272 3272 1.0
3274 3274 1.0
3278 3278 1.0
3281 3288 1.0
3290 3290 1.0
3307 3317 1.0
3319 3319 1.0
3335 3341 1.0
3343 3343 1.0
3345 3345 1.0
3347 3347 1.0
3350 3353 1.0
3355 3357 1.0
3359 3360 1.0
3364 3364 1.0
3371 3372 1.0
3374 3378 1.0
3380 3380 1.0
3398 3408 1.0
3412 3414 1.0
3427 3430 1.0
3433 3433 1.0
3435 3438 1.0
3442 3443 1.0
3445 3445 1.0
3447 3447 1.0
3455 3455 1.0
3463 3465 1.0
3467 3469 1.0
3471 3474 1.0
3480 3481 1.0
3487 3488 1.0
3494 3496 1.0
3500 3502 1.0
3504 3504 1.0
3508 3508 1.0
3514 3514 1.0
3517 3518 1.0
3521 3521 1.0
3523 3524 1.0
3530 3531 1.0
3533 3533 1.0
3537 3537 1.0
3543 3547 1.0
3549 3555 1.0
3559 3559 1.0
3571 3582 1.0
3587 3587 1.0
3591 3591 1.0
3593 3596 1.0
3599 3599 1.0
3608 3608 1.0
3611 3618 1.0
3633 3644 1.0
3655 3655 1.0
3657 3657 1.0
3660 3660 1.0
