33 40 1.0
42 45 1.0
52 53 1.0
58 60 1.0
62 62 1.0
65 68 1.0
80 88 1.0
90 90 1.0
100 100 1.0
102 105 1.0
107 107 1.0
110 110 1.0
112 112 1.0
114 114 1.0
117 120 1.0
131 141 1.0
154 164 1.0
181 181 1.0
184 185 1.0
187 193 1.0
196 201 1.0
206 206 1.0
208 208 1.0
214 215 1.0
218 218 1.0
220 221 1.0
223 224 1.0
227 228 1.0
232 232 1.0
236 238 1.0
240 240 1.0
244 248 1.0
250 254 1.0
258 258 1.0
260 260 1.0
262 262 1.0
265 268 1.0
280 290 1.0
307 317 1.0
320 320 1.0
329 330 1.0
332 332 1.0
339 354 1.0
366 373 1.0
375 376 1.0
379 379 1.0
381 382 1.0
385 392 1.0
394 396 1.0
399 400 1.0
414 414 1.0
416 416 1.0
419 426 1.0
428 429 1.0
438 438 1.0
442 452 1.0
454 454 1.0
456 457 1.0
459 459 1.0
464 464 1.0
469 469 1.0
476 486 1.0
489 489 1.0
493 493 1.0
495 503 1.0
505 506 1.0
508 510 1.0
512 512 1.0
516 516 1.0
522 522 1.0
524 524 1.0
526 526 1.0
528 532 1.0
534 536 1.0
538 541 1.0
543 544 1.0
546 546 1.0
548 548 1.0
553 553 1.0
563 563 1.0
565 573 1.0
575 575 1.0
580 580 1.0
582 582 1.0
584 590 1.0
592 592 1.0
608 619 1.0
623 625 1.0
632 633 1.0
636 637 1.0
641 642 1.0
644 644 1.0
646 647 1.0
651 652 1.0
654 656 1.0
658 664 1.0
668 668 1.0
681 690 1.0
699 709 1.0
719 727 1.0
729 729 1.0
731 735 1.0
739 739 1.0
741 741 1.0
753 763 1.0
766 767 1.0
772 772 1.0
775 775 1.0
779 779 1.0
781 782 1.0
784 791 1.0
802 814 1.0
832 832 1.0
834 835 1.0
837 848 1.0
851 851 1.0
854 854 1.0
859 860 1.0
863 869 1.0
880 880 1.0
882 889 1.0
892 894 1.0
897 897 1.0
901 902 1.0
904 904 1.0
906 907 1.0
910 916 1.0
918 920 1.0
922 923 1.0
928 928 1.0
932 932 1.0
935 935 1.0
937 938 1.0
940 947 1.0
949 950 1.0
955 955 1.0
959 959 1.0
964 965 1.0
967 975 1.0
977 978 1.0
983 983 1.0
985 991 1.0
993 993 1.0
995 995 1.0
1000 1000 1.0
1003 1003 1.0
1007 1008 1.0
1010 1010 1.0
1012 1014 1.0
1016 1020 1.0
1022 1022 1.0
1024 1024 1.0
1026 1026 1.0
1028 1030 1.0
1032 1032 1.0
1034 1034 1.0
1036 1039 1.0
1042 1042 1.0
1045 1047 1.0
1052 1052 1.0
1054 1055 1.0
1062 1062 1.0
1064 1064 1.0
1066 1071 1.0
1074 1074 1.0
1076 1076 1.0
1082 1086 1.0
1088 1093 1.0
1096 1097 1.0
1101 1101 1.0
1105 1105 1.0
1108 1108 1.0
1110 1115 1.0
1117 1118 1.0
1120 1121 1.0
1124 1124 1.0
1127 1128 1.0
1130 1130 1.0
1133 1133 1.0
1136 1143 1.0
1145 1147 1.0
1149 1149 1.0
1161 1171 1.0
1173 1173 1.0
1183 1196 1.0
1199 1199 1.0
1207 1215 1.0
1217 1217 1.0
1228 1238 1.0
1250 1260 1.0
1263 1263 1.0
1272 1278 1.0
1280 1282 1.0
1284 1284 1.0
1286 1287 1.0
1290 1290 1.0
1296 1296 1.0
1298 1305 1.0
1315 1321 1.0
1331 1331 1.0
1333 1335 1.0
1343 1344 1.0
1346 1353 1.0
1355 1356 1.0
1361 1361 1.0
1365 1365 1.0
1368 1370 1.0
1377 1378 1.0
1380 1380 1.0
1382 1382 1.0
1384 1392 1.0
1394 1394 1.0
1403 1403 1.0
1405 1413 1.0
1415 1416 1.0
1423 1433 1.0
1445 1455 1.0
1457 1457 1.0
1460 1460 1.0
1463 1463 1.0
1465 1470 1.0
1472 1473 1.0
1477 1477 1.0
1485 1485 1.0
1489 1490 1.0
1492 1492 1.0
1494 1500 1.0
1502 1504 1.0
1507 1508 1.0
1510 1510 1.0
1512 1513 1.0
1516 1517 1.0
1522 1522 1.0
1525 1526 1.0
1529 1539 1.0
1541 1543 1.0
1545 1545 1.0
1547 1548 1.0
1550 1550 1.0
1554 1557 1.0
1559 1562 1.0
1564 1564 1.0
1568 1570 1.0
1573 1574 1.0
1576 1578 1.0
1585 1588 1.0
1591 1591 1.0
1600 1601 1.0
1603 1610 1.0
1612 1613 1.0
1619 1619 1.0
1621 1623 1.0
1627 1629 1.0
1631 1631 1.0
1633 1633 1.0
1635 1647 1.0
1661 1662 1.0
1664 1671 1.0
1673 1674 1.0
1677 1678 1.0
1681 1681 1.0
1683 1683 1.0
1687 1687 1.0
1690 1690 1.0
1694 1697 1.0
1702 1702 1.0
1704 1706 1.0
1709 1715 1.0
1718 1718 1.0
1727 1728 1.0
1730 1737 1.0
1748 1758 1.0
1761 1761 1.0
1764 1766 1.0
1774 1775 1.0
1777 1784 1.0
1787 1788 1.0
1792 1794 1.0
1797 1797 1.0
1800 1800 1.0
1806 1816 1.0
1821 1822 1.0
1826 1826 1.0
1828 1828 1.0
1830 1830 1.0
1835 1837 1.0
1840 1840 1.0
1842 1844 1.0
1849 1850 1.0
1852 1852 1.0
1856 1856 1.0
1858 1862 1.0
1864 1875 1.0
1877 1877 1.0
1880 1880 1.0
1890 1890 1.0
1892 1892 1.0
1894 1895 1.0
1897 1902 1.0
1904 1905 1.0
1907 1907 1.0
1912 1917 1.0
1920 1920 1.0
1931 1943 1.0
1948 1948 1.0
1956 1959 1.0
1961 1971 1.0
1977 1977 1.0
1979 1979 1.0
1983 1984 1.0
1986 1987 1.0
1989 1989 1.0
1991 1996 1.0
1998 1998 1.0
2219 2219 1.0
3372 3372 1.0
