27 29 1.0
40 50 1.0
70 70 1.0
83 84 1.0
87 87 1.0
90 90 1.0
92 92 1.0
104 104 1.0
106 107 1.0
109 109 1.0
112 113 1.0
121 122 1.0
125 135 1.0
150 160 1.0
175 179 1.0
181 183 1.0
185 185 1.0
187 187 1.0
191 192 1.0
195 195 1.0
207 213 1.0
223 232 1.0
244 249 1.0
263 263 1.0
265 266 1.0
268 269 1.0
271 271 1.0
275 275 1.0
277 277 1.0
280 280 1.0
282 283 1.0
285 285 1.0
287 287 1.0
292 292 1.0
295 295 1.0
300 300 1.0
307 307 1.0
314 316 1.0
320 320 1.0
322 322 1.0
329 329 1.0
334 334 1.0
338 338 1.0
341 341 1.0
355 355 1.0
359 359 1.0
362 364 1.0
367 368 1.0
371 371 1.0
376 377 1.0
380 381 1.0
384 385 1.0
394 394 1.0
398 398 1.0
401 402 1.0
406 406 1.0
422 426 1.0
429 432 1.0
436 436 1.0
451 463 1.0
477 477 1.0
479 479 1.0
481 482 1.0
486 487 1.0
489 489 1.0
494 495 1.0
501 501 1.0
504 508 1.0
522 530 1.0
544 552 1.0
554 554 1.0
570 570 1.0
574 574 1.0
578 580 1.0
582 583 1.0
585 589 1.0
592 592 1.0
599 599 1.0
601 608 1.0
611 611 1.0
624 624 1.0
636 637 1.0
639 642 1.0
644 645 1.0
654 654 1.0
659 664 1.0
667 669 1.0
674 674 1.0
677 677 1.0
681 681 1.0
696 698 1.0
701 701 1.0
703 703 1.0
705 705 1.0
710 710 1.0
712 715 1.0
717 717 1.0
719 720 1.0
727 727 1.0
729 729 1.0
733 733 1.0
735 735 1.0
741 741 1.0
743 743 1.0
745 745 1.0
755 755 1.0
758 759 1.0
762 765 1.0
767 768 1.0
772 772 1.0
784 787 1.0
789 795 1.0
799 799 1.0
807 807 1.0
820 822 1.0
824 825 1.0
827 829 1.0
834 834 1.0
837 837 1.0
841 841 1.0
850 850 1.0
853 856 1.0
860 860 1.0
868 868 1.0
870 870 1.0
874 874 1.0
888 889 1.0
896 898 1.0
900 901 1.0
904 904 1.0
906 906 1.0
916 916 1.0
918 918 1.0
920 926 1.0
930 930 1.0
942 943 1.0
945 952 1.0
954 955 1.0
957 957 1.0
960 960 1.0
970 970 1.0
974 974 1.0
984 984 1.0
986 989 1.0
991 992 1.0
1000 1001 1.0
1005 1005 1.0
1007 1007 1.0
1014 1014 1.0
1019 1019 1.0
1026 1026 1.0
1028 1028 1.0
1031 1032 1.0
1034 1035 1.0
1048 1048 1.0
1061 1061 1.0
1071 1071 1.0
1073 1077 1.0
1079 1079 1.0
1081 1081 1.0
1083 1083 1.0
1093 1093 1.0
1096 1097 1.0
1099 1100 1.0
1102 1103 1.0
1105 1106 1.0
1109 1109 1.0
1112 1113 1.0
1121 1121 1.0
1125 1126 1.0
1128 1128 1.0
1130 1130 1.0
1132 1133 1.0
1135 1135 1.0
1140 1140 1.0
1147 1149 1.0
1152 1152 1.0
1165 1166 1.0
1168 1169 1.0
1171 1171 1.0
1173 1173 1.0
1179 1179 1.0
1186 1186 1.0
1189 1189 1.0
1196 1196 1.0
1202 1206 1.0
1208 1212 1.0
1218 1218 1.0
1225 1225 1.0
1233 1236 1.0
1238 1239 1.0
1241 1243 1.0
1251 1251 1.0
1255 1255 1.0
1259 1261 1.0
1263 1269 1.0
1274 1274 1.0
1281 1281 1.0
1291 1291 1.0
1293 1293 1.0
1295 1296 1.0
1299 1299 1.0
1301 1301 1.0
1305 1305 1.0
1309 1309 1.0
1314 1314 1.0
1317 1317 1.0
1331 1331 1.0
1337 1341 1.0
1343 1344 1.0
1346 1347 1.0
1356 1356 1.0
1359 1362 1.0
1364 1365 1.0
1368 1368 1.0
1380 1380 1.0
1389 1389 1.0
1393 1396 1.0
1402 1404 1.0
1408 1409 1.0
1412 1412 1.0
1415 1415 1.0
1417 1417 1.0
1421 1422 1.0
1424 1424 1.0
1427 1427 1.0
1429 1429 1.0
1431 1431 1.0
1441 1441 1.0
1444 1451 1.0
1463 1464 1.0
1467 1467 1.0
1479 1484 1.0
1486 1487 1.0
1496 1496 1.0
1499 1501 1.0
1503 1504 1.0
1511 1511 1.0
1516 1517 1.0
1531 1536 1.0
1546 1546 1.0
1548 1548 1.0
1550 1551 1.0
1554 1555 1.0
1564 1564 1.0
1567 1567 1.0
1569 1569 1.0
1571 1571 1.0
1573 1574 1.0
1576 1576 1.0
1578 1579 1.0
1582 1583 1.0
1588 1588 1.0
1592 1592 1.0
1596 1598 1.0
1600 1600 1.0
1602 1602 1.0
1606 1606 1.0
1612 1612 1.0
1618 1618 1.0
1620 1620 1.0
1627 1627 1.0
1632 1633 1.0
1636 1639 1.0
1645 1646 1.0
1648 1648 1.0
1652 1652 1.0
1654 1654 1.0
1657 1657 1.0
1661 1662 1.0
1669 1671 1.0
1675 1679 1.0
1681 1681 1.0
1683 1685 1.0
1699 1699 1.0
1702 1709 1.0
1712 1712 1.0
1727 1737 1.0
1749 1750 1.0
1752 1753 1.0
1773 1777 1.0
1780 1783 1.0
1789 1789 1.0
1798 1799 1.0
1806 1806 1.0
1811 1811 1.0
1813 1813 1.0
1815 1816 1.0
1818 1819 1.0
1822 1823 1.0
1825 1825 1.0
1827 1829 1.0
1832 1832 1.0
1841 1841 1.0
1844 1844 1.0
1847 1851 1.0
1853 1854 1.0
1857 1857 1.0
1861 1863 1.0
1867 1867 1.0
1869 1869 1.0
1871 1871 1.0
1875 1877 1.0
1879 1879 1.0
1883 1883 1.0
1885 1885 1.0
1889 1889 1.0
1892 1892 1.0
1895 1895 1.0
1901 1901 1.0
1904 1904 1.0
1908 1909 1.0
1911 1911 1.0
1913 1917 1.0
1922 1922 1.0
1936 1938 1.0
1941 1942 1.0
1944 1944 1.0
1946 1946 1.0
1948 1951 1.0
1963 1963 1.0
1965 1965 1.0
1975 1975 1.0
1979 1979 1.0
1983 1983 1.0
1987 1987 1.0
1991 1993 1.0
1996 1996 1.0
1999 2000 1.0
2005 2006 1.0
2008 2008 1.0
2012 2013 1.0
2025 2025 1.0
2027 2034 1.0
2037 2037 1.0
2045 2045 1.0
2050 2050 1.0
2052 2052 1.0
2057 2060 1.0
2073 2073 1.0
2075 2075 1.0
2077 2078 1.0
2082 2083 1.0
2092 2092 1.0
2095 2097 1.0
2104 2104 1.0
2109 2114 1.0
2116 2117 1.0
2120 2120 1.0
2122 2123 1.0
2127 2127 1.0
2132 2132 1.0
2135 2135 1.0
2140 2140 1.0
2147 2148 1.0
2150 2150 1.0
2156 2156 1.0
2163 2163 1.0
2165 2166 1.0
2168 2168 1.0
2170 2171 1.0
2176 2176 1.0
2183 2186 1.0
2189 2201 1.0
2214 2226 1.0
3372 3372 1.0
