31 41 1.0
51 51 1.0
53 58 1.0
71 81 1.0
93 95 1.0
100 100 1.0
102 105 1.0
107 107 1.0
120 129 1.0
134 135 1.0
138 143 1.0
147 147 1.0
160 170 1.0
177 178 1.0
180 182 1.0
186 186 1.0
190 191 1.0
194 196 1.0
198 200 1.0
214 221 1.0
225 225 1.0
233 233 1.0
235 235 1.0
237 240 1.0
242 243 1.0
245 247 1.0
252 253 1.0
259 259 1.0
262 262 1.0
264 266 1.0
269 272 1.0
278 279 1.0
281 282 1.0
284 285 1.0
287 287 1.0
297 297 1.0
299 307 1.0
309 309 1.0
316 317 1.0
321 321 1.0
323 326 1.0
330 335 1.0
339 339 1.0
352 354 1.0
356 357 1.0
359 362 1.0
366 366 1.0
368 369 1.0
373 374 1.0
378 378 1.0
381 381 1.0
386 387 1.0
390 390 1.0
392 396 1.0
398 400 1.0
406 406 1.0
408 408 1.0
412 414 1.0
423 423 1.0
427 430 1.0
433 433 1.0
437 438 1.0
442 443 1.0
446 447 1.0
452 452 1.0
454 456 1.0
459 459 1.0
462 462 1.0
464 469 1.0
472 474 1.0
486 486 1.0
495 496 1.0
498 503 1.0
505 505 1.0
507 507 1.0
513 513 1.0
515 515 1.0
517 517 1.0
519 519 1.0
526 527 1.0
529 536 1.0
538 539 1.0
547 548 1.0
550 551 1.0
553 554 1.0
563 563 1.0
565 571 1.0
580 580 1.0
582 590 1.0
596 596 1.0
603 604 1.0
606 606 1.0
611 611 1.0
