25 27 1.0
35 36 1.0
39 40 1.0
48 60 1.0
75 91 1.0
109 120 1.0
134 147 1.0
162 163 1.0
166 172 1.0
174 178 1.0
192 198 1.0
200 201 1.0
214 214 1.0
217 226 1.0
234 234 1.0
236 236 1.0
238 239 1.0
241 244 1.0
256 261 1.0
263 265 1.0
271 271 1.0
273 273 1.0
278 278 1.0
283 283 1.0
287 288 1.0
290 295 1.0
297 297 1.0
299 299 1.0
314 324 1.0
326 326 1.0
335 336 1.0
340 340 1.0
345 345 1.0
348 350 1.0
354 355 1.0
357 360 1.0
362 364 1.0
376 387 1.0
389 390 1.0
411 419 1.0
430 437 1.0
446 446 1.0
448 448 1.0
450 452 1.0
454 454 1.0
456 458 1.0
460 460 1.0
463 464 1.0
479 489 1.0
497 497 1.0
500 501 1.0
505 505 1.0
507 507 1.0
509 510 1.0
512 512 1.0
517 517 1.0
527 527 1.0
529 529 1.0
531 537 1.0
539 539 1.0
541 541 1.0
543 543 1.0
551 551 1.0
555 558 1.0
560 561 1.0
563 563 1.0
570 571 1.0
573 573 1.0
575 575 1.0
577 578 1.0
590 590 1.0
592 600 1.0
602 602 1.0
613 613 1.0
615 619 1.0
621 622 1.0
624 624 1.0
631 631 1.0
634 634 1.0
636 638 1.0
640 640 1.0
643 643 1.0
655 659 1.0
662 665 1.0
667 667 1.0
669 669 1.0
671 673 1.0
677 677 1.0
689 689 1.0
691 696 1.0
698 698 1.0
701 701 1.0
710 711 1.0
714 714 1.0
719 720 1.0
729 729 1.0
732 739 1.0
751 754 1.0
758 758 1.0
760 760 1.0
766 770 1.0
773 773 1.0
775 776 1.0
778 778 1.0
783 783 1.0
795 804 1.0
808 808 1.0
814 814 1.0
817 817 1.0
819 823 1.0
826 827 1.0
829 829 1.0
834 835 1.0
839 844 1.0
847 847 1.0
849 849 1.0
859 868 1.0
873 874 1.0
876 877 1.0
880 883 1.0
885 886 1.0
892 892 1.0
895 895 1.0
900 900 1.0
907 910 1.0
912 912 1.0
914 915 1.0
922 922 1.0
924 925 1.0
927 927 1.0
930 930 1.0
932 932 1.0
934 934 1.0
937 940 1.0
946 946 1.0
956 956 1.0
958 958 1.0
961 962 1.0
964 964 1.0
970 971 1.0
974 974 1.0
976 976 1.0
988 990 1.0
992 997 1.0
1010 1011 1.0
1014 1017 1.0
1019 1020 1.0
1022 1024 1.0
1032 1032 1.0
1038 1046 1.0
1056 1056 1.0
1059 1060 1.0
1062 1064 1.0
1066 1066 1.0
1070 1074 1.0
1078 1080 1.0
1087 1087 1.0
1091 1093 1.0
1095 1095 1.0
1097 1097 1.0
1099 1100 1.0
1109 1109 1.0
1116 1117 1.0
1119 1119 1.0
1121 1123 1.0
1125 1125 1.0
1129 1129 1.0
1137 1139 1.0
1141 1143 1.0
1145 1146 1.0
1153 1155 1.0
1157 1160 1.0
1166 1167 1.0
1169 1169 1.0
1179 1179 1.0
1181 1181 1.0
1183 1183 1.0
1185 1187 1.0
1189 1189 1.0
1191 1191 1.0
1199 1199 1.0
1204 1209 1.0
1213 1214 1.0
1218 1226 1.0
1236 1236 1.0
1238 1242 1.0
1254 1262 1.0
1274 1282 1.0
1286 1286 1.0
1295 1299 1.0
1303 1303 1.0
1310 1311 1.0
1313 1313 1.0
1316 1317 1.0
1320 1320 1.0
1326 1326 1.0
1330 1330 1.0
1332 1332 1.0
1336 1340 1.0
1342 1346 1.0
1349 1349 1.0
1352 1352 1.0
1358 1358 1.0
1364 1366 1.0
1368 1368 1.0
1370 1370 1.0
1373 1375 1.0
1377 1377 1.0
1379 1383 1.0
1389 1389 1.0
1397 1399 1.0
1404 1408 1.0
1410 1410 1.0
1412 1414 1.0
1420 1420 1.0
1422 1423 1.0
1425 1430 1.0
1432 1432 1.0
1434 1435 1.0
1439 1439 1.0
1443 1444 1.0
1448 1448 1.0
1460 1460 1.0
1463 1470 1.0
1472 1473 1.0
1478 1478 1.0
1480 1482 1.0
1486 1487 1.0
1489 1490 1.0
1496 1496 1.0
1501 1502 1.0
1504 1506 1.0
1508 1511 1.0
1513 1514 1.0
1526 1526 1.0
1528 1538 1.0
1553 1553 1.0
1559 1559 1.0
1563 1563 1.0
1565 1565 1.0
1567 1567 1.0
1569 1570 1.0
1573 1573 1.0
1575 1575 1.0
1577 1579 1.0
1582 1582 1.0
1585 1588 1.0
1593 1595 1.0
1607 1617 1.0
1626 1626 1.0
1638 1648 1.0
1658 1664 1.0
1666 1668 1.0
1672 1672 1.0
1676 1676 1.0
1684 1684 1.0
1686 1693 1.0
1695 1695 1.0
1699 1699 1.0
1705 1705 1.0
1707 1709 1.0
1711 1712 1.0
1714 1714 1.0
1723 1724 1.0
1726 1732 1.0
1740 1740 1.0
1750 1750 1.0
1753 1753 1.0
1755 1756 1.0
1768 1778 1.0
1793 1793 1.0
1798 1798 1.0
1800 1810 1.0
1822 1826 1.0
1828 1832 1.0
1844 1849 1.0
1851 1853 1.0
1859 1859 1.0
1861 1861 1.0
1863 1866 1.0
1868 1869 1.0
1871 1873 1.0
1878 1878 1.0
1881 1881 1.0
1885 1885 1.0
1887 1888 1.0
1890 1890 1.0
1897 1897 1.0
1900 1900 1.0
1902 1905 1.0
1908 1908 1.0
1910 1910 1.0
1917 1918 1.0
1920 1920 1.0
1923 1923 1.0
1925 1926 1.0
1928 1928 1.0
1933 1933 1.0
1942 1950 1.0
1959 1960 1.0
1962 1964 1.0
1968 1968 1.0
1976 1976 1.0
1980 1980 1.0
1984 1984 1.0
1990 1990 1.0
1993 1999 1.0
2002 2003 1.0
2010 2012 1.0
2015 2015 1.0
2018 2018 1.0
2025 2025 1.0
2027 2028 1.0
2030 2030 1.0
2032 2035 1.0
2037 2037 1.0
2040 2045 1.0
2047 2047 1.0
2049 2051 1.0
2053 2053 1.0
2069 2079 1.0
2091 2093 1.0
2099 2099 1.0
2105 2109 1.0
2115 2115 1.0
2121 2131 1.0
2146 2154 1.0
2156 2156 1.0
2166 2166 1.0
2168 2176 1.0
2178 2178 1.0
2182 2182 1.0
2188 2188 1.0
2191 2192 1.0
2197 2198 1.0
2201 2201 1.0
2204 2204 1.0
2207 2207 1.0
2210 2211 1.0
2214 2214 1.0
2217 2217 1.0
2221 2224 1.0
2226 2227 1.0
2231 2231 1.0
2236 2236 1.0
2239 2241 1.0
2244 2246 1.0
2248 2249 1.0
2254 2254 1.0
2261 2261 1.0
2263 2263 1.0
2266 2273 1.0
2275 2276 1.0
2282 2282 1.0
2289 2289 1.0
2302 2304 1.0
2306 2311 1.0
2316 2317 1.0
2323 2327 1.0
2329 2332 1.0
2344 2344 1.0
2347 2348 1.0
2350 2350 1.0
2352 2354 1.0
2356 2358 1.0
2360 2360 1.0
2362 2362 1.0
2372 2372 1.0
2374 2375 1.0
2377 2378 1.0
2380 2380 1.0
2386 2387 1.0
2389 2396 1.0
2409 2412 1.0
2414 2414 1.0
2416 2416 1.0
2423 2431 1.0
2433 2433 1.0
2438 2438 1.0
2440 2440 1.0
2443 2450 1.0
2452 2452 1.0
2464 2472 1.0
2480 2488 1.0
2493 2494 1.0
2506 2514 1.0
2529 2538 1.0
2545 2552 1.0
2563 2573 1.0
2582 2582 1.0
2595 2599 1.0
2601 2601 1.0
2611 2621 1.0
2631 2631 1.0
2633 2633 1.0
2637 2637 1.0
2640 2640 1.0
2643 2643 1.0
2645 2655 1.0
2657 2657 1.0
2672 2677 1.0
2679 2682 1.0
2688 2690 1.0
2692 2695 1.0
2697 2697 1.0
2700 2700 1.0
2707 2707 1.0
2710 2710 1.0
2712 2717 1.0
2719 2720 1.0
2732 2732 1.0
2734 2734 1.0
2736 2742 1.0
2744 2744 1.0
2746 2746 1.0
2748 2748 1.0
2752 2752 1.0
2760 2760 1.0
2762 2762 1.0
3850 3850 1.0
