25 26 1.0
28 28 1.0
30 30 1.0
32 32 1.0
34 34 1.0
57 67 1.0
78 88 1.0
101 102 1.0
114 120 1.0
122 122 1.0
126 126 1.0
132 132 1.0
134 135 1.0
138 138 1.0
140 142 1.0
144 144 1.0
147 148 1.0
156 156 1.0
164 164 1.0
167 167 1.0
170 174 1.0
186 188 1.0
191 191 1.0
195 195 1.0
198 198 1.0
201 201 1.0
204 205 1.0
207 208 1.0
210 211 1.0
213 213 1.0
217 217 1.0
220 220 1.0
223 223 1.0
225 227 1.0
232 233 1.0
235 235 1.0
240 242 1.0
247 247 1.0
254 260 1.0
263 264 1.0
273 273 1.0
277 277 1.0
280 280 1.0
284 284 1.0
286 287 1.0
289 290 1.0
292 294 1.0
301 301 1.0
311 311 1.0
313 314 1.0
316 319 1.0
321 321 1.0
323 323 1.0
326 326 1.0
328 328 1.0
331 332 1.0
335 335 1.0
342 342 1.0
344 344 1.0
350 352 1.0
354 354 1.0
356 360 1.0
362 362 1.0
381 381 1.0
391 391 1.0
396 403 1.0
414 418 1.0
420 420 1.0
432 432 1.0
434 444 1.0
458 458 1.0
474 474 1.0
481 481 1.0
484 484 1.0
487 494 1.0
496 496 1.0
498 498 1.0
507 508 1.0
513 513 1.0
515 515 1.0
518 518 1.0
522 523 1.0
526 527 1.0
536 536 1.0
539 539 1.0
542 542 1.0
546 546 1.0
551 551 1.0
555 561 1.0
563 565 1.0
576 576 1.0
578 578 1.0
580 580 1.0
582 582 1.0
588 590 1.0
607 617 1.0
625 626 1.0
628 631 1.0
638 638 1.0
645 645 1.0
647 648 1.0
650 653 1.0
659 660 1.0
662 662 1.0
664 664 1.0
666 668 1.0
672 672 1.0
674 674 1.0
676 676 1.0
681 682 1.0
686 686 1.0
690 690 1.0
694 695 1.0
699 703 1.0
708 709 1.0
717 718 1.0
724 724 1.0
726 726 1.0
730 730 1.0
733 733 1.0
740 745 1.0
748 750 1.0
756 756 1.0
758 758 1.0
763 763 1.0
766 766 1.0
768 768 1.0
778 778 1.0
781 781 1.0
783 788 1.0
791 791 1.0
793 793 1.0
801 802 1.0
805 808 1.0
810 811 1.0
813 813 1.0
817 817 1.0
819 821 1.0
823 823 1.0
825 825 1.0
844 854 1.0
858 859 1.0
880 887 1.0
889 890 1.0
897 899 1.0
901 902 1.0
906 906 1.0
914 914 1.0
918 918 1.0
926 926 1.0
930 936 1.0
938 941 1.0
947 948 1.0
953 953 1.0
957 957 1.0
960 961 1.0
966 966 1.0
974 979 1.0
984 984 1.0
991 993 1.0
999 999 1.0
1005 1009 1.0
1017 1017 1.0
1022 1023 1.0
1025 1025 1.0
1029 1029 1.0
1032 1032 1.0
1035 1035 1.0
1038 1039 1.0
1042 1043 1.0
1047 1048 1.0
1051 1051 1.0
1056 1057 1.0
1061 1061 1.0
1063 1063 1.0
1065 1065 1.0
1069 1069 1.0
1076 1079 1.0
1081 1082 1.0
1085 1085 1.0
1090 1097 1.0
1100 1100 1.0
1110 1110 1.0
1112 1112 1.0
1114 1122 1.0
1124 1124 1.0
1128 1128 1.0
1147 1147 1.0
1151 1157 1.0
1167 1167 1.0
1170 1172 1.0
1184 1184 1.0
1187 1190 1.0
1192 1192 1.0
1202 1202 1.0
1207 1207 1.0
1210 1210 1.0
1214 1214 1.0
1216 1217 1.0
1219 1219 1.0
1222 1223 1.0
1231 1231 1.0
1235 1235 1.0
1237 1237 1.0
1239 1239 1.0
1250 1260 1.0
1264 1264 1.0
1269 1269 1.0
1279 1279 1.0
1282 1282 1.0
1284 1285 1.0
1287 1289 1.0
1291 1291 1.0
1298 1298 1.0
1303 1308 1.0
1310 1311 1.0
1316 1316 1.0
1320 1321 1.0
1325 1325 1.0
1330 1330 1.0
1335 1335 1.0
1338 1338 1.0
1340 1340 1.0
1342 1345 1.0
1347 1348 1.0
1350 1350 1.0
1352 1352 1.0
1364 1364 1.0
1367 1367 1.0
1372 1372 1.0
1374 1374 1.0
1379 1381 1.0
1384 1384 1.0
1386 1388 1.0
1393 1394 1.0
1402 1402 1.0
1414 1416 1.0
1418 1418 1.0
1420 1420 1.0
1423 1424 1.0
1428 1428 1.0
1433 1434 1.0
1436 1437 1.0
1451 1451 1.0
1453 1453 1.0
1455 1455 1.0
1457 1460 1.0
1463 1463 1.0
1465 1465 1.0
1470 1470 1.0
1477 1478 1.0
1491 1497 1.0
1499 1501 1.0
1504 1504 1.0
1506 1506 1.0
1510 1510 1.0
1516 1516 1.0
1520 1520 1.0
1522 1522 1.0
1524 1525 1.0
1532 1532 1.0
1534 1534 1.0
1538 1541 1.0
1544 1544 1.0
1548 1551 1.0
1553 1556 1.0
1563 1563 1.0
1568 1570 1.0
1575 1575 1.0
1582 1582 1.0
1584 1585 1.0
1587 1588 1.0
1590 1591 1.0
1594 1595 1.0
1600 1600 1.0
1604 1604 1.0
1610 1610 1.0
1612 1612 1.0
1614 1614 1.0
1616 1619 1.0
1622 1626 1.0
1631 1631 1.0
1647 1650 1.0
1652 1657 1.0
1661 1663 1.0
1669 1669 1.0
1675 1676 1.0
1681 1681 1.0
1683 1683 1.0
1688 1688 1.0
1695 1704 1.0
1719 1721 1.0
1723 1729 1.0
1735 1735 1.0
1741 1742 1.0
1744 1745 1.0
1747 1748 1.0
1754 1754 1.0
1763 1763 1.0
1765 1766 1.0
1768 1769 1.0
1771 1771 1.0
1773 1773 1.0
1775 1775 1.0
1778 1778 1.0
1780 1783 1.0
1785 1785 1.0
1787 1788 1.0
1790 1790 1.0
1794 1794 1.0
1797 1797 1.0
1807 1807 1.0
1812 1817 1.0
1819 1822 1.0
1834 1836 1.0
1838 1845 1.0
1848 1848 1.0
1853 1853 1.0
1861 1861 1.0
1866 1871 1.0
1873 1873 1.0
1876 1876 1.0
1879 1879 1.0
1882 1882 1.0
1886 1886 1.0
1888 1889 1.0
1892 1892 1.0
1896 1896 1.0
1902 1902 1.0
1905 1905 1.0
1908 1908 1.0
1921 1929 1.0
1931 1932 1.0
1941 1941 1.0
1945 1948 1.0
1960 1962 1.0
1964 1965 1.0
1968 1968 1.0
1970 1970 1.0
1973 1974 1.0
1977 1978 1.0
1980 1980 1.0
1982 1982 1.0
1987 1987 1.0
1994 1994 1.0
1996 1997 1.0
1999 2002 1.0
2006 2006 1.0
2024 2025 1.0
2027 2031 1.0
2033 2033 1.0
2037 2037 1.0
2039 2039 1.0
2045 2047 1.0
2052 2053 1.0
2055 2055 1.0
2061 2062 1.0
2065 2065 1.0
2070 2071 1.0
2075 2075 1.0
2083 2083 1.0
2087 2087 1.0
2090 2093 1.0
2096 2096 1.0
2106 2106 1.0
2108 2116 1.0
2120 2122 1.0
2125 2125 1.0
2127 2129 1.0
2137 2137 1.0
2141 2144 1.0
2156 2156 1.0
2158 2172 1.0
2189 2200 1.0
2222 2222 1.0
2225 2230 1.0
2234 2234 1.0
2246 2256 1.0
2270 2275 1.0
2277 2278 1.0
2284 2284 1.0
2286 2287 1.0
2291 2294 1.0
2296 2296 1.0
2300 2301 1.0
2303 2303 1.0
2308 2310 1.0
2322 2332 1.0
2336 2336 1.0
2346 2346 1.0
2352 2360 1.0
2374 2376 1.0
2380 2382 1.0
2384 2384 1.0
2397 2402 1.0
2404 2404 1.0
2413 2422 1.0
2429 2429 1.0
2431 2431 1.0
2434 2434 1.0
2436 2437 1.0
2439 2440 1.0
2443 2443 1.0
2455 2462 1.0
2470 2470 1.0
2473 2480 1.0
2484 2484 1.0
2489 2491 1.0
2493 2493 1.0
2497 2499 1.0
2502 2503 1.0
2505 2507 1.0
2520 2520 1.0
2522 2530 1.0
2543 2543 1.0
2545 2551 1.0
2555 2555 1.0
2563 2565 1.0
2567 2567 1.0
2569 2569 1.0
2571 2572 1.0
2579 2590 1.0
2607 2618 1.0
2622 2622 1.0
2634 2634 1.0
2638 2639 1.0
2642 2642 1.0
2656 2656 1.0
2658 2666 1.0
2668 2668 1.0
2670 2671 1.0
2689 2700 1.0
2715 2715 1.0
2720 2720 1.0
2725 2726 1.0
2729 2730 1.0
2732 2735 1.0
2739 2739 1.0
2753 2753 1.0
2759 2759 1.0
2761 2763 1.0
2766 2766 1.0
2769 2770 1.0
2772 2772 1.0
2775 2777 1.0
2789 2799 1.0
2812 2822 1.0
2825 2825 1.0
2838 2848 1.0
2862 2863 1.0
2867 2876 1.0
2888 2889 1.0
2891 2899 1.0
2901 2901 1.0
2906 2906 1.0
2911 2911 1.0
2913 2916 1.0
2918 2921 1.0
2935 2944 1.0
2956 2963 1.0
2973 2973 1.0
2976 2976 1.0
2979 2979 1.0
2991 2992 1.0
2996 2999 1.0
3003 3006 1.0
3011 3013 1.0
3026 3031 1.0
3033 3034 1.0
3036 3036 1.0
3050 3054 1.0
3057 3060 1.0
3067 3067 1.0
3069 3069 1.0
3077 3079 1.0
3081 3081 1.0
3083 3083 1.0
3085 3085 1.0
3087 3087 1.0
3096 3097 1.0
3099 3099 1.0
3102 3102 1.0
3105 3105 1.0
3109 3109 1.0
3111 3111 1.0
3114 3114 1.0
3126 3129 1.0
3133 3136 1.0
3139 3144 1.0
3146 3146 1.0
3148 3148 1.0
3152 3155 1.0
3161 3162 1.0
3179 3190 1.0
3212 3213 1.0
3215 3219 1.0
3221 3223 1.0
3226 3226 1.0
3239 3239 1.0
3241 3246 1.0
3250 3251 1.0
3258 3258 1.0
3264 3268 1.0
3270 3274 1.0
3286 3290 1.0
3292 3292 1.0
3301 3312 1.0
3324 3334 1.0
3346 3355 1.0
3368 3378 1.0
3389 3399 1.0
3412 3420 1.0
3422 3422 1.0
3427 3429 1.0
3432 3432 1.0
3441 3442 1.0
3444 3448 1.0
3451 3451 1.0
3460 3461 1.0
3463 3465 1.0
3470 3470 1.0
3475 3475 1.0
3477 3482 1.0
3484 3485 1.0
3487 3487 1.0
3501 3511 1.0
3526 3528 1.0
3531 3537 1.0
3540 3541 1.0
3543 3543 1.0
3545 3545 1.0
3547 3547 1.0
3549 3550 1.0
3557 3557 1.0
3559 3559 1.0
3563 3569 1.0
3571 3573 1.0
3577 3578 1.0
3580 3580 1.0
3599 3609 1.0
3611 3611 1.0
3613 3614 1.0
3616 3616 1.0
3621 3621 1.0
3626 3626 1.0
3628 3631 1.0
3633 3635 1.0
3638 3638 1.0
3647 3647 1.0
3650 3653 1.0
3655 3657 1.0
3659 3659 1.0
3665 3665 1.0
3667 3667 1.0
3671 3675 1.0
3677 3677 1.0
3681 3681 1.0
3687 3687 1.0
3689 3691 1.0
3693 3696 1.0
3699 3699 1.0
3705 3705 1.0
3709 3709 1.0
3711 3715 1.0
3722 3722 1.0
3727 3729 1.0
3737 3737 1.0
3741 3747 1.0
3749 3749 1.0
3752 3752 1.0
3755 3762 1.0
3764 3764 1.0
3779 3791 1.0
3805 3805 1.0
3807 3813 1.0
3817 3818 1.0
3821 3821 1.0
3824 3828 1.0
3843 3845 1.0
3847 3848 1.0
3859 3865 1.0
3867 3868 1.0
3872 3872 1.0
3874 3877 1.0
3879 3879 1.0
3892 3903 1.0
3907 3907 1.0
3909 3909 1.0
3911 3911 1.0
3916 3917 1.0
3921 3927 1.0
3929 3930 1.0
3945 3945 1.0
3947 3947 1.0
3950 3951 1.0
3953 3953 1.0
3955 3955 1.0
3957 3960 1.0
3962 3962 1.0
3972 3972 1.0
3975 3985 1.0
3989 3989 1.0
3993 3995 1.0
3997 3999 1.0
4013 4017 1.0
4019 4019 1.0
4021 4021 1.0
4035 4045 1.0
4049 4049 1.0
4057 4059 1.0
4061 4061 1.0
4064 4066 1.0
4074 4074 1.0
4077 4082 1.0
4095 4101 1.0
4103 4103 1.0
4116 4122 1.0
4124 4125 1.0
4134 4137 1.0
4139 4140 1.0
4142 4142 1.0
4154 4157 1.0
4159 4163 1.0
4168 4168 1.0
4182 4191 1.0
4204 4204 1.0
4206 4216 1.0
4228 4228 1.0
4233 4233 1.0
4240 4244 1.0
4247 4250 1.0
4253 4253 1.0
4257 4257 1.0
4272 4283 1.0
4288 4288 1.0
4295 4297 1.0
4300 4300 1.0
4310 4310 1.0
4314 4320 1.0
4322 4323 1.0
