24 34 1.0
51 51 1.0
53 63 1.0
77 87 1.0
89 89 1.0
102 102 1.0
106 109 1.0
111 111 1.0
123 123 1.0
125 131 1.0
133 133 1.0
135 135 1.0
142 144 1.0
147 148 1.0
151 151 1.0
156 157 1.0
161 161 1.0
163 167 1.0
169 171 1.0
186 187 1.0
189 189 1.0
191 191 1.0
199 199 1.0
202 212 1.0
215 215 1.0
218 218 1.0
235 245 1.0
259 260 1.0
262 262 1.0
264 270 1.0
274 277 1.0
285 285 1.0
287 295 1.0
308 319 1.0
331 331 1.0
336 336 1.0
341 341 1.0
343 346 1.0
348 352 1.0
366 366 1.0
369 379 1.0
401 413 1.0
421 421 1.0
435 439 1.0
442 442 1.0
444 444 1.0
451 452 1.0
454 454 1.0
456 460 1.0
475 475 1.0
477 482 1.0
484 484 1.0
487 487 1.0
489 489 1.0
491 491 1.0
498 498 1.0
501 501 1.0
503 508 1.0
511 511 1.0
523 523 1.0
530 533 1.0
535 536 1.0
539 539 1.0
548 549 1.0
551 558 1.0
561 561 1.0
575 586 1.0
602 602 1.0
610 612 1.0
614 614 1.0
616 629 1.0
648 663 1.0
665 665 1.0
675 675 1.0
677 677 1.0
679 687 1.0
689 691 1.0
707 717 1.0
724 724 1.0
729 729 1.0
731 733 1.0
736 736 1.0
748 750 1.0
752 753 1.0
755 755 1.0
758 758 1.0
762 762 1.0
765 765 1.0
768 768 1.0
771 771 1.0
774 778 1.0
780 781 1.0
793 795 1.0
802 803 1.0
807 808 1.0
810 812 1.0
814 815 1.0
822 822 1.0
824 824 1.0
830 830 1.0
834 834 1.0
836 836 1.0
838 840 1.0
843 844 1.0
846 846 1.0
848 848 1.0
850 850 1.0
852 853 1.0
856 856 1.0
860 860 1.0
866 866 1.0
869 876 1.0
890 900 1.0
916 931 1.0
946 956 1.0
970 971 1.0
973 980 1.0
983 983 1.0
993 993 1.0
995 1003 1.0
1011 1011 1.0
1015 1015 1.0
1017 1020 1.0
1023 1023 1.0
1033 1033 1.0
1035 1035 1.0
1038 1043 1.0
1047 1047 1.0
1056 1058 1.0
1061 1063 1.0
1066 1066 1.0
1075 1076 1.0
1078 1079 1.0
1088 1088 1.0
1092 1102 1.0
1107 1109 1.0
1124 1124 1.0
1126 1134 1.0
1137 1137 1.0
1145 1145 1.0
1149 1155 1.0
1157 1157 1.0
1159 1159 1.0
1165 1165 1.0
1167 1167 1.0
1169 1169 1.0
1175 1175 1.0
1179 1179 1.0
1182 1185 1.0
1188 1190 1.0
1192 1193 1.0
1195 1195 1.0
1198 1198 1.0
1208 1208 1.0
1214 1218 1.0
1220 1222 1.0
1224 1225 1.0
1227 1227 1.0
1234 1234 1.0
1239 1239 1.0
1244 1249 1.0
1251 1252 1.0
1254 1254 1.0
1261 1262 1.0
1265 1271 1.0
1283 1283 1.0
1285 1286 1.0
1288 1290 1.0
1299 1299 1.0
1301 1301 1.0
1303 1303 1.0
1305 1306 1.0
1308 1309 1.0
1315 1316 1.0
1325 1325 1.0
1329 1330 1.0
1332 1337 1.0
1339 1339 1.0
1346 1346 1.0
1349 1349 1.0
1355 1355 1.0
1358 1358 1.0
1362 1365 1.0
1367 1367 1.0
1370 1370 1.0
1385 1394 1.0
1406 1418 1.0
1420 1420 1.0
1434 1434 1.0
1437 1437 1.0
1446 1454 1.0
1467 1477 1.0
1489 1493 1.0
1495 1495 1.0
1511 1511 1.0
1513 1521 1.0
1523 1523 1.0
1532 1532 1.0
1535 1538 1.0
1540 1546 1.0
1549 1550 1.0
1558 1558 1.0
1567 1567 1.0
1570 1570 1.0
1574 1577 1.0
1580 1580 1.0
1582 1584 1.0
1587 1590 1.0
1592 1592 1.0
1597 1597 1.0
1602 1602 1.0
1604 1604 1.0
1607 1613 1.0
1616 1616 1.0
1633 1643 1.0
1663 1665 1.0
1667 1667 1.0
1670 1673 1.0
1677 1677 1.0
1679 1680 1.0
1683 1687 1.0
1689 1689 1.0
1691 1692 1.0
1707 1713 1.0
1715 1718 1.0
1720 1721 1.0
1723 1723 1.0
1725 1725 1.0
1728 1728 1.0
1740 1742 1.0
1746 1746 1.0
1748 1750 1.0
1754 1754 1.0
1756 1756 1.0
1758 1758 1.0
1760 1761 1.0
1763 1763 1.0
1766 1766 1.0
1775 1775 1.0
1779 1783 1.0
1787 1787 1.0
1796 1796 1.0
1810 1817 1.0
1822 1822 1.0
1827 1827 1.0
1829 1831 1.0
1834 1835 1.0
1837 1837 1.0
1842 1844 1.0
1847 1847 1.0
1849 1849 1.0
1861 1861 1.0
1869 1869 1.0
1871 1871 1.0
1873 1875 1.0
1879 1879 1.0
1883 1889 1.0
1891 1893 1.0
1899 1899 1.0
1903 1903 1.0
1912 1912 1.0
1915 1926 1.0
1940 1940 1.0
1943 1948 1.0
1950 1950 1.0
1953 1953 1.0
1959 1959 1.0
1967 1967 1.0
1974 1974 1.0
1977 1977 1.0
1983 1984 1.0
1986 1987 1.0
1991 1993 1.0
1996 1996 1.0
1999 2001 1.0
2006 2006 1.0
2013 2021 1.0
2034 2034 1.0
2037 2045 1.0
2047 2047 1.0
2049 2050 1.0
2057 2057 1.0
2059 2059 1.0
2062 2062 1.0
2076 2076 1.0
2078 2087 1.0
2094 2094 1.0
2096 2097 1.0
2099 2100 1.0
2112 2112 1.0
2115 2121 1.0
2124 2125 1.0
2133 2133 1.0
2136 2143 1.0
2145 2146 1.0
2156 2156 1.0
2158 2158 1.0
2160 2161 1.0
2164 2164 1.0
2168 2169 1.0
2171 2171 1.0
2173 2174 1.0
2176 2176 1.0
2181 2181 1.0
2188 2189 1.0
2193 2194 1.0
2196 2198 1.0
2200 2200 1.0
2202 2203 1.0
2206 2206 1.0
2209 2210 1.0
2219 2219 1.0
2222 2223 1.0
2225 2225 1.0
2227 2229 1.0
2231 2231 1.0
2233 2233 1.0
2237 2237 1.0
2246 2246 1.0
2249 2252 1.0
2255 2256 1.0
2987 2987 1.0
3333 3333 1.0
