43 44 1.0
49 59 1.0
68 69 1.0
71 74 1.0
77 78 1.0
83 83 1.0
93 93 1.0
95 98 1.0
100 100 1.0
103 103 1.0
115 115 1.0
124 125 1.0
127 130 1.0
132 132 1.0
144 147 1.0
149 154 1.0
157 157 1.0
159 159 1.0
172 173 1.0
178 182 1.0
185 186 1.0
188 188 1.0
201 202 1.0
204 204 1.0
207 207 1.0
209 209 1.0
213 213 1.0
221 221 1.0
225 230 1.0
232 232 1.0
234 235 1.0
250 250 1.0
252 254 1.0
260 270 1.0
285 296 1.0
312 312 1.0
320 321 1.0
323 331 1.0
333 333 1.0
336 336 1.0
350 360 1.0
372 373 1.0
377 387 1.0
399 399 1.0
401 402 1.0
406 406 1.0
419 427 1.0
429 429 1.0
431 435 1.0
437 437 1.0
439 439 1.0
441 441 1.0
453 460 1.0
473 480 1.0
482 483 1.0
497 500 1.0
502 502 1.0
506 508 1.0
510 510 1.0
512 512 1.0
528 538 1.0
550 550 1.0
562 572 1.0
584 591 1.0
594 594 1.0
600 600 1.0
603 603 1.0
608 612 1.0
614 615 1.0
627 635 1.0
647 656 1.0
663 663 1.0
665 671 1.0
684 685 1.0
687 687 1.0
691 698 1.0
700 701 1.0
710 710 1.0
728 728 1.0
730 732 1.0
736 736 1.0
738 738 1.0
743 744 1.0
746 746 1.0
752 752 1.0
756 756 1.0
758 766 1.0
768 768 1.0
783 790 1.0
792 793 1.0
807 817 1.0
820 820 1.0
825 825 1.0
832 833 1.0
837 837 1.0
839 841 1.0
843 843 1.0
849 850 1.0
857 857 1.0
862 870 1.0
872 872 1.0
876 877 1.0
882 882 1.0
889 889 1.0
892 892 1.0
895 895 1.0
901 902 1.0
913 918 1.0
920 920 1.0
923 923 1.0
927 927 1.0
932 932 1.0
935 935 1.0
939 942 1.0
944 947 1.0
964 973 1.0
982 985 1.0
998 1004 1.0
1008 1008 1.0
1017 1018 1.0
1021 1027 1.0
1030 1030 1.0
1035 1035 1.0
1043 1045 1.0
1047 1054 1.0
1057 1057 1.0
1069 1069 1.0
1071 1076 1.0
1078 1078 1.0
1087 1088 1.0
1091 1101 1.0
1106 1107 1.0
1121 1122 1.0
1125 1125 1.0
1128 1131 1.0
1133 1134 1.0
1137 1137 1.0
1149 1158 1.0
1175 1175 1.0
1178 1178 1.0
1181 1184 1.0
1187 1187 1.0
1197 1197 1.0
1204 1205 1.0
1207 1207 1.0
1210 1212 1.0
1219 1219 1.0
1223 1225 1.0
1228 1229 1.0
1236 1238 1.0
1241 1246 1.0
1264 1264 1.0
1267 1267 1.0
1270 1270 1.0
1272 1272 1.0
1274 1274 1.0
1276 1276 1.0
1279 1279 1.0
1282 1282 1.0
1291 1292 1.0
1294 1299 1.0
1304 1304 1.0
1311 1314 1.0
1316 1316 1.0
1318 1318 1.0
1328 1328 1.0
1332 1335 1.0
1337 1337 1.0
1353 1363 1.0
1389 1400 1.0
1409 1411 1.0
1414 1414 1.0
1417 1417 1.0
1430 1442 1.0
1463 1465 1.0
1467 1470 1.0
1473 1473 1.0
1477 1479 1.0
1481 1486 1.0
1498 1511 1.0
1525 1525 1.0
1527 1535 1.0
1548 1550 1.0
1553 1554 1.0
1556 1556 1.0
1559 1566 1.0
1568 1569 1.0
1571 1571 1.0
1586 1593 1.0
1595 1596 1.0
1599 1599 1.0
1608 1608 1.0
1617 1617 1.0
1621 1621 1.0
1624 1624 1.0
1626 1626 1.0
1630 1630 1.0
1635 1636 1.0
1638 1643 1.0
1645 1645 1.0
1659 1659 1.0
1663 1664 1.0
1666 1666 1.0
1668 1669 1.0
1671 1671 1.0
1673 1673 1.0
1681 1681 1.0
1688 1691 1.0
1694 1696 1.0
1704 1704 1.0
1708 1712 1.0
1714 1714 1.0
1717 1717 1.0
1730 1731 1.0
1736 1740 1.0
1743 1747 1.0
1759 1760 1.0
1762 1763 1.0
1775 1775 1.0
1777 1780 1.0
1782 1782 1.0
1784 1784 1.0
1787 1787 1.0
1792 1792 1.0
1796 1796 1.0
1801 1801 1.0
1811 1811 1.0
1813 1814 1.0
1817 1817 1.0
1819 1821 1.0
1823 1824 1.0
1826 1826 1.0
1828 1831 1.0
1833 1833 1.0
1835 1836 1.0
1848 1848 1.0
1856 1857 1.0
1869 1879 1.0
1882 1882 1.0
1896 1896 1.0
1898 1905 1.0
1908 1908 1.0
1911 1911 1.0
1913 1913 1.0
1927 1937 1.0
1939 1939 1.0
1949 1949 1.0
1955 1955 1.0
1963 1963 1.0
1965 1965 1.0
1968 1970 1.0
1972 1972 1.0
1975 1978 1.0
1982 1982 1.0
1984 1984 1.0
1996 1996 1.0
1998 1998 1.0
2000 2008 1.0
2010 2010 1.0
2025 2026 1.0
2028 2034 1.0
2039 2039 1.0
2051 2051 1.0
2054 2054 1.0
2056 2057 1.0
2059 2059 1.0
2061 2064 1.0
2066 2066 1.0
2071 2071 1.0
2083 2084 1.0
2086 2088 1.0
2092 2092 1.0
2096 2096 1.0
2101 2101 1.0
2103 2104 1.0
2106 2106 1.0
2108 2109 1.0
2116 2116 1.0
2121 2125 1.0
2129 2134 1.0
2144 2144 1.0
2152 2152 1.0
2156 2165 1.0
2169 2169 1.0
2181 2182 1.0
2191 2195 1.0
2208 2208 1.0
2210 2210 1.0
2216 2216 1.0
2218 2218 1.0
2220 2221 1.0
2223 2223 1.0
2225 2226 1.0
2230 2230 1.0
2238 2238 1.0
2240 2240 1.0
2244 2244 1.0
2246 2246 1.0
2250 2250 1.0
2254 2254 1.0
2259 2259 1.0
2263 2263 1.0
2268 2268 1.0
2272 2272 1.0
2274 2278 1.0
2280 2280 1.0
2282 2283 1.0
2292 2292 1.0
2296 2296 1.0
2306 2313 1.0
2315 2316 1.0
2322 2322 1.0
2325 2325 1.0
2327 2327 1.0
2329 2330 1.0
2332 2332 1.0
2342 2342 1.0
2347 2349 1.0
2356 2356 1.0
2361 2367 1.0
2369 2369 1.0
2371 2371 1.0
2373 2373 1.0
2381 2381 1.0
2388 2389 1.0
2394 2405 1.0
2424 2424 1.0
2426 2427 1.0
2429 2429 1.0
2431 2431 1.0
2433 2433 1.0
2443 2448 1.0
2450 2451 1.0
2453 2453 1.0
2458 2459 1.0
2462 2463 1.0
2465 2468 1.0
2471 2471 1.0
2485 2495 1.0
2522 2533 1.0
2536 2536 1.0
2541 2541 1.0
2555 2565 1.0
2578 2586 1.0
2588 2588 1.0
2600 2610 1.0
2627 2637 1.0
2640 2641 1.0
2653 2653 1.0
2659 2659 1.0
2665 2669 1.0
2672 2672 1.0
2680 2687 1.0
2689 2689 1.0
2695 2696 1.0
2698 2704 1.0
2707 2708 1.0
2722 2731 1.0
2745 2745 1.0
2751 2751 1.0
2759 2761 1.0
2763 2766 1.0
2768 2769 1.0
2786 2786 1.0
2799 2809 1.0
2815 2815 1.0
2820 2820 1.0
2822 2825 1.0
2837 2837 1.0
2840 2841 1.0
2844 2847 1.0
2863 2869 1.0
2871 2871 1.0
2875 2875 1.0
2878 2878 1.0
2880 2881 1.0
2883 2883 1.0
2885 2886 1.0
2888 2888 1.0
2905 2905 1.0
2913 2913 1.0
2915 2915 1.0
2917 2917 1.0
2919 2919 1.0
2922 2922 1.0
2925 2925 1.0
2930 2932 1.0
2934 2936 1.0
2938 2939 1.0
2948 2948 1.0
2951 2952 1.0
2954 2961 1.0
2977 2985 1.0
2987 2987 1.0
3000 3010 1.0
3022 3023 1.0
3026 3026 1.0
3039 3039 1.0
3041 3041 1.0
3043 3043 1.0
3045 3053 1.0
3055 3056 1.0
3078 3086 1.0
3096 3106 1.0
3118 3123 1.0
3125 3127 1.0
3135 3135 1.0
3139 3149 1.0
3151 3151 1.0
3153 3153 1.0
3165 3165 1.0
3169 3169 1.0
3172 3174 1.0
3179 3179 1.0
3182 3182 1.0
3188 3189 1.0
3191 3191 1.0
3202 3207 1.0
3209 3209 1.0
3212 3212 1.0
3216 3217 1.0
3219 3219 1.0
3224 3224 1.0
3231 3232 1.0
3240 3241 1.0
3246 3246 1.0
3248 3248 1.0
3250 3250 1.0
3252 3253 1.0
3255 3258 1.0
3260 3260 1.0
3273 3278 1.0
3280 3282 1.0
3287 3287 1.0
3290 3290 1.0
3294 3294 1.0
3297 3297 1.0
3299 3300 1.0
3314 3314 1.0
3317 3317 1.0
3320 3321 1.0
3324 3324 1.0
3329 3330 1.0
3336 3338 1.0
3342 3342 1.0
3344 3347 1.0
3349 3349 1.0
3351 3351 1.0
3356 3356 1.0
3364 3364 1.0
3368 3369 1.0
3371 3372 1.0
3374 3375 1.0
3377 3377 1.0
3381 3382 1.0
3384 3385 1.0
3388 3391 1.0
3405 3405 1.0
3417 3427 1.0
3430 3430 1.0
3433 3433 1.0
3440 3447 1.0
3449 3450 1.0
3465 3475 1.0
3490 3490 1.0
3494 3500 1.0
3502 3504 1.0
3510 3510 1.0
3512 3512 1.0
3517 3517 1.0
3525 3525 1.0
3530 3530 1.0
3532 3532 1.0
3535 3535 1.0
3538 3540 1.0
3542 3542 1.0
3544 3544 1.0
3546 3548 1.0
3550 3550 1.0
3552 3554 1.0
3556 3556 1.0
3566 3566 1.0
3570 3576 1.0
3589 3602 1.0
3617 3617 1.0
3623 3624 1.0
3629 3629 1.0
3633 3634 1.0
3636 3638 1.0
3641 3644 1.0
3649 3651 1.0
3656 3656 1.0
3663 3666 1.0
3669 3670 1.0
3672 3672 1.0
3685 3695 1.0
3707 3707 1.0
3713 3713 1.0
3716 3717 1.0
3721 3721 1.0
3725 3726 1.0
3729 3730 1.0
3734 3734 1.0
3738 3738 1.0
3742 3744 1.0
3746 3747 1.0
3749 3749 1.0
3756 3756 1.0
3759 3759 1.0
3761 3763 1.0
3765 3766 1.0
3777 3786 1.0
3802 3802 1.0
3806 3806 1.0
3815 3816 1.0
3820 3820 1.0
3823 3826 1.0
3828 3834 1.0
3849 3859 1.0
3875 3875 1.0
3877 3879 1.0
3884 3885 1.0
3887 3887 1.0
3890 3891 1.0
3894 3894 1.0
3897 3897 1.0
3904 3904 1.0
3914 3914 1.0
3926 3936 1.0
3947 3947 1.0
3949 3950 1.0
3952 3956 1.0
3959 3959 1.0
3962 3962 1.0
3975 3987 1.0
4006 4016 1.0
4020 4020 1.0
4022 4023 1.0
4025 4025 1.0
4038 4048 1.0
4073 4073 1.0
4077 4077 1.0
4083 4083 1.0
4086 4087 1.0
4092 4093 1.0
4095 4099 1.0
4101 4102 1.0
4105 4105 1.0
4111 4111 1.0
4115 4115 1.0
4117 4121 1.0
4124 4124 1.0
4126 4127 1.0
4134 4134 1.0
4136 4136 1.0
4142 4144 1.0
4146 4146 1.0
4148 4150 1.0
4152 4152 1.0
4158 4158 1.0
4166 4166 1.0
4168 4170 1.0
4174 4175 1.0
4177 4178 1.0
4180 4180 1.0
4182 4185 1.0
4190 4190 1.0
4197 4198 1.0
4200 4200 1.0
4202 4202 1.0
4204 4204 1.0
4207 4207 1.0
4217 4217 1.0
4219 4227 1.0
4233 4233 1.0
4240 4240 1.0
4246 4246 1.0
4253 4254 1.0
4261 4261 1.0
4263 4271 1.0
4277 4277 1.0
4281 4287 1.0
4289 4291 1.0
4314 4323 1.0
