39 48 1.0
59 65 1.0
67 67 1.0
82 82 1.0
85 85 1.0
107 108 1.0
110 117 1.0
145 149 1.0
166 166 1.0
168 172 1.0
175 175 1.0
182 183 1.0
185 187 1.0
203 203 1.0
205 205 1.0
226 229 1.0
232 233 1.0
251 251 1.0
254 257 1.0
260 260 1.0
270 270 1.0
273 273 1.0
275 275 1.0
287 287 1.0
290 291 1.0
295 295 1.0
313 313 1.0
317 317 1.0
329 329 1.0
331 333 1.0
335 336 1.0
350 351 1.0
354 354 1.0
357 357 1.0
372 376 1.0
378 382 1.0
400 401 1.0
404 404 1.0
417 418 1.0
420 422 1.0
440 446 1.0
448 448 1.0
460 460 1.0
462 462 1.0
472 472 1.0
474 475 1.0
479 479 1.0
482 482 1.0
484 484 1.0
489 489 1.0
498 498 1.0
503 503 1.0
505 508 1.0
520 520 1.0
529 529 1.0
536 546 1.0
561 571 1.0
582 582 1.0
596 596 1.0
600 600 1.0
602 604 1.0
606 606 1.0
613 613 1.0
618 618 1.0
630 639 1.0
656 656 1.0
670 670 1.0
674 674 1.0
676 676 1.0
695 700 1.0
702 703 1.0
717 725 1.0
741 741 1.0
743 748 1.0
750 751 1.0
753 753 1.0
766 776 1.0
793 794 1.0
800 802 1.0
820 821 1.0
825 828 1.0
830 838 1.0
853 864 1.0
876 877 1.0
891 891 1.0
893 893 1.0
895 901 1.0
903 903 1.0
921 932 1.0
938 939 1.0
951 954 1.0
961 961 1.0
966 970 1.0
981 987 1.0
989 989 1.0
1007 1011 1.0
1013 1016 1.0
1023 1023 1.0
1038 1050 1.0
1054 1058 1.0
1080 1083 1.0
1097 1100 1.0
1103 1104 1.0
1107 1107 1.0
1119 1119 1.0
1127 1127 1.0
1131 1131 1.0
1134 1134 1.0
1141 1141 1.0
1144 1144 1.0
1146 1146 1.0
1151 1151 1.0
1158 1161 1.0
1168 1168 1.0
1174 1175 1.0
1190 1194 1.0
1196 1198 1.0
1206 1206 1.0
1212 1215 1.0
1231 1231 1.0
1235 1239 1.0
1243 1246 1.0
1252 1252 1.0
1257 1263 1.0
1281 1281 1.0
1283 1283 1.0
1287 1288 1.0
1291 1291 1.0
1300 1301 1.0
1327 1327 1.0
1329 1329 1.0
1331 1332 1.0
1340 1341 1.0
1344 1346 1.0
1354 1354 1.0
1362 1362 1.0
1374 1376 1.0
1384 1385 1.0
1388 1393 1.0
1415 1415 1.0
1419 1420 1.0
1422 1422 1.0
1424 1425 1.0
1427 1429 1.0
1446 1446 1.0
1454 1454 1.0
1458 1458 1.0
1461 1461 1.0
1464 1464 1.0
1467 1468 1.0
1480 1480 1.0
1484 1484 1.0
1486 1486 1.0
1496 1496 1.0
1500 1502 1.0
1508 1508 1.0
1514 1515 1.0
1520 1524 1.0
1526 1528 1.0
1530 1530 1.0
1548 1553 1.0
1556 1563 1.0
1577 1588 1.0
1600 1601 1.0
1606 1608 1.0
1618 1618 1.0
1620 1627 1.0
1639 1639 1.0
1641 1654 1.0
1677 1677 1.0
1685 1687 1.0
1689 1696 1.0
1709 1712 1.0
1714 1714 1.0
1716 1717 1.0
1739 1739 1.0
1741 1741 1.0
1743 1749 1.0
1760 1760 1.0
1765 1765 1.0
1767 1769 1.0
1772 1772 1.0
1787 1787 1.0
1792 1792 1.0
1794 1794 1.0
1802 1802 1.0
1814 1820 1.0
1824 1824 1.0
1836 1843 1.0
1856 1856 1.0
1858 1863 1.0
1865 1865 1.0
1884 1888 1.0
1890 1890 1.0
1898 1898 1.0
1906 1906 1.0
1912 1913 1.0
1915 1915 1.0
1932 1932 1.0
1934 1935 1.0
1937 1937 1.0
1939 1940 1.0
1960 1960 1.0
1962 1964 1.0
1977 1985 1.0
2007 2009 1.0
2011 2011 1.0
2013 2013 1.0
2015 2015 1.0
2028 2028 1.0
2052 2052 1.0
2064 2067 1.0
2069 2069 1.0
2071 2071 1.0
2085 2095 1.0
2113 2113 1.0
2115 2119 1.0
2121 2121 1.0
2137 2137 1.0
2139 2139 1.0
2141 2144 1.0
2179 2184 1.0
2196 2196 1.0
2198 2198 1.0
2200 2201 1.0
2213 2218 1.0
2230 2240 1.0
2255 2267 1.0
2271 2274 1.0
2288 2299 1.0
2306 2307 1.0
2312 2316 1.0
2319 2320 1.0
2344 2354 1.0
2367 2380 1.0
2389 2389 1.0
2406 2412 1.0
2431 2441 1.0
2454 2455 1.0
2457 2469 1.0
2481 2487 1.0
2489 2489 1.0
2499 2499 1.0
2501 2504 1.0
2506 2508 1.0
2520 2520 1.0
2523 2526 1.0
2528 2529 1.0
2533 2533 1.0
2545 2553 1.0
2567 2567 1.0
2572 2574 1.0
2586 2586 1.0
2589 2589 1.0
2607 2608 1.0
2613 2613 1.0
2620 2620 1.0
2623 2623 1.0
2638 2638 1.0
2641 2642 1.0
2648 2648 1.0
2650 2651 1.0
2663 2664 1.0
2666 2671 1.0
2673 2674 1.0
2695 2695 1.0
2698 2698 1.0
2700 2705 1.0
2707 2707 1.0
2717 2717 1.0
2719 2719 1.0
2729 2729 1.0
2731 2731 1.0
2733 2736 1.0
2743 2743 1.0
2760 2760 1.0
2764 2764 1.0
2772 2772 1.0
2782 2782 1.0
2784 2788 1.0
2804 2812 1.0
2814 2814 1.0
2827 2827 1.0
2832 2832 1.0
2834 2835 1.0
2837 2837 1.0
2841 2841 1.0
2847 2847 1.0
2850 2851 1.0
2855 2855 1.0
2857 2857 1.0
2860 2860 1.0
2863 2863 1.0
2875 2875 1.0
2877 2877 1.0
2879 2880 1.0
2883 2883 1.0
2895 2899 1.0
2909 2912 1.0
2914 2914 1.0
2931 2931 1.0
2934 2938 1.0
2944 2944 1.0
2950 2950 1.0
2971 2971 1.0
2979 2979 1.0
2992 2992 1.0
2999 3000 1.0
3002 3002 1.0
3004 3009 1.0
3023 3033 1.0
3056 3056 1.0
3059 3059 1.0
3072 3072 1.0
3076 3076 1.0
3078 3078 1.0
3093 3093 1.0
3098 3098 1.0
3102 3102 1.0
3115 3117 1.0
3119 3120 1.0
3122 3122 1.0
3124 3126 1.0
3132 3132 1.0
3145 3145 1.0
3147 3162 1.0
3185 3197 1.0
3372 3372 1.0
