25 25 1.0
29 30 1.0
34 34 1.0
48 49 1.0
65 65 1.0
67 72 1.0
92 92 1.0
94 94 1.0
99 99 1.0
101 101 1.0
104 104 1.0
108 109 1.0
113 113 1.0
116 117 1.0
134 134 1.0
136 136 1.0
138 138 1.0
142 144 1.0
146 146 1.0
150 152 1.0
156 157 1.0
161 161 1.0
183 195 1.0
210 210 1.0
212 212 1.0
214 214 1.0
220 227 1.0
241 251 1.0
263 266 1.0
268 270 1.0
272 278 1.0
297 297 1.0
302 312 1.0
325 336 1.0
338 345 1.0
361 371 1.0
388 388 1.0
394 394 1.0
400 400 1.0
402 403 1.0
412 412 1.0
426 436 1.0
448 453 1.0
466 471 1.0
474 474 1.0
486 486 1.0
490 490 1.0
493 493 1.0
495 495 1.0
498 500 1.0
513 522 1.0
527 530 1.0
548 560 1.0
580 589 1.0
596 596 1.0
598 598 1.0
601 602 1.0
616 620 1.0
622 623 1.0
639 639 1.0
642 642 1.0
645 645 1.0
647 647 1.0
651 651 1.0
654 655 1.0
661 661 1.0
667 667 1.0
675 675 1.0
677 684 1.0
687 687 1.0
700 702 1.0
704 713 1.0
716 717 1.0
732 745 1.0
763 770 1.0
772 772 1.0
774 774 1.0
795 795 1.0
797 797 1.0
800 801 1.0
804 804 1.0
809 809 1.0
831 832 1.0
834 838 1.0
849 852 1.0
854 855 1.0
857 857 1.0
870 870 1.0
872 876 1.0
878 880 1.0
895 906 1.0
923 924 1.0
927 928 1.0
933 934 1.0
946 954 1.0
968 976 1.0
978 978 1.0
986 988 1.0
991 993 1.0
998 998 1.0
1012 1024 1.0
1026 1026 1.0
1368 1369 1.0
