43 49 1.0
58 60 1.0
73 84 1.0
86 86 1.0
110 110 1.0
112 118 1.0
122 122 1.0
132 132 1.0
141 141 1.0
153 161 1.0
178 178 1.0
180 182 1.0
187 187 1.0
197 197 1.0
206 206 1.0
209 209 1.0
216 216 1.0
218 218 1.0
226 226 1.0
230 230 1.0
232 236 1.0
253 263 1.0
277 285 1.0
309 316 1.0
328 330 1.0
332 333 1.0
345 345 1.0
347 347 1.0
349 352 1.0
364 364 1.0
379 379 1.0
384 384 1.0
392 399 1.0
401 401 1.0
411 411 1.0
415 421 1.0
423 424 1.0
432 433 1.0
436 436 1.0
463 468 1.0
471 471 1.0
473 473 1.0
480 480 1.0
483 483 1.0
486 487 1.0
501 501 1.0
509 509 1.0
518 518 1.0
523 523 1.0
555 556 1.0
573 573 1.0
581 582 1.0
585 585 1.0
587 587 1.0
597 597 1.0
604 604 1.0
612 612 1.0
617 617 1.0
619 619 1.0
638 643 1.0
655 658 1.0
661 661 1.0
669 670 1.0
673 673 1.0
676 676 1.0
682 682 1.0
695 696 1.0
700 700 1.0
713 713 1.0
722 722 1.0
727 727 1.0
741 741 1.0
747 747 1.0
749 749 1.0
751 751 1.0
753 753 1.0
769 769 1.0
771 777 1.0
791 800 1.0
817 817 1.0
831 841 1.0
857 866 1.0
892 892 1.0
913 913 1.0
919 924 1.0
926 926 1.0
929 929 1.0
943 943 1.0
945 946 1.0
949 949 1.0
951 952 1.0
965 965 1.0
969 969 1.0
981 987 1.0
997 1006 1.0
1018 1019 1.0
1022 1022 1.0
1041 1041 1.0
1043 1050 1.0
1064 1066 1.0
1070 1070 1.0
1072 1072 1.0
1086 1088 1.0
1099 1107 1.0
1119 1128 1.0
1143 1154 1.0
1166 1171 1.0
1192 1195 1.0
1197 1199 1.0
1213 1213 1.0
1216 1216 1.0
1233 1243 1.0
1245 1245 1.0
1247 1247 1.0
1257 1257 1.0
1259 1261 1.0
1274 1282 1.0
1295 1300 1.0
1302 1304 1.0
1312 1313 1.0
1325 1326 1.0
1328 1328 1.0
1332 1334 1.0
1353 1356 1.0
1358 1359 1.0
1376 1386 1.0
1405 1411 1.0
1427 1433 1.0
1435 1435 1.0
1449 1449 1.0
1452 1452 1.0
1457 1457 1.0
1462 1462 1.0
1464 1464 1.0
1484 1487 1.0
1489 1489 1.0
1499 1505 1.0
1520 1531 1.0
1545 1548 1.0
1559 1560 1.0
1562 1567 1.0
1569 1569 1.0
1585 1585 1.0
1588 1591 1.0
1594 1594 1.0
1597 1598 1.0
1603 1603 1.0
1617 1625 1.0
1627 1628 1.0
1634 1643 1.0
1654 1662 1.0
1673 1677 1.0
1679 1683 1.0
1701 1701 1.0
1703 1706 1.0
1713 1713 1.0
1715 1720 1.0
1730 1740 1.0
1755 1755 1.0
1757 1765 1.0
1777 1780 1.0
1792 1794 1.0
1801 1801 1.0
1815 1815 1.0
1817 1817 1.0
1829 1829 1.0
1831 1831 1.0
1833 1836 1.0
1872 1874 1.0
1876 1880 1.0
1894 1897 1.0
1912 1923 1.0
1927 1931 1.0
1935 1935 1.0
1947 1957 1.0
1966 1967 1.0
1970 1972 1.0
1988 1989 1.0
1991 1991 1.0
1993 1994 1.0
2008 2013 1.0
2038 2048 1.0
2058 2058 1.0
2060 2063 1.0
2074 2075 1.0
2077 2077 1.0
2081 2081 1.0
2083 2083 1.0
2089 2089 1.0
2101 2103 1.0
2117 2117 1.0
2120 2122 1.0
2124 2124 1.0
2130 2131 1.0
2136 2136 1.0
2163 2163 1.0
2171 2171 1.0
2175 2175 1.0
2208 2211 1.0
2218 2218 1.0
2221 2227 1.0
2241 2251 1.0
