38 40 1.0
42 47 1.0
62 72 1.0
84 89 1.0
91 93 1.0
99 109 1.0
127 127 1.0
130 132 1.0
134 136 1.0
144 145 1.0
148 160 1.0
163 163 1.0
175 178 1.0
180 180 1.0
183 184 1.0
201 213 1.0
215 216 1.0
218 219 1.0
228 228 1.0
240 250 1.0
265 265 1.0
268 271 1.0
273 273 1.0
275 275 1.0
278 278 1.0
280 280 1.0
283 288 1.0
290 290 1.0
304 316 1.0
330 330 1.0
332 332 1.0
336 338 1.0
344 345 1.0
353 353 1.0
357 363 1.0
365 366 1.0
371 371 1.0
375 380 1.0
383 383 1.0
392 392 1.0
396 399 1.0
401 402 1.0
411 411 1.0
413 420 1.0
432 432 1.0
437 437 1.0
439 441 1.0
444 446 1.0
464 471 1.0
473 474 1.0
480 480 1.0
489 489 1.0
494 500 1.0
503 503 1.0
509 509 1.0
511 514 1.0
516 518 1.0
521 521 1.0
538 540 1.0
542 545 1.0
557 564 1.0
577 577 1.0
581 584 1.0
591 591 1.0
595 598 1.0
611 621 1.0
632 632 1.0
634 642 1.0
644 644 1.0
658 659 1.0
661 661 1.0
663 663 1.0
671 671 1.0
673 673 1.0
676 676 1.0
680 681 1.0
683 683 1.0
686 686 1.0
690 690 1.0
693 693 1.0
695 695 1.0
705 705 1.0
707 715 1.0
721 721 1.0
728 728 1.0
730 730 1.0
736 746 1.0
758 758 1.0
761 761 1.0
766 766 1.0
768 768 1.0
770 771 1.0
774 776 1.0
778 781 1.0
784 784 1.0
788 788 1.0
803 809 1.0
811 811 1.0
826 837 1.0
850 854 1.0
856 858 1.0
869 869 1.0
871 871 1.0
873 876 1.0
879 879 1.0
881 881 1.0
883 883 1.0
885 886 1.0
890 890 1.0
892 895 1.0
898 899 1.0
907 908 1.0
910 917 1.0
933 943 1.0
954 954 1.0
960 962 1.0
964 964 1.0
966 966 1.0
974 974 1.0
976 982 1.0
986 986 1.0
993 997 1.0
1001 1001 1.0
1011 1011 1.0
1019 1019 1.0
1021 1021 1.0
1024 1031 1.0
1033 1033 1.0
1043 1053 1.0
1068 1068 1.0
1074 1074 1.0
1076 1076 1.0
1078 1078 1.0
1080 1081 1.0
1083 1083 1.0
1086 1088 1.0
1090 1090 1.0
1104 1120 1.0
1135 1145 1.0
1161 1161 1.0
1164 1165 1.0
1169 1169 1.0
1172 1172 1.0
1175 1175 1.0
1181 1182 1.0
1184 1185 1.0
1188 1188 1.0
1198 1198 1.0
1200 1206 1.0
1211 1212 1.0
1214 1219 1.0
1221 1221 1.0
1236 1248 1.0
1260 1260 1.0
1267 1267 1.0
1270 1274 1.0
1277 1277 1.0
1279 1279 1.0
1289 1289 1.0
1296 1296 1.0
1298 1307 1.0
1320 1324 1.0
1328 1330 1.0
1342 1342 1.0
1344 1352 1.0
1366 1366 1.0
1373 1373 1.0
1375 1376 1.0
1379 1381 1.0
1383 1383 1.0
1385 1385 1.0
1397 1398 1.0
1406 1407 1.0
1410 1416 1.0
1418 1419 1.0
1421 1421 1.0
1440 1440 1.0
1446 1446 1.0
1449 1450 1.0
1452 1456 1.0
1458 1458 1.0
1470 1470 1.0
1474 1474 1.0
1482 1483 1.0
1488 1489 1.0
1491 1492 1.0
1496 1501 1.0
1515 1517 1.0
1519 1526 1.0
1529 1530 1.0
1533 1533 1.0
1548 1558 1.0
1570 1571 1.0
1573 1576 1.0
1578 1579 1.0
1592 1592 1.0
1594 1596 1.0
1598 1602 1.0
1604 1604 1.0
1606 1606 1.0
1608 1608 1.0
1618 1618 1.0
1622 1628 1.0
1631 1631 1.0
1635 1635 1.0
1641 1644 1.0
1647 1648 1.0
1650 1650 1.0
1662 1662 1.0
1670 1671 1.0
1676 1679 1.0
1683 1689 1.0
1692 1692 1.0
1709 1709 1.0
1711 1719 1.0
1721 1721 1.0
1733 1734 1.0
1737 1738 1.0
1740 1740 1.0
1742 1742 1.0
1752 1752 1.0
1755 1755 1.0
1759 1760 1.0
1762 1762 1.0
1765 1765 1.0
1768 1769 1.0
1771 1771 1.0
1774 1775 1.0
1777 1778 1.0
1780 1780 1.0
1799 1809 1.0
1826 1828 1.0
1830 1830 1.0
1832 1833 1.0
1847 1850 1.0
1852 1852 1.0
1855 1859 1.0
1861 1861 1.0
1875 1878 1.0
1880 1880 1.0
1896 1906 1.0
1918 1921 1.0
1926 1926 1.0
1928 1928 1.0
1938 1938 1.0
1944 1944 1.0
1947 1948 1.0
1956 1956 1.0
1961 1961 1.0
1963 1965 1.0
1969 1969 1.0
1973 1973 1.0
1978 1978 1.0
1982 1983 1.0
1985 1988 1.0
1990 1990 1.0
1999 2000 1.0
2003 2003 1.0
