28 28 1.0
36 37 1.0
40 47 1.0
49 50 1.0
53 53 1.0
69 79 1.0
81 82 1.0
96 97 1.0
100 100 1.0
110 117 1.0
130 140 1.0
158 165 1.0
167 167 1.0
176 180 1.0
186 186 1.0
201 209 1.0
231 231 1.0
237 237 1.0
251 251 1.0
253 259 1.0
272 281 1.0
296 297 1.0
299 299 1.0
303 306 1.0
311 311 1.0
319 321 1.0
323 323 1.0
325 327 1.0
340 340 1.0
342 342 1.0
344 348 1.0
354 354 1.0
356 356 1.0
362 362 1.0
370 370 1.0
374 374 1.0
388 388 1.0
392 392 1.0
396 397 1.0
406 406 1.0
408 409 1.0
412 412 1.0
414 415 1.0
430 430 1.0
436 437 1.0
443 443 1.0
445 445 1.0
450 450 1.0
460 460 1.0
462 467 1.0
470 470 1.0
479 479 1.0
484 484 1.0
492 493 1.0
500 500 1.0
504 504 1.0
507 510 1.0
513 513 1.0
526 526 1.0
528 528 1.0
530 531 1.0
533 534 1.0
542 543 1.0
545 549 1.0
562 571 1.0
574 574 1.0
582 583 1.0
606 610 1.0
622 627 1.0
657 657 1.0
660 667 1.0
669 670 1.0
682 684 1.0
696 704 1.0
723 729 1.0
746 749 1.0
753 754 1.0
756 756 1.0
775 775 1.0
777 780 1.0
783 784 1.0
800 805 1.0
816 822 1.0
824 824 1.0
826 826 1.0
834 834 1.0
836 838 1.0
850 858 1.0
860 860 1.0
870 870 1.0
882 882 1.0
884 885 1.0
889 891 1.0
898 899 1.0
904 908 1.0
915 916 1.0
919 921 1.0
923 925 1.0
943 946 1.0
948 948 1.0
950 950 1.0
962 962 1.0
964 964 1.0
969 969 1.0
974 974 1.0
986 987 1.0
993 993 1.0
1000 1000 1.0
1003 1003 1.0
1005 1008 1.0
1010 1010 1.0
1023 1033 1.0
1049 1049 1.0
1052 1053 1.0
1055 1055 1.0
1061 1062 1.0
1065 1071 1.0
1083 1083 1.0
1086 1088 1.0
1100 1102 1.0
1105 1105 1.0
1118 1128 1.0
1130 1130 1.0
1136 1136 1.0
1149 1150 1.0
1152 1153 1.0
1170 1172 1.0
1174 1180 1.0
1182 1182 1.0
1196 1206 1.0
1208 1208 1.0
1223 1234 1.0
1236 1239 1.0
1242 1242 1.0
1255 1255 1.0
1257 1258 1.0
1260 1260 1.0
1262 1265 1.0
1267 1267 1.0
1270 1270 1.0
1279 1279 1.0
1282 1287 1.0
1297 1304 1.0
1315 1323 1.0
1335 1335 1.0
1341 1341 1.0
1344 1344 1.0
1354 1354 1.0
1357 1359 1.0
1361 1362 1.0
1364 1364 1.0
1374 1374 1.0
1376 1376 1.0
1378 1380 1.0
1399 1400 1.0
1403 1407 1.0
1419 1419 1.0
1421 1421 1.0
1425 1425 1.0
1435 1435 1.0
1439 1442 1.0
1444 1444 1.0
1456 1456 1.0
1462 1463 1.0
1471 1471 1.0
1475 1475 1.0
1477 1477 1.0
1479 1479 1.0
1496 1508 1.0
1523 1524 1.0
1526 1530 1.0
1536 1536 1.0
1545 1545 1.0
1548 1554 1.0
1557 1558 1.0
1577 1577 1.0
1579 1580 1.0
1590 1590 1.0
1594 1594 1.0
1596 1600 1.0
1602 1602 1.0
1606 1606 1.0
1614 1614 1.0
1618 1618 1.0
1622 1622 1.0
1630 1630 1.0
1635 1635 1.0
1637 1640 1.0
1642 1644 1.0
1647 1647 1.0
1659 1659 1.0
1661 1668 1.0
1678 1684 1.0
1696 1699 1.0
1708 1708 1.0
1717 1717 1.0
1722 1732 1.0
1752 1763 1.0
1765 1765 1.0
1767 1768 1.0
1783 1784 1.0
1786 1790 1.0
1798 1799 1.0
1801 1805 1.0
1807 1807 1.0
1820 1820 1.0
1822 1822 1.0
1824 1824 1.0
1827 1829 1.0
1841 1841 1.0
1844 1851 1.0
1853 1853 1.0
1866 1870 1.0
1872 1873 1.0
1876 1876 1.0
1879 1879 1.0
1882 1882 1.0
1885 1885 1.0
1897 1898 1.0
1907 1907 1.0
1912 1916 1.0
1920 1921 1.0
1928 1928 1.0
1930 1930 1.0
1933 1934 1.0
1936 1937 1.0
1956 1956 1.0
1959 1965 1.0
1968 1968 1.0
1980 1980 1.0
1988 1990 1.0
1992 1992 1.0
1996 1997 1.0
2005 2005 1.0
2013 2015 1.0
2017 2017 1.0
2022 2023 1.0
2028 2029 1.0
2031 2032 1.0
2035 2035 1.0
2049 2049 1.0
2056 2056 1.0
2059 2059 1.0
2066 2066 1.0
2069 2069 1.0
2072 2074 1.0
2076 2076 1.0
2079 2079 1.0
2081 2082 1.0
2086 2086 1.0
2094 2100 1.0
2112 2114 1.0
2119 2122 1.0
2126 2126 1.0
2143 2145 1.0
2148 2149 1.0
2152 2153 1.0
2171 2173 1.0
2175 2176 1.0
2179 2179 1.0
2189 2189 1.0
2191 2191 1.0
2193 2193 1.0
2196 2196 1.0
2199 2199 1.0
2201 2201 1.0
2205 2206 1.0
2213 2213 1.0
2215 2215 1.0
2218 2218 1.0
2220 2221 1.0
2234 2234 1.0
2236 2240 1.0
2242 2242 1.0
2248 2248 1.0
2250 2250 1.0
2254 2254 1.0
2263 2263 1.0
2271 2271 1.0
2277 2281 1.0
2283 2287 1.0
2291 2291 1.0
2295 2295 1.0
2304 2305 1.0
2313 2313 1.0
2319 2319 1.0
2321 2321 1.0
2325 2326 1.0
2334 2334 1.0
2338 2339 1.0
2343 2343 1.0
2346 2346 1.0
2350 2350 1.0
2364 2365 1.0
2369 2369 1.0
2374 2374 1.0
2377 2377 1.0
2392 2392 1.0
2396 2396 1.0
2399 2399 1.0
2402 2402 1.0
2409 2412 1.0
2414 2416 1.0
2418 2419 1.0
2428 2428 1.0
2431 2431 1.0
2433 2436 1.0
2441 2441 1.0
2455 2455 1.0
2457 2460 1.0
2472 2481 1.0
2497 2497 1.0
2499 2499 1.0
2501 2501 1.0
2505 2506 1.0
2511 2511 1.0
2518 2521 1.0
2523 2523 1.0
2525 2527 1.0
2539 2539 1.0
2541 2543 1.0
2545 2545 1.0
2547 2547 1.0
2561 2561 1.0
2563 2563 1.0
2565 2566 1.0
2581 2581 1.0
2583 2591 1.0
2593 2593 1.0
2599 2599 1.0
2611 2611 1.0
2618 2621 1.0
2623 2623 1.0
2636 2637 1.0
2641 2641 1.0
2643 2643 1.0
2645 2645 1.0
2651 2651 1.0
2653 2653 1.0
2655 2655 1.0
2657 2661 1.0
2672 2677 1.0
2679 2679 1.0
2681 2681 1.0
2699 2699 1.0
2704 2704 1.0
2716 2716 1.0
2718 2720 1.0
2722 2726 1.0
2728 2728 1.0
2732 2732 1.0
2740 2741 1.0
2744 2744 1.0
2754 2754 1.0
2759 2759 1.0
2772 2772 1.0
2774 2778 1.0
2781 2781 1.0
2787 2787 1.0
2794 2794 1.0
2796 2796 1.0
2799 2800 1.0
2802 2804 1.0
2808 2808 1.0
2818 2821 1.0
2823 2824 1.0
2827 2827 1.0
2841 2842 1.0
2844 2845 1.0
2855 2865 1.0
2877 2887 1.0
2904 2904 1.0
2909 2909 1.0
2913 2914 1.0
2926 2927 1.0
2930 2931 1.0
2934 2934 1.0
2957 2958 1.0
2960 2961 1.0
2964 2964 1.0
2974 2974 1.0
2982 2982 1.0
2987 2987 1.0
2989 2990 1.0
3005 3015 1.0
3018 3019 1.0
3032 3032 1.0
3034 3034 1.0
3036 3037 1.0
3039 3040 1.0
3052 3053 1.0
3057 3057 1.0
3061 3061 1.0
3070 3070 1.0
3073 3074 1.0
3076 3079 1.0
3091 3097 1.0
3110 3117 1.0
3129 3129 1.0
3142 3142 1.0
3144 3144 1.0
3147 3149 1.0
3154 3154 1.0
3163 3163 1.0
3168 3169 1.0
3172 3172 1.0
3175 3175 1.0
3178 3178 1.0
3181 3181 1.0
3187 3187 1.0
3193 3195 1.0
3210 3220 1.0
3232 3232 1.0
3239 3239 1.0
3241 3241 1.0
3244 3248 1.0
3251 3251 1.0
3253 3254 1.0
3258 3258 1.0
3272 3272 1.0
3275 3275 1.0
3280 3280 1.0
3287 3288 1.0
3290 3290 1.0
3292 3293 1.0
3295 3296 1.0
3309 3318 1.0
3340 3345 1.0
3358 3367 1.0
3371 3371 1.0
3384 3384 1.0
3386 3386 1.0
3390 3390 1.0
3402 3404 1.0
3407 3417 1.0
3429 3431 1.0
3433 3433 1.0
3443 3443 1.0
3445 3448 1.0
3452 3452 1.0
3455 3455 1.0
3457 3463 1.0
3479 3489 1.0
3499 3502 1.0
3507 3507 1.0
3509 3509 1.0
3514 3517 1.0
3522 3522 1.0
3529 3531 1.0
3534 3537 1.0
3552 3552 1.0
3559 3559 1.0
3561 3562 1.0
3564 3567 1.0
3587 3597 1.0
3610 3611 1.0
3624 3624 1.0
3631 3632 1.0
3637 3638 1.0
3641 3641 1.0
3654 3664 1.0
