28 29 1.0
92 92 1.0
176 176 1.0
259 265 1.0
324 324 1.0
343 346 1.0
359 369 1.0
391 393 1.0
401 401 1.0
460 466 1.0
493 493 1.0
675 675 1.0
678 680 1.0
710 710 1.0
882 884 1.0
887 887 1.0
930 930 1.0
961 962 1.0
964 964 1.0
974 974 1.0
1057 1057 1.0
1076 1081 1.0
1108 1119 1.0
1142 1144 1.0
1156 1156 1.0
1163 1163 1.0
1165 1165 1.0
1217 1220 1.0
1263 1263 1.0
1286 1286 1.0
1330 1332 1.0
1375 1375 1.0
1413 1415 1.0
1418 1428 1.0
1443 1443 1.0
1460 1460 1.0
1476 1484 1.0
1548 1548 1.0
1600 1608 1.0
1694 1702 1.0
1760 1763 1.0
1813 1818 1.0
1871 1872 1.0
1894 1894 1.0
1916 1916 1.0
1964 1964 1.0
1990 1990 1.0
2039 2039 1.0
2051 2051 1.0
2090 2093 1.0
2117 2117 1.0
2120 2120 1.0
2133 2137 1.0
2150 2153 1.0
2156 2156 1.0
2214 2214 1.0
2219 2219 1.0
2221 2224 1.0
2226 2226 1.0
