34 43 1.0
52 53 1.0
55 58 1.0
62 62 1.0
64 65 1.0
78 88 1.0
102 115 1.0
128 129 1.0
141 142 1.0
144 149 1.0
151 151 1.0
154 154 1.0
169 177 1.0
179 179 1.0
189 189 1.0
191 197 1.0
204 204 1.0
210 211 1.0
213 214 1.0
223 224 1.0
226 230 1.0
232 233 1.0
246 246 1.0
250 250 1.0
252 252 1.0
254 255 1.0
264 264 1.0
267 272 1.0
274 274 1.0
277 277 1.0
291 301 1.0
321 321 1.0
324 327 1.0
331 331 1.0
338 339 1.0
341 343 1.0
346 346 1.0
348 348 1.0
350 350 1.0
356 356 1.0
358 358 1.0
375 375 1.0
377 380 1.0
385 385 1.0
393 395 1.0
397 403 1.0
407 407 1.0
415 417 1.0
419 419 1.0
421 421 1.0
428 430 1.0
433 433 1.0
436 437 1.0
445 445 1.0
449 452 1.0
455 456 1.0
461 466 1.0
469 472 1.0
478 478 1.0
497 497 1.0
500 500 1.0
507 507 1.0
509 510 1.0
512 520 1.0
524 524 1.0
526 526 1.0
540 541 1.0
543 543 1.0
548 549 1.0
551 551 1.0
553 558 1.0
572 578 1.0
580 580 1.0
582 582 1.0
590 592 1.0
594 600 1.0
613 615 1.0
618 618 1.0
622 622 1.0
630 630 1.0
632 632 1.0
634 635 1.0
637 638 1.0
640 640 1.0
642 642 1.0
644 645 1.0
647 648 1.0
650 651 1.0
665 667 1.0
669 673 1.0
687 689 1.0
692 692 1.0
695 697 1.0
705 705 1.0
707 709 1.0
711 711 1.0
723 723 1.0
725 733 1.0
735 735 1.0
741 741 1.0
747 748 1.0
750 751 1.0
753 756 1.0
775 775 1.0
780 785 1.0
787 788 1.0
801 801 1.0
804 804 1.0
807 807 1.0
809 809 1.0
811 811 1.0
813 813 1.0
821 821 1.0
823 823 1.0
825 825 1.0
828 830 1.0
838 838 1.0
840 848 1.0
861 870 1.0
883 888 1.0
890 890 1.0
893 903 1.0
915 915 1.0
918 919 1.0
921 925 1.0
940 940 1.0
942 950 1.0
952 952 1.0
962 962 1.0
965 966 1.0
979 979 1.0
982 982 1.0
984 985 1.0
987 988 1.0
992 992 1.0
1007 1015 1.0
1027 1030 1.0
1033 1033 1.0
1043 1043 1.0
1045 1050 1.0
1065 1075 1.0
1092 1101 1.0
1115 1116 1.0
1118 1118 1.0
1120 1123 1.0
1126 1126 1.0
1128 1130 1.0
1134 1135 1.0
1143 1144 1.0
1149 1149 1.0
1152 1152 1.0
1163 1163 1.0
1166 1166 1.0
1168 1173 1.0
1175 1175 1.0
1178 1179 1.0
1196 1197 1.0
1199 1201 1.0
1203 1204 1.0
1216 1223 1.0
1235 1243 1.0
1257 1267 1.0
1269 1269 1.0
1283 1293 1.0
1306 1311 1.0
1313 1313 1.0
1323 1323 1.0
1325 1325 1.0
1328 1330 1.0
1332 1332 1.0
1336 1339 1.0
1341 1341 1.0
1345 1346 1.0
1351 1351 1.0
1353 1355 1.0
1368 1368 1.0
1370 1378 1.0
1381 1381 1.0
1391 1391 1.0
1396 1396 1.0
1398 1398 1.0
1400 1401 1.0
1403 1406 1.0
1420 1420 1.0
1423 1427 1.0
1430 1430 1.0
1440 1440 1.0
1442 1442 1.0
1444 1444 1.0
1446 1448 1.0
1450 1450 1.0
1464 1474 1.0
1485 1493 1.0
1502 1502 1.0
1515 1522 1.0
1535 1537 1.0
1539 1541 1.0
1545 1545 1.0
1548 1549 1.0
1552 1555 1.0
1562 1562 1.0
1571 1571 1.0
1574 1574 1.0
1576 1581 1.0
1584 1584 1.0
1586 1586 1.0
1596 1596 1.0
1599 1599 1.0
1601 1602 1.0
1604 1605 1.0
1607 1611 1.0
1613 1614 1.0
1626 1626 1.0
1628 1630 1.0
1643 1649 1.0
1665 1675 1.0
1678 1678 1.0
1681 1681 1.0
1683 1683 1.0
1685 1688 1.0
1690 1690 1.0
1693 1693 1.0
1702 1703 1.0
1717 1722 1.0
1724 1724 1.0
1727 1727 1.0
1734 1734 1.0
1737 1737 1.0
1740 1750 1.0
1764 1776 1.0
1790 1794 1.0
1804 1812 1.0
1825 1826 1.0
1828 1829 1.0
1831 1832 1.0
1838 1838 1.0
1841 1841 1.0
1844 1844 1.0
1847 1847 1.0
1869 1869 1.0
1871 1879 1.0
1888 1888 1.0
1891 1893 1.0
1896 1896 1.0
1911 1922 1.0
1941 1941 1.0
1944 1944 1.0
1946 1953 1.0
1955 1955 1.0
1970 1975 1.0
1977 1980 1.0
1983 1987 1.0
1999 2000 1.0
2002 2008 1.0
2012 2012 1.0
2022 2022 1.0
2024 2025 1.0
2028 2033 1.0
2035 2035 1.0
2037 2038 1.0
2048 2048 1.0
2050 2055 1.0
2057 2058 1.0
2067 2067 1.0
2071 2079 1.0
2081 2082 1.0
2094 2098 1.0
2102 2104 1.0
2122 2122 1.0
2124 2129 1.0
2131 2131 1.0
2140 2143 1.0
2145 2145 1.0
2150 2150 1.0
2159 2159 1.0
2166 2169 1.0
2173 2176 1.0
2181 2183 1.0
2188 2189 1.0
2207 2214 1.0
2227 2235 1.0
2247 2254 1.0
