24 24 1.0
39 40 1.0
42 42 1.0
45 48 1.0
55 55 1.0
60 60 1.0
65 65 1.0
67 69 1.0
73 73 1.0
75 75 1.0
77 79 1.0
82 82 1.0
85 85 1.0
95 95 1.0
99 101 1.0
115 126 1.0
139 139 1.0
141 145 1.0
154 154 1.0
159 159 1.0
163 163 1.0
166 166 1.0
168 169 1.0
181 182 1.0
185 185 1.0
188 188 1.0
191 191 1.0
198 198 1.0
200 201 1.0
207 207 1.0
218 221 1.0
227 227 1.0
231 234 1.0
236 236 1.0
250 253 1.0
255 255 1.0
271 281 1.0
287 287 1.0
299 305 1.0
321 325 1.0
327 327 1.0
341 343 1.0
345 348 1.0
359 359 1.0
363 363 1.0
365 367 1.0
369 369 1.0
386 397 1.0
413 418 1.0
430 430 1.0
433 435 1.0
445 453 1.0
464 467 1.0
482 493 1.0
509 509 1.0
511 512 1.0
514 514 1.0
521 521 1.0
524 524 1.0
536 544 1.0
558 558 1.0
560 566 1.0
568 568 1.0
570 571 1.0
574 574 1.0
576 576 1.0
578 579 1.0
591 596 1.0
598 599 1.0
621 621 1.0
623 631 1.0
636 636 1.0
648 650 1.0
652 652 1.0
654 655 1.0
672 682 1.0
699 704 1.0
716 716 1.0
721 726 1.0
730 731 1.0
744 744 1.0
746 746 1.0
761 761 1.0
763 763 1.0
775 775 1.0
777 777 1.0
779 779 1.0
782 782 1.0
785 785 1.0
787 787 1.0
789 789 1.0
791 791 1.0
804 811 1.0
825 830 1.0
832 833 1.0
836 836 1.0
839 842 1.0
844 844 1.0
858 868 1.0
882 882 1.0
888 888 1.0
896 897 1.0
900 900 1.0
902 903 1.0
915 924 1.0
942 942 1.0
948 952 1.0
957 958 1.0
961 961 1.0
970 970 1.0
978 978 1.0
982 984 1.0
987 987 1.0
1001 1011 1.0
1016 1016 1.0
1030 1035 1.0
1037 1037 1.0
1052 1062 1.0
1076 1076 1.0
1078 1084 1.0
1088 1088 1.0
1091 1091 1.0
1093 1098 1.0
1100 1101 1.0
1103 1103 1.0
1115 1120 1.0
1124 1124 1.0
1142 1152 1.0
1162 1166 1.0
1168 1169 1.0
1189 1189 1.0
1191 1200 1.0
1213 1220 1.0
1232 1242 1.0
1258 1268 1.0
1270 1272 1.0
1275 1275 1.0
1290 1297 1.0
1312 1312 1.0
1316 1321 1.0
1324 1324 1.0
1326 1326 1.0
1330 1331 1.0
1334 1334 1.0
1350 1355 1.0
1357 1359 1.0
1362 1362 1.0
1367 1367 1.0
1378 1386 1.0
1398 1398 1.0
1400 1408 1.0
1412 1412 1.0
1416 1416 1.0
1419 1420 1.0
1431 1432 1.0
1434 1435 1.0
1437 1437 1.0
1440 1441 1.0
1447 1447 1.0
1455 1455 1.0
1459 1462 1.0
1467 1467 1.0
1474 1474 1.0
1489 1495 1.0
1508 1509 1.0
1511 1515 1.0
1521 1521 1.0
1525 1525 1.0
1527 1527 1.0
1535 1535 1.0
1539 1540 1.0
1542 1543 1.0
1545 1545 1.0
1559 1570 1.0
1585 1587 1.0
1589 1589 1.0
1593 1594 1.0
1602 1603 1.0
1605 1613 1.0
1630 1632 1.0
1634 1635 1.0
1637 1637 1.0
1639 1639 1.0
1656 1664 1.0
1677 1677 1.0
1679 1680 1.0
1686 1686 1.0
1692 1692 1.0
1695 1695 1.0
1699 1700 1.0
1719 1731 1.0
1750 1752 1.0
1755 1759 1.0
1772 1772 1.0
1784 1790 1.0
1793 1793 1.0
1798 1798 1.0
1813 1813 1.0
1815 1817 1.0
1820 1820 1.0
1837 1837 1.0
1840 1840 1.0
1854 1856 1.0
1859 1859 1.0
1862 1864 1.0
1868 1869 1.0
1872 1872 1.0
1885 1885 1.0
1895 1895 1.0
1902 1902 1.0
1907 1909 1.0
1911 1912 1.0
1916 1916 1.0
1931 1931 1.0
1933 1935 1.0
1938 1938 1.0
1940 1940 1.0
1953 1953 1.0
1955 1955 1.0
1958 1958 1.0
1979 1979 1.0
1981 1987 1.0
1989 1989 1.0
1998 1999 1.0
2002 2002 1.0
2004 2004 1.0
2017 2021 1.0
2023 2026 1.0
2033 2033 1.0
2038 2038 1.0
2054 2062 1.0
2067 2067 1.0
2074 2074 1.0
2088 2088 1.0
2090 2090 1.0
2092 2098 1.0
2100 2100 1.0
2102 2102 1.0
2116 2117 1.0
2119 2121 1.0
2123 2123 1.0
2135 2136 1.0
2139 2141 1.0
2143 2144 1.0
2149 2149 1.0
2176 2176 1.0
2180 2180 1.0
2182 2183 1.0
2186 2186 1.0
2196 2196 1.0
2198 2199 1.0
2202 2202 1.0
2206 2206 1.0
2208 2208 1.0
2226 2228 1.0
2230 2230 1.0
2240 2240 1.0
2243 2244 1.0
2252 2252 1.0
2257 2262 1.0
2264 2264 1.0
2277 2278 1.0
2280 2285 1.0
2287 2288 1.0
2290 2290 1.0
2292 2292 1.0
2295 2295 1.0
2297 2297 1.0
2309 2309 1.0
2312 2315 1.0
2318 2318 1.0
2328 2328 1.0
2330 2330 1.0
2333 2335 1.0
2347 2347 1.0
2352 2352 1.0
2354 2357 1.0
2377 2380 1.0
2384 2387 1.0
2406 2407 1.0
2411 2414 1.0
2416 2416 1.0
2419 2421 1.0
2439 2439 1.0
2445 2449 1.0
2451 2454 1.0
2462 2462 1.0
2468 2468 1.0
2471 2471 1.0
2474 2477 1.0
2481 2481 1.0
2497 2497 1.0
2500 2501 1.0
2503 2505 1.0
2509 2510 1.0
2518 2518 1.0
2522 2522 1.0
2527 2527 1.0
2530 2532 1.0
2536 2536 1.0
2544 2546 1.0
2548 2555 1.0
2569 2571 1.0
2573 2573 1.0
2575 2576 1.0
2578 2578 1.0
2583 2583 1.0
2597 2597 1.0
2604 2607 1.0
2609 2611 1.0
2613 2614 1.0
2617 2617 1.0
2619 2619 1.0
2631 2632 1.0
2638 2638 1.0
2640 2640 1.0
2644 2644 1.0
2647 2650 1.0
2652 2653 1.0
2657 2657 1.0
2667 2667 1.0
2669 2672 1.0
2674 2677 1.0
2689 2691 1.0
2693 2694 1.0
2696 2698 1.0
2710 2716 1.0
2728 2728 1.0
2730 2736 1.0
2740 2740 1.0
2758 2758 1.0
2760 2760 1.0
2766 2766 1.0
2787 2793 1.0
2797 2797 1.0
2803 2807 1.0
2823 2828 1.0
2844 2845 1.0
2848 2849 1.0
2866 2866 1.0
2876 2876 1.0
2889 2895 1.0
2899 2899 1.0
2904 2911 1.0
2927 2927 1.0
2943 2944 1.0
2946 2947 1.0
2949 2953 1.0
2959 2959 1.0
2964 2968 1.0
2983 2993 1.0
3014 3024 1.0
3035 3044 1.0
3061 3073 1.0
3093 3099 1.0
3112 3121 1.0
3131 3137 1.0
3148 3149 1.0
3151 3154 1.0
3161 3161 1.0
3166 3166 1.0
3175 3175 1.0
3180 3180 1.0
3184 3184 1.0
3187 3187 1.0
3189 3189 1.0
3192 3193 1.0
3196 3197 1.0
3210 3210 1.0
3212 3212 1.0
3214 3214 1.0
3216 3216 1.0
3218 3218 1.0
3333 3333 1.0
