24 26 1.0
38 46 1.0
48 48 1.0
58 58 1.0
62 62 1.0
71 71 1.0
74 80 1.0
82 86 1.0
88 95 1.0
101 101 1.0
115 117 1.0
120 126 1.0
128 130 1.0
132 132 1.0
134 134 1.0
144 144 1.0
147 151 1.0
153 153 1.0
156 156 1.0
168 177 1.0
182 182 1.0
187 187 1.0
189 192 1.0
194 195 1.0
197 197 1.0
214 214 1.0
219 229 1.0
231 239 1.0
241 241 1.0
252 254 1.0
256 256 1.0
258 258 1.0
270 279 1.0
281 281 1.0
286 287 1.0
289 291 1.0
293 293 1.0
305 305 1.0
308 314 1.0
326 339 1.0
341 341 1.0
355 355 1.0
357 363 1.0
365 365 1.0
367 367 1.0
370 375 1.0
377 380 1.0
382 382 1.0
399 412 1.0
424 425 1.0
430 433 1.0
437 440 1.0
445 448 1.0
450 450 1.0
462 466 1.0
470 470 1.0
478 478 1.0
480 488 1.0
490 492 1.0
512 517 1.0
519 522 1.0
525 530 1.0
544 544 1.0
546 546 1.0
548 548 1.0
551 552 1.0
556 556 1.0
558 558 1.0
560 561 1.0
564 564 1.0
573 573 1.0
576 576 1.0
578 583 1.0
590 590 1.0
592 593 1.0
595 600 1.0
611 618 1.0
621 621 1.0
633 636 1.0
638 638 1.0
641 641 1.0
647 651 1.0
653 657 1.0
659 659 1.0
666 666 1.0
668 669 1.0
671 671 1.0
673 674 1.0
676 676 1.0
680 681 1.0
695 696 1.0
701 704 1.0
709 709 1.0
711 711 1.0
713 713 1.0
716 716 1.0
721 723 1.0
728 738 1.0
754 764 1.0
776 783 1.0
785 785 1.0
787 787 1.0
797 797 1.0
799 809 1.0
822 834 1.0
841 844 1.0
846 846 1.0
858 858 1.0
865 868 1.0
870 873 1.0
875 875 1.0
892 892 1.0
894 894 1.0
896 904 1.0
919 924 1.0
926 926 1.0
928 929 1.0
941 942 1.0
948 951 1.0
953 958 1.0
970 981 1.0
985 989 1.0
997 998 1.0
1001 1006 1.0
1016 1025 1.0
1038 1046 1.0
1048 1048 1.0
1056 1056 1.0
1058 1061 1.0
1073 1079 1.0
1081 1082 1.0
1098 1105 1.0
1108 1108 1.0
1110 1110 1.0
1118 1118 1.0
1122 1129 1.0
1141 1151 1.0
1154 1154 1.0
1161 1162 1.0
1164 1164 1.0
1166 1168 1.0
1174 1174 1.0
1180 1184 1.0
1196 1203 1.0
1205 1205 1.0
1218 1218 1.0
1223 1232 1.0
1237 1237 1.0
1242 1242 1.0
1244 1245 1.0
1249 1251 1.0
1256 1257 1.0
1259 1259 1.0
1263 1263 1.0
1275 1286 1.0
1299 1299 1.0
1305 1305 1.0
1312 1315 1.0
1317 1324 1.0
1326 1328 1.0
1330 1331 1.0
1343 1345 1.0
1347 1352 1.0
1366 1372 1.0
1384 1392 1.0
1404 1404 1.0
1407 1416 1.0
1424 1425 1.0
1427 1433 1.0
1444 1446 1.0
1448 1449 1.0
1451 1452 1.0
1454 1454 1.0
1458 1458 1.0
1461 1461 1.0
1463 1466 1.0
1470 1470 1.0
1473 1473 1.0
1478 1479 1.0
1481 1482 1.0
1486 1488 1.0
1499 1499 1.0
1513 1522 1.0
1530 1531 1.0
1533 1538 1.0
1546 1546 1.0
1549 1553 1.0
1563 1573 1.0
1582 1582 1.0
1586 1592 1.0
1595 1595 1.0
1604 1611 1.0
1624 1628 1.0
1630 1635 1.0
1639 1640 1.0
1654 1665 1.0
1668 1668 1.0
1683 1685 1.0
1687 1687 1.0
1689 1693 1.0
1695 1695 1.0
1697 1697 1.0
1703 1707 1.0
1709 1710 1.0
1712 1712 1.0
1719 1719 1.0
1724 1729 1.0
1733 1733 1.0
1741 1751 1.0
1764 1774 1.0
1779 1779 1.0
1786 1786 1.0
1789 1791 1.0
1797 1799 1.0
1803 1805 1.0
1813 1813 1.0
1815 1818 1.0
1831 1839 1.0
1851 1854 1.0
1858 1861 1.0
1866 1868 1.0
1874 1876 1.0
1882 1885 1.0
1887 1892 1.0
1896 1897 1.0
1903 1904 1.0
1916 1926 1.0
1928 1928 1.0
1930 1933 1.0
1940 1940 1.0
1942 1942 1.0
1945 1949 1.0
1970 1980 1.0
1993 2003 1.0
2013 2016 1.0
2018 2023 1.0
2033 2033 1.0
2035 2041 1.0
2043 2043 1.0
2049 2050 1.0
2053 2053 1.0
2055 2056 1.0
2066 2066 1.0
2068 2076 1.0
2086 2086 1.0
2088 2092 1.0
2094 2094 1.0
2096 2096 1.0
2104 2104 1.0
2106 2109 1.0
2112 2114 1.0
2122 2122 1.0
2126 2126 1.0
2128 2128 1.0
2130 2130 1.0
2132 2132 1.0
2134 2134 1.0
2138 2138 1.0
2140 2141 1.0
2144 2144 1.0
2146 2146 1.0
2149 2149 1.0
2154 2154 1.0
2156 2156 1.0
2158 2159 1.0
2161 2161 1.0
2163 2164 1.0
2166 2166 1.0
2168 2168 1.0
2176 2176 1.0
2181 2181 1.0
2185 2186 1.0
2192 2192 1.0
2195 2195 1.0
2200 2202 1.0
2204 2205 1.0
2208 2211 1.0
2214 2214 1.0
2216 2217 1.0
2224 2224 1.0
2226 2226 1.0
2228 2232 1.0
2244 2253 1.0
2257 2258 1.0
2260 2267 1.0
2269 2270 1.0
2285 2296 1.0
2309 2312 1.0
2314 2314 1.0
2316 2318 1.0
2322 2324 1.0
2331 2332 1.0
2336 2340 1.0
2343 2343 1.0
2352 2353 1.0
2355 2355 1.0
2357 2357 1.0
2359 2359 1.0
2365 2365 1.0
2367 2377 1.0
2386 2386 1.0
2390 2392 1.0
2394 2394 1.0
2407 2407 1.0
2409 2412 1.0
2414 2414 1.0
2424 2424 1.0
2426 2426 1.0
2428 2434 1.0
2436 2439 1.0
2442 2443 1.0
2445 2445 1.0
2455 2455 1.0
2457 2463 1.0
2467 2467 1.0
2469 2470 1.0
2474 2474 1.0
2476 2477 1.0
2479 2479 1.0
2495 2497 1.0
2500 2506 1.0
2512 2514 1.0
2516 2518 1.0
2534 2535 1.0
2537 2537 1.0
2541 2544 1.0
2549 2551 1.0
2555 2555 1.0
2557 2559 1.0
2563 2563 1.0
2566 2566 1.0
2571 2576 1.0
2578 2579 1.0
2581 2581 1.0
2596 2596 1.0
2598 2598 1.0
2600 2600 1.0
2603 2605 1.0
2608 2608 1.0
2610 2613 1.0
2617 2620 1.0
2629 2629 1.0
2632 2635 1.0
2637 2639 1.0
2641 2641 1.0
2651 2651 1.0
2653 2667 1.0
2681 2691 1.0
2703 2704 1.0
2706 2706 1.0
2708 2711 1.0
2716 2716 1.0
2718 2718 1.0
2723 2723 1.0
2725 2727 1.0
2730 2735 1.0
2737 2739 1.0
2755 2767 1.0
2774 2774 1.0
2777 2778 1.0
2780 2781 1.0
2794 2804 1.0
2813 2813 1.0
2819 2819 1.0
2821 2823 1.0
2825 2825 1.0
2827 2827 1.0
2832 2832 1.0
2837 2837 1.0
2839 2840 1.0
2844 2844 1.0
2846 2847 1.0
2849 2850 1.0
2853 2854 1.0
2867 2867 1.0
2871 2880 1.0
2894 2900 1.0
2902 2905 1.0
2909 2910 1.0
2912 2913 1.0
2917 2917 1.0
2925 2925 1.0
2927 2935 1.0
2937 2937 1.0
2940 2940 1.0
2948 2949 1.0
2952 2952 1.0
2954 2957 1.0
2969 2969 1.0
2972 2972 1.0
2974 2974 1.0
2979 2979 1.0
2982 2986 1.0
2988 2988 1.0
2992 2992 1.0
2995 3002 1.0
3004 3004 1.0
3015 3023 1.0
3035 3047 1.0
3056 3056 1.0
3059 3061 1.0
3064 3065 1.0
3069 3069 1.0
3073 3074 1.0
3077 3080 1.0
3082 3083 1.0
3096 3096 1.0
3098 3098 1.0
3101 3104 1.0
3107 3108 1.0
3110 3111 1.0
3113 3113 1.0
3116 3116 1.0
3128 3137 1.0
3144 3144 1.0
3149 3150 1.0
3153 3153 1.0
3156 3156 1.0
3158 3159 1.0
3165 3168 1.0
3171 3182 1.0
3197 3199 1.0
3201 3204 1.0
3206 3207 1.0
3211 3211 1.0
3216 3216 1.0
3220 3220 1.0
3223 3226 1.0
3228 3228 1.0
3232 3232 1.0
3241 3241 1.0
3244 3246 1.0
3253 3254 1.0
3257 3257 1.0
3260 3261 1.0
3263 3263 1.0
3266 3270 1.0
3272 3276 1.0
3292 3299 1.0
3302 3302 1.0
3304 3304 1.0
3306 3309 1.0
3312 3312 1.0
3321 3322 1.0
3324 3325 1.0
3327 3328 1.0
3330 3331 1.0
3343 3346 1.0
3348 3349 1.0
3351 3351 1.0
3353 3353 1.0
3358 3358 1.0
3360 3361 1.0
3363 3363 1.0
3365 3365 1.0
3370 3370 1.0
3377 3380 1.0
3382 3386 1.0
3392 3392 1.0
3394 3394 1.0
3398 3398 1.0
3400 3400 1.0
3404 3404 1.0
3406 3406 1.0
3408 3408 1.0
3412 3414 1.0
3416 3418 1.0
3430 3431 1.0
3433 3439 1.0
3447 3447 1.0
3450 3450 1.0
3452 3454 1.0
3456 3456 1.0
3470 3479 1.0
3484 3484 1.0
3489 3494 1.0
3496 3496 1.0
3504 3504 1.0
3509 3511 1.0
3513 3514 1.0
3516 3517 1.0
3526 3526 1.0
3529 3539 1.0
3552 3559 1.0
3562 3562 1.0
3572 3572 1.0
3574 3577 1.0
3579 3582 1.0
3586 3587 1.0
3600 3602 1.0
3605 3610 1.0
3615 3615 1.0
3621 3621 1.0
3631 3631 1.0
3633 3633 1.0
3635 3643 1.0
3645 3645 1.0
3648 3648 1.0
3650 3650 1.0
3655 3655 1.0
3670 3679 1.0
3690 3695 1.0
3708 3713 1.0
3715 3719 1.0
3725 3725 1.0
3728 3728 1.0
3734 3734 1.0
3738 3738 1.0
3740 3742 1.0
3746 3752 1.0
3754 3755 1.0
3761 3762 1.0
3764 3764 1.0
3766 3766 1.0
3781 3781 1.0
3783 3794 1.0
3796 3796 1.0
3809 3810 1.0
3812 3819 1.0
3827 3827 1.0
3829 3829 1.0
3831 3836 1.0
3848 3848 1.0
3851 3857 1.0
3859 3859 1.0
3861 3861 1.0
3871 3871 1.0
3873 3879 1.0
3891 3895 1.0
3897 3899 1.0
3903 3909 1.0
3911 3912 1.0
3925 3925 1.0
3928 3939 1.0
3951 3952 1.0
3956 3956 1.0
3961 3961 1.0
3966 3966 1.0
3968 3968 1.0
3970 3970 1.0
3983 3991 1.0
3993 3993 1.0
4003 4004 1.0
4006 4010 1.0
4012 4012 1.0
4016 4016 1.0
4022 4024 1.0
4026 4026 1.0
4028 4030 1.0
4038 4038 1.0
4040 4041 1.0
4043 4047 1.0
4053 4053 1.0
4059 4065 1.0
4068 4069 1.0
4077 4077 1.0
4082 4083 1.0
4085 4086 1.0
4090 4091 1.0
4098 4101 1.0
4103 4105 1.0
4107 4108 1.0
4110 4110 1.0
4124 4125 1.0
4127 4131 1.0
4134 4134 1.0
4146 4156 1.0
4161 4161 1.0
4163 4163 1.0
4175 4182 1.0
4184 4184 1.0
4198 4203 1.0
4205 4205 1.0
4207 4207 1.0
4213 4213 1.0
4215 4215 1.0
4217 4217 1.0
4220 4220 1.0
4223 4225 1.0
4227 4227 1.0
4229 4230 1.0
4242 4252 1.0
4254 4254 1.0
4267 4268 1.0
4270 4275 1.0
4296 4306 1.0
4308 4308 1.0
4321 4324 1.0
