24 34 1.0
37 37 1.0
50 51 1.0
56 57 1.0
69 79 1.0
94 95 1.0
99 99 1.0
114 114 1.0
116 116 1.0
120 124 1.0
139 149 1.0
152 152 1.0
170 180 1.0
182 182 1.0
188 190 1.0
194 196 1.0
202 202 1.0
208 209 1.0
224 224 1.0
226 226 1.0
228 228 1.0
230 230 1.0
232 232 1.0
234 234 1.0
236 236 1.0
238 238 1.0
244 244 1.0
246 246 1.0
252 254 1.0
257 257 1.0
260 261 1.0
266 266 1.0
278 283 1.0
285 285 1.0
292 292 1.0
295 295 1.0
300 303 1.0
307 308 1.0
310 310 1.0
315 315 1.0
329 330 1.0
332 333 1.0
335 339 1.0
341 342 1.0
345 345 1.0
350 351 1.0
364 365 1.0
367 373 1.0
377 377 1.0
389 391 1.0
396 399 1.0
401 401 1.0
406 406 1.0
408 409 1.0
416 416 1.0
418 418 1.0
423 423 1.0
425 428 1.0
430 430 1.0
436 436 1.0
440 440 1.0
442 446 1.0
449 449 1.0
465 470 1.0
472 472 1.0
482 484 1.0
486 487 1.0
489 491 1.0
499 499 1.0
503 509 1.0
512 512 1.0
521 522 1.0
524 524 1.0
526 526 1.0
538 545 1.0
547 548 1.0
562 563 1.0
566 566 1.0
568 568 1.0
570 570 1.0
580 582 1.0
584 589 1.0
594 594 1.0
597 597 1.0
601 607 1.0
619 619 1.0
621 621 1.0
624 625 1.0
629 629 1.0
632 634 1.0
639 639 1.0
642 642 1.0
651 654 1.0
657 660 1.0
665 667 1.0
672 674 1.0
685 685 1.0
687 687 1.0
689 690 1.0
692 693 1.0
706 711 1.0
713 714 1.0
721 722 1.0
725 725 1.0
727 731 1.0
737 737 1.0
743 744 1.0
751 751 1.0
753 761 1.0
776 780 1.0
782 788 1.0
801 810 1.0
820 820 1.0
823 824 1.0
826 826 1.0
847 849 1.0
853 858 1.0
861 871 1.0
875 875 1.0
892 901 1.0
909 919 1.0
938 938 1.0
940 940 1.0
944 944 1.0
954 954 1.0
956 964 1.0
966 966 1.0
990 1001 1.0
1003 1003 1.0
1005 1005 1.0
1019 1019 1.0
1021 1023 1.0
1150 1150 1.0
