38 40 1.0
55 63 1.0
73 73 1.0
75 76 1.0
78 79 1.0
82 83 1.0
88 88 1.0
91 91 1.0
93 93 1.0
106 109 1.0
111 111 1.0
113 117 1.0
121 124 1.0
126 126 1.0
132 132 1.0
136 136 1.0
138 139 1.0
141 142 1.0
145 146 1.0
151 151 1.0
155 155 1.0
163 163 1.0
165 165 1.0
168 171 1.0
177 178 1.0
181 186 1.0
198 199 1.0
201 202 1.0
205 205 1.0
207 207 1.0
209 217 1.0
219 219 1.0
231 232 1.0
234 239 1.0
250 260 1.0
275 286 1.0
292 292 1.0
295 296 1.0
307 314 1.0
326 327 1.0
340 340 1.0
342 352 1.0
361 362 1.0
364 364 1.0
374 374 1.0
376 379 1.0
384 384 1.0
388 388 1.0
390 392 1.0
402 402 1.0
406 411 1.0
416 416 1.0
418 419 1.0
423 423 1.0
425 426 1.0
439 450 1.0
452 454 1.0
469 469 1.0
474 479 1.0
481 482 1.0
484 484 1.0
486 488 1.0
500 509 1.0
521 521 1.0
526 536 1.0
547 548 1.0
550 550 1.0
552 552 1.0
557 560 1.0
562 565 1.0
567 567 1.0
577 577 1.0
579 583 1.0
589 590 1.0
593 595 1.0
603 603 1.0
606 609 1.0
616 616 1.0
619 626 1.0
629 629 1.0
641 641 1.0
646 647 1.0
649 656 1.0
665 665 1.0
670 672 1.0
680 680 1.0
683 686 1.0
688 690 1.0
692 693 1.0
698 698 1.0
706 706 1.0
708 708 1.0
710 711 1.0
713 713 1.0
716 716 1.0
718 720 1.0
726 726 1.0
728 728 1.0
731 731 1.0
733 736 1.0
748 758 1.0
760 760 1.0
773 775 1.0
780 783 1.0
787 790 1.0
800 814 1.0
833 846 1.0
868 877 1.0
887 887 1.0
889 892 1.0
901 908 1.0
910 911 1.0
920 920 1.0
924 925 1.0
929 930 1.0
934 936 1.0
938 939 1.0
947 948 1.0
951 956 1.0
959 959 1.0
968 968 1.0
972 974 1.0
976 982 1.0
985 986 1.0
994 995 1.0
998 1005 1.0
1007 1009 1.0
1012 1012 1.0
1022 1022 1.0
1024 1033 1.0
1040 1040 1.0
1043 1043 1.0
1053 1057 1.0
1063 1063 1.0
1067 1067 1.0
1069 1072 1.0
1077 1077 1.0
1086 1087 1.0
1091 1091 1.0
1093 1100 1.0
1113 1122 1.0
1140 1150 1.0
1162 1165 1.0
1169 1169 1.0
1172 1174 1.0
1177 1177 1.0
1180 1180 1.0
1182 1182 1.0
1186 1186 1.0
1190 1190 1.0
1194 1194 1.0
1202 1211 1.0
1225 1226 1.0
1229 1240 1.0
1242 1242 1.0
1254 1258 1.0
1260 1260 1.0
1267 1275 1.0
1286 1296 1.0
1310 1314 1.0
1317 1320 1.0
1325 1327 1.0
1330 1335 1.0
1352 1353 1.0
1355 1355 1.0
1357 1362 1.0
1365 1367 1.0
1374 1375 1.0
1381 1382 1.0
1384 1384 1.0
1390 1390 1.0
1399 1399 1.0
1402 1407 1.0
1411 1412 1.0
1415 1420 1.0
1429 1430 1.0
1432 1436 1.0
1439 1439 1.0
1442 1442 1.0
1448 1451 1.0
1455 1456 1.0
1460 1460 1.0
1462 1464 1.0
1467 1469 1.0
1472 1472 1.0
1480 1486 1.0
1488 1489 1.0
1498 1499 1.0
1501 1502 1.0
1513 1523 1.0
1527 1529 1.0
1535 1535 1.0
1541 1542 1.0
1544 1545 1.0
1550 1550 1.0
1565 1565 1.0
1567 1575 1.0
1577 1577 1.0
1579 1579 1.0
1583 1583 1.0
1591 1591 1.0
1596 1601 1.0
1603 1603 1.0
1606 1606 1.0
1614 1621 1.0
1633 1633 1.0
1645 1646 1.0
1658 1665 1.0
1674 1674 1.0
1677 1680 1.0
1692 1699 1.0
1701 1701 1.0
1711 1711 1.0
1713 1721 1.0
1723 1723 1.0
1725 1725 1.0
1733 1733 1.0
1735 1735 1.0
1737 1737 1.0
1739 1739 1.0
1743 1744 1.0
1747 1747 1.0
1749 1749 1.0
1751 1753 1.0
1766 1774 1.0
1780 1780 1.0
1782 1788 1.0
1799 1802 1.0
1804 1805 1.0
1811 1811 1.0
1813 1819 1.0
1832 1840 1.0
1850 1850 1.0
1853 1853 1.0
1855 1860 1.0
1862 1865 1.0
1867 1868 1.0
1882 1882 1.0
1884 1885 1.0
1887 1890 1.0
1892 1892 1.0
1894 1894 1.0
1897 1897 1.0
1902 1909 1.0
1922 1932 1.0
1938 1938 1.0
1948 1948 1.0
1951 1957 1.0
1969 1977 1.0
1983 1983 1.0
1992 1992 1.0
1995 2002 1.0
2004 2004 1.0
2010 2012 1.0
2014 2014 1.0
2016 2018 1.0
2020 2021 1.0
2024 2024 1.0
2026 2027 1.0
2043 2053 1.0
2064 2071 1.0
2085 2087 1.0
2089 2089 1.0
2092 2092 1.0
2101 2102 1.0
2111 2122 1.0
2140 2150 1.0
2161 2166 1.0
2168 2169 1.0
2185 2195 1.0
2215 2215 1.0
2218 2221 1.0
3333 3333 1.0
