35 37 1.0
45 51 1.0
53 53 1.0
66 69 1.0
72 75 1.0
77 77 1.0
81 82 1.0
93 99 1.0
114 123 1.0
135 138 1.0
141 142 1.0
144 144 1.0
156 156 1.0
159 163 1.0
165 166 1.0
168 168 1.0
186 195 1.0
206 207 1.0
214 214 1.0
219 221 1.0
223 223 1.0
226 226 1.0
235 242 1.0
254 263 1.0
268 269 1.0
284 289 1.0
292 292 1.0
298 298 1.0
300 307 1.0
321 331 1.0
336 336 1.0
338 339 1.0
351 355 1.0
358 358 1.0
370 371 1.0
375 375 1.0
377 378 1.0
380 380 1.0
382 385 1.0
392 393 1.0
395 401 1.0
408 409 1.0
413 413 1.0
431 435 1.0
438 438 1.0
441 441 1.0
445 448 1.0
450 451 1.0
453 455 1.0
457 457 1.0
460 461 1.0
463 463 1.0
467 467 1.0
469 469 1.0
483 495 1.0
516 527 1.0
541 542 1.0
545 551 1.0
573 573 1.0
576 576 1.0
585 585 1.0
587 594 1.0
604 608 1.0
610 610 1.0
620 620 1.0
628 637 1.0
649 651 1.0
655 655 1.0
657 657 1.0
661 668 1.0
670 671 1.0
683 686 1.0
689 692 1.0
697 703 1.0
708 711 1.0
715 718 1.0
729 740 1.0
743 744 1.0
758 758 1.0
765 768 1.0
770 771 1.0
773 773 1.0
785 795 1.0
811 821 1.0
824 824 1.0
830 831 1.0
846 854 1.0
869 876 1.0
879 879 1.0
883 883 1.0
888 889 1.0
906 906 1.0
909 916 1.0
918 918 1.0
931 932 1.0
943 953 1.0
963 963 1.0
965 967 1.0
985 993 1.0
1004 1010 1.0
1022 1022 1.0
1024 1024 1.0
1026 1031 1.0
1034 1036 1.0
1041 1043 1.0
1056 1056 1.0
1058 1061 1.0
1065 1066 1.0
1072 1073 1.0
1075 1076 1.0
1078 1081 1.0
1084 1086 1.0
1104 1104 1.0
1109 1119 1.0
1132 1144 1.0
1159 1159 1.0
1163 1165 1.0
1171 1181 1.0
1190 1190 1.0
1193 1193 1.0
1197 1201 1.0
1213 1215 1.0
1220 1232 1.0
1244 1245 1.0
1249 1259 1.0
1265 1265 1.0
1274 1274 1.0
1280 1280 1.0
1286 1286 1.0
1289 1300 1.0
1314 1322 1.0
1327 1327 1.0
1330 1331 1.0
1343 1353 1.0
1358 1360 1.0
1362 1362 1.0
1365 1365 1.0
1377 1377 1.0
1382 1384 1.0
1386 1396 1.0
1417 1428 1.0
1449 1460 1.0
1472 1474 1.0
1481 1482 1.0
1490 1491 1.0
1493 1497 1.0
1502 1503 1.0
1508 1512 1.0
1520 1520 1.0
1524 1524 1.0
1539 1543 1.0
1545 1547 1.0
1556 1566 1.0
1587 1597 1.0
1621 1631 1.0
1642 1643 1.0
1648 1649 1.0
1655 1657 1.0
1664 1665 1.0
1669 1674 1.0
1683 1684 1.0
1686 1687 1.0
1690 1694 1.0
1696 1700 1.0
1706 1706 1.0
1719 1729 1.0
1743 1743 1.0
1745 1746 1.0
1755 1755 1.0
1757 1757 1.0
1759 1759 1.0
1762 1764 1.0
1767 1767 1.0
1769 1769 1.0
1771 1771 1.0
1781 1782 1.0
1784 1787 1.0
1789 1789 1.0
1804 1811 1.0
1813 1814 1.0
1816 1816 1.0
1831 1831 1.0
1833 1844 1.0
1859 1861 1.0
1864 1869 1.0
1873 1876 1.0
1881 1883 1.0
1901 1907 1.0
1909 1911 1.0
1918 1919 1.0
1922 1923 1.0
1925 1927 1.0
1930 1931 1.0
1938 1946 1.0
1958 1958 1.0
1963 1968 1.0
1970 1974 1.0
1984 1984 1.0
1987 1988 1.0
1997 1997 1.0
2000 2003 1.0
2008 2011 1.0
2024 2024 1.0
2026 2028 1.0
2030 2034 1.0
2050 2060 1.0
2064 2064 1.0
2074 2074 1.0
2077 2078 1.0
2080 2087 1.0
2102 2103 1.0
2107 2107 1.0
2116 2125 1.0
2137 2146 1.0
2160 2161 1.0
2165 2166 1.0
2169 2169 1.0
2172 2173 1.0
2175 2175 1.0
2177 2183 1.0
2185 2187 1.0
2206 2216 1.0
2219 2219 1.0
