44 45 1.0
47 47 1.0
50 55 1.0
57 57 1.0
59 60 1.0
64 65 1.0
67 74 1.0
86 96 1.0
98 98 1.0
105 106 1.0
110 110 1.0
115 115 1.0
128 135 1.0
146 150 1.0
152 153 1.0
160 160 1.0
162 162 1.0
166 167 1.0
169 170 1.0
172 176 1.0
182 182 1.0
185 186 1.0
188 191 1.0
194 194 1.0
198 198 1.0
200 200 1.0
202 204 1.0
218 228 1.0
243 253 1.0
255 255 1.0
257 257 1.0
260 260 1.0
264 264 1.0
267 267 1.0
273 274 1.0
276 277 1.0
279 286 1.0
289 289 1.0
307 318 1.0
321 321 1.0
324 324 1.0
329 333 1.0
336 337 1.0
345 345 1.0
347 354 1.0
359 360 1.0
362 362 1.0
364 367 1.0
379 379 1.0
381 387 1.0
391 391 1.0
394 394 1.0
397 397 1.0
399 399 1.0
411 415 1.0
417 428 1.0
444 446 1.0
448 454 1.0
457 458 1.0
460 463 1.0
466 467 1.0
469 470 1.0
475 475 1.0
485 485 1.0
490 500 1.0
504 504 1.0
512 512 1.0
516 516 1.0
518 518 1.0
520 522 1.0
524 528 1.0
530 530 1.0
532 532 1.0
534 534 1.0
536 537 1.0
544 544 1.0
546 546 1.0
549 558 1.0
572 585 1.0
588 588 1.0
600 600 1.0
602 606 1.0
608 609 1.0
612 612 1.0
617 624 1.0
627 629 1.0
633 633 1.0
636 637 1.0
641 642 1.0
649 650 1.0
655 655 1.0
657 659 1.0
663 663 1.0
665 667 1.0
671 671 1.0
673 675 1.0
678 681 1.0
683 683 1.0
687 688 1.0
690 692 1.0
695 695 1.0
704 714 1.0
717 718 1.0
725 726 1.0
731 731 1.0
738 741 1.0
743 746 1.0
748 749 1.0
753 753 1.0
765 765 1.0
767 773 1.0
775 775 1.0
777 777 1.0
785 785 1.0
787 787 1.0
789 791 1.0
794 794 1.0
801 811 1.0
813 813 1.0
815 815 1.0
828 828 1.0
830 830 1.0
832 832 1.0
834 846 1.0
848 848 1.0
865 875 1.0
887 891 1.0
895 895 1.0
900 911 1.0
924 933 1.0
944 954 1.0
967 977 1.0
989 1000 1.0
1011 1019 1.0
1031 1035 1.0
1038 1048 1.0
1060 1068 1.0
1073 1073 1.0
1075 1076 1.0
1078 1078 1.0
1088 1088 1.0
1094 1098 1.0
1100 1104 1.0
1115 1125 1.0
1138 1148 1.0
1160 1169 1.0
1171 1171 1.0
1174 1174 1.0
1179 1179 1.0
1191 1200 1.0
1211 1225 1.0
1227 1230 1.0
1247 1248 1.0
1253 1253 1.0
1257 1257 1.0
1260 1270 1.0
1280 1280 1.0
1282 1283 1.0
1286 1286 1.0
1289 1290 1.0
1292 1292 1.0
1295 1296 1.0
1298 1299 1.0
1304 1305 1.0
1307 1308 1.0
1311 1311 1.0
1313 1315 1.0
1323 1323 1.0
1325 1325 1.0
1328 1333 1.0
1337 1337 1.0
1341 1351 1.0
1364 1367 1.0
1369 1372 1.0
1375 1380 1.0
1382 1382 1.0
1384 1385 1.0
1392 1392 1.0
1395 1402 1.0
1404 1404 1.0
1410 1411 1.0
1413 1414 1.0
1416 1429 1.0
1441 1451 1.0
1461 1471 1.0
1474 1476 1.0
1480 1480 1.0
1482 1485 1.0
1488 1488 1.0
1490 1490 1.0
1502 1502 1.0
1504 1511 1.0
1519 1526 1.0
1528 1529 1.0
1534 1536 1.0
1538 1539 1.0
1541 1543 1.0
1555 1562 1.0
1572 1579 1.0
1589 1599 1.0
1614 1614 1.0
1617 1618 1.0
1622 1622 1.0
1624 1632 1.0
1634 1635 1.0
1637 1637 1.0
1640 1640 1.0
1643 1644 1.0
1646 1647 1.0
1661 1670 1.0
1676 1676 1.0
1679 1679 1.0
1682 1684 1.0
1688 1694 1.0
1696 1698 1.0
1713 1726 1.0
1732 1732 1.0
1734 1734 1.0
1736 1736 1.0
1738 1742 1.0
1744 1744 1.0
1754 1754 1.0
1756 1766 1.0
1768 1768 1.0
1776 1776 1.0
1780 1780 1.0
1785 1786 1.0
1789 1790 1.0
1792 1795 1.0
1798 1800 1.0
1812 1817 1.0
1819 1819 1.0
1821 1822 1.0
1831 1831 1.0
1833 1833 1.0
1835 1841 1.0
1843 1843 1.0
1849 1859 1.0
1871 1871 1.0
1873 1881 1.0
1887 1887 1.0
1890 1895 1.0
1902 1902 1.0
1908 1908 1.0
1911 1912 1.0
1914 1917 1.0
1921 1921 1.0
1924 1924 1.0
1927 1929 1.0
1931 1931 1.0
1933 1933 1.0
1935 1937 1.0
1941 1941 1.0
1947 1947 1.0
1949 1950 1.0
1952 1952 1.0
1954 1955 1.0
1957 1957 1.0
1962 1962 1.0
1964 1972 1.0
1974 1974 1.0
1991 1991 1.0
1993 1993 1.0
1995 2001 1.0
2003 2003 1.0
2005 2006 1.0
2008 2008 1.0
2018 2018 1.0
2020 2029 1.0
2031 2031 1.0
2041 2041 1.0
2043 2044 1.0
2046 2050 1.0
2052 2062 1.0
2064 2064 1.0
2076 2076 1.0
2078 2085 1.0
2097 2107 1.0
2110 2110 1.0
2123 2139 1.0
2151 2153 1.0
2155 2161 1.0
2163 2165 1.0
2167 2173 1.0
2175 2175 1.0
2177 2177 1.0
2189 2189 1.0
2192 2199 1.0
2201 2202 1.0
2206 2207 1.0
2209 2209 1.0
2211 2216 1.0
2219 2219 1.0
2229 2229 1.0
2231 2236 1.0
2238 2239 1.0
2248 2252 1.0
2254 2258 1.0
2260 2262 1.0
2264 2264 1.0
2283 2290 1.0
2292 2292 1.0
2297 2297 1.0
2299 2301 1.0
2303 2308 1.0
2313 2313 1.0
2319 2320 1.0
2322 2327 1.0
2332 2332 1.0
2334 2334 1.0
2336 2336 1.0
2339 2342 1.0
2344 2346 1.0
2348 2351 1.0
2354 2354 1.0
2359 2359 1.0
2362 2362 1.0
2364 2364 1.0
2367 2374 1.0
2377 2377 1.0
2387 2387 1.0
2389 2394 1.0
2406 2412 1.0
2415 2415 1.0
2422 2422 1.0
2424 2424 1.0
2427 2438 1.0
2454 2456 1.0
2458 2463 1.0
2466 2468 1.0
2472 2472 1.0
2475 2476 1.0
2478 2482 1.0
2484 2484 1.0
2497 2504 1.0
2506 2507 1.0
2516 2516 1.0
2518 2525 1.0
2528 2528 1.0
2536 2540 1.0
2542 2543 1.0
2552 2552 1.0
2554 2564 1.0
2566 2566 1.0
2568 2568 1.0
2577 2578 1.0
2580 2580 1.0
2582 2588 1.0
2590 2590 1.0
2600 2600 1.0
2602 2605 1.0
2608 2611 1.0
2618 2619 1.0
2621 2628 1.0
2640 2651 1.0
2653 2655 1.0
2657 2660 1.0
2663 2663 1.0
2671 2675 1.0
2677 2679 1.0
2684 2689 1.0
2697 2697 1.0
2700 2704 1.0
2716 2726 1.0
2739 2748 1.0
2760 2770 1.0
2781 2782 1.0
2784 2790 1.0
2794 2794 1.0
2798 2798 1.0
2806 2807 1.0
2810 2817 1.0
2819 2819 1.0
2825 2834 1.0
2848 2848 1.0
2850 2858 1.0
2860 2861 1.0
2863 2866 1.0
2869 2869 1.0
2873 2874 1.0
2876 2879 1.0
2881 2881 1.0
2883 2883 1.0
2893 2897 1.0
2899 2904 1.0
2909 2909 1.0
2916 2926 1.0
2937 2937 1.0
2940 2940 1.0
2943 2943 1.0
2946 2946 1.0
2949 2950 1.0
2952 2959 1.0
2961 2963 1.0
2965 2965 1.0
2967 2967 1.0
2971 2971 1.0
2980 2990 1.0
2993 2995 1.0
3000 3000 1.0
3009 3009 1.0
3012 3015 1.0
3017 3017 1.0
3021 3022 1.0
3030 3037 1.0
3045 3045 1.0
3048 3052 1.0
3054 3054 1.0
3062 3063 1.0
3065 3071 1.0
3084 3094 1.0
3108 3120 1.0
3138 3138 1.0
3140 3150 1.0
3152 3152 1.0
3154 3155 1.0
3162 3162 1.0
3168 3169 1.0
3171 3175 1.0
3184 3195 1.0
3210 3212 1.0
3218 3219 1.0
3223 3223 1.0
3225 3229 1.0
3231 3231 1.0
3235 3235 1.0
3238 3238 1.0
3240 3245 1.0
3247 3248 1.0
3252 3252 1.0
3254 3254 1.0
3256 3256 1.0
3277 3288 1.0
3293 3293 1.0
3295 3298 1.0
3301 3301 1.0
3313 3322 1.0
3328 3332 1.0
3334 3334 1.0
3341 3344 1.0
3346 3351 1.0
3356 3356 1.0
3359 3359 1.0
3363 3365 1.0
3367 3369 1.0
3371 3373 1.0
3387 3397 1.0
3399 3399 1.0
3415 3426 1.0
3433 3433 1.0
3436 3438 1.0
3440 3440 1.0
3443 3443 1.0
3446 3447 1.0
3449 3459 1.0
3475 3475 1.0
3477 3490 1.0
3508 3516 1.0
3518 3519 1.0
3523 3523 1.0
3528 3528 1.0
3532 3536 1.0
3538 3543 1.0
3545 3546 1.0
3561 3561 1.0
3563 3563 1.0
3566 3567 1.0
3569 3583 1.0
3599 3609 1.0
3621 3629 1.0
3636 3645 1.0
3657 3668 1.0
