34 45 1.0
65 76 1.0
88 88 1.0
91 93 1.0
95 98 1.0
100 101 1.0
105 105 1.0
107 110 1.0
117 117 1.0
130 140 1.0
150 155 1.0
158 158 1.0
172 182 1.0
193 196 1.0
200 200 1.0
202 202 1.0
207 208 1.0
215 216 1.0
220 225 1.0
228 228 1.0
230 230 1.0
238 242 1.0
244 250 1.0
252 252 1.0
254 254 1.0
257 257 1.0
259 259 1.0
274 274 1.0
277 278 1.0
280 287 1.0
290 290 1.0
300 300 1.0
312 314 1.0
316 317 1.0
319 329 1.0
341 350 1.0
352 353 1.0
363 370 1.0
382 394 1.0
406 409 1.0
411 411 1.0
413 413 1.0
415 416 1.0
422 424 1.0
426 426 1.0
428 432 1.0
435 436 1.0
455 463 1.0
475 483 1.0
490 491 1.0
495 495 1.0
497 501 1.0
504 504 1.0
513 514 1.0
516 522 1.0
534 544 1.0
546 546 1.0
557 561 1.0
563 564 1.0
567 567 1.0
572 573 1.0
575 577 1.0
589 599 1.0
604 608 1.0
610 611 1.0
620 620 1.0
622 625 1.0
627 627 1.0
630 630 1.0
646 653 1.0
663 672 1.0
686 686 1.0
688 696 1.0
698 698 1.0
700 700 1.0
714 724 1.0
736 736 1.0
738 750 1.0
762 762 1.0
764 772 1.0
774 775 1.0
777 779 1.0
781 781 1.0
785 785 1.0
789 791 1.0
793 794 1.0
798 800 1.0
802 803 1.0
806 806 1.0
815 816 1.0
818 818 1.0
820 824 1.0
828 828 1.0
830 830 1.0
838 838 1.0
844 852 1.0
854 855 1.0
864 864 1.0
867 867 1.0
876 887 1.0
889 889 1.0
899 903 1.0
907 909 1.0
912 913 1.0
915 917 1.0
931 931 1.0
933 941 1.0
943 943 1.0
953 953 1.0
955 955 1.0
963 963 1.0
965 976 1.0
979 979 1.0
993 993 1.0
996 1002 1.0
1005 1006 1.0
1015 1021 1.0
1034 1041 1.0
1043 1043 1.0
1050 1050 1.0
1052 1054 1.0
1059 1060 1.0
1062 1064 1.0
1066 1066 1.0
1068 1068 1.0
1076 1086 1.0
1110 1122 1.0
1124 1124 1.0
1138 1138 1.0
1144 1144 1.0
1146 1154 1.0
1156 1156 1.0
1159 1159 1.0
1172 1181 1.0
1189 1189 1.0
1191 1192 1.0
1196 1196 1.0
1199 1199 1.0
1213 1223 1.0
1236 1236 1.0
1238 1246 1.0
1248 1248 1.0
1265 1272 1.0
1275 1275 1.0
1282 1282 1.0
1284 1285 1.0
1287 1287 1.0
1289 1291 1.0
1295 1295 1.0
1297 1305 1.0
1307 1309 1.0
1322 1322 1.0
1324 1327 1.0
1329 1329 1.0
1331 1331 1.0
1337 1339 1.0
1344 1344 1.0
1347 1347 1.0
1351 1354 1.0
1357 1357 1.0
1366 1366 1.0
1371 1373 1.0
1375 1379 1.0
1386 1386 1.0
1391 1394 1.0
1396 1396 1.0
1398 1400 1.0
1402 1403 1.0
1405 1407 1.0
1420 1420 1.0
1422 1430 1.0
1443 1456 1.0
1468 1468 1.0
1474 1476 1.0
1478 1478 1.0
1481 1482 1.0
1484 1484 1.0
1490 1491 1.0
1493 1501 1.0
1503 1503 1.0
1519 1524 1.0
1527 1528 1.0
1535 1537 1.0
1540 1545 1.0
1549 1550 1.0
1552 1552 1.0
1556 1556 1.0
1558 1559 1.0
1573 1573 1.0
1575 1575 1.0
1578 1578 1.0
1580 1580 1.0
1582 1583 1.0
1585 1589 1.0
1591 1591 1.0
1601 1601 1.0
1603 1603 1.0
1605 1606 1.0
1611 1611 1.0
1613 1616 1.0
1618 1620 1.0
1630 1630 1.0
1633 1633 1.0
1637 1639 1.0
1641 1646 1.0
1665 1672 1.0
1681 1681 1.0
1683 1683 1.0
1685 1685 1.0
1693 1693 1.0
1695 1703 1.0
1705 1705 1.0
1713 1723 1.0
1732 1732 1.0
1735 1742 1.0
1744 1744 1.0
1746 1746 1.0
1758 1759 1.0
1761 1767 1.0
1771 1771 1.0
1775 1775 1.0
1779 1781 1.0
1783 1783 1.0
1796 1796 1.0
1798 1798 1.0
1801 1801 1.0
1805 1811 1.0
1815 1815 1.0
1820 1826 1.0
1837 1845 1.0
1857 1861 1.0
1863 1866 1.0
1872 1875 1.0
1878 1879 1.0
1887 1887 1.0
1891 1894 1.0
1904 1904 1.0
1906 1908 1.0
1910 1914 1.0
1916 1916 1.0
1918 1918 1.0
1920 1920 1.0
1928 1928 1.0
1930 1932 1.0
1934 1935 1.0
1938 1938 1.0
1941 1941 1.0
1950 1950 1.0
1953 1958 1.0
1962 1962 1.0
1965 1965 1.0
1971 1971 1.0
1977 1986 1.0
1995 1995 1.0
1997 2001 1.0
2003 2003 1.0
3431 3431 1.0
