28 28 1.0
30 30 1.0
55 61 1.0
63 63 1.0
77 77 1.0
80 80 1.0
82 84 1.0
87 87 1.0
100 100 1.0
102 103 1.0
105 106 1.0
119 129 1.0
149 151 1.0
153 160 1.0
163 163 1.0
165 165 1.0
183 190 1.0
192 192 1.0
201 202 1.0
204 204 1.0
216 217 1.0
219 222 1.0
226 226 1.0
236 236 1.0
239 241 1.0
244 245 1.0
258 258 1.0
260 260 1.0
262 268 1.0
282 287 1.0
301 311 1.0
332 338 1.0
349 354 1.0
370 371 1.0
383 383 1.0
385 392 1.0
412 412 1.0
422 422 1.0
424 424 1.0
427 427 1.0
434 434 1.0
436 437 1.0
439 440 1.0
442 442 1.0
457 457 1.0
459 462 1.0
464 464 1.0
484 493 1.0
498 498 1.0
504 508 1.0
527 527 1.0
533 534 1.0
536 537 1.0
563 563 1.0
576 577 1.0
579 580 1.0
594 594 1.0
612 614 1.0
616 616 1.0
619 619 1.0
626 626 1.0
631 631 1.0
635 635 1.0
643 643 1.0
662 663 1.0
665 668 1.0
670 670 1.0
682 684 1.0
688 689 1.0
709 711 1.0
714 714 1.0
716 716 1.0
723 723 1.0
730 730 1.0
735 735 1.0
739 743 1.0
760 768 1.0
789 790 1.0
792 793 1.0
795 795 1.0
815 818 1.0
820 822 1.0
830 830 1.0
839 840 1.0
842 842 1.0
857 866 1.0
873 873 1.0
878 878 1.0
880 880 1.0
882 882 1.0
887 887 1.0
890 890 1.0
910 910 1.0
912 915 1.0
917 920 1.0
950 952 1.0
956 960 1.0
963 966 1.0
987 987 1.0
992 992 1.0
1010 1011 1.0
1025 1025 1.0
3196 3197 1.0
3351 3351 1.0
