33 42 1.0
57 57 1.0
59 59 1.0
61 63 1.0
65 67 1.0
69 69 1.0
71 71 1.0
77 77 1.0
79 79 1.0
86 87 1.0
91 92 1.0
95 96 1.0
99 101 1.0
114 116 1.0
118 121 1.0
128 128 1.0
137 141 1.0
145 146 1.0
153 153 1.0
158 159 1.0
161 165 1.0
171 174 1.0
176 180 1.0
191 192 1.0
194 194 1.0
196 200 1.0
204 204 1.0
213 214 1.0
216 221 1.0
226 226 1.0
234 234 1.0
243 244 1.0
246 254 1.0
256 256 1.0
270 280 1.0
289 290 1.0
292 292 1.0
295 296 1.0
299 299 1.0
302 305 1.0
309 309 1.0
321 322 1.0
324 325 1.0
327 327 1.0
339 348 1.0
353 354 1.0
356 356 1.0
360 360 1.0
376 376 1.0
378 383 1.0
393 401 1.0
415 415 1.0
421 421 1.0
424 425 1.0
427 427 1.0
430 430 1.0
432 432 1.0
434 434 1.0
437 437 1.0
440 440 1.0
442 442 1.0
444 444 1.0
446 447 1.0
449 450 1.0
463 463 1.0
465 473 1.0
475 475 1.0
484 491 1.0
493 494 1.0
499 499 1.0
506 506 1.0
518 518 1.0
521 528 1.0
530 533 1.0
536 536 1.0
546 546 1.0
548 553 1.0
567 567 1.0
570 574 1.0
577 577 1.0
585 585 1.0
591 592 1.0
594 594 1.0
597 599 1.0
601 601 1.0
603 604 1.0
606 606 1.0
611 611 1.0
618 622 1.0
641 651 1.0
658 661 1.0
663 664 1.0
666 666 1.0
679 679 1.0
684 684 1.0
687 689 1.0
691 691 1.0
693 693 1.0
703 705 1.0
717 726 1.0
739 742 1.0
745 747 1.0
749 749 1.0
751 755 1.0
759 759 1.0
761 761 1.0
767 767 1.0
775 775 1.0
777 777 1.0
779 779 1.0
781 782 1.0
784 785 1.0
787 787 1.0
789 789 1.0
791 791 1.0
797 797 1.0
801 801 1.0
803 807 1.0
810 810 1.0
813 813 1.0
823 823 1.0
825 834 1.0
846 847 1.0
852 852 1.0
855 856 1.0
859 862 1.0
864 865 1.0
868 868 1.0
875 875 1.0
877 877 1.0
880 880 1.0
883 883 1.0
885 885 1.0
887 887 1.0
889 889 1.0
893 893 1.0
895 895 1.0
899 903 1.0
905 905 1.0
907 907 1.0
915 915 1.0
917 917 1.0
920 920 1.0
923 923 1.0
935 938 1.0
957 957 1.0
959 968 1.0
980 983 1.0
986 986 1.0
988 990 1.0
993 997 1.0
1000 1003 1.0
1022 1033 1.0
1044 1044 1.0
1047 1048 1.0
1051 1053 1.0
1056 1057 1.0
1059 1062 1.0
1083 1085 1.0
1087 1092 1.0
1099 1104 1.0
1108 1108 1.0
1110 1110 1.0
1117 1117 1.0
1120 1120 1.0
1122 1122 1.0
1130 1130 1.0
1132 1132 1.0
1134 1137 1.0
1140 1140 1.0
1142 1142 1.0
1147 1148 1.0
1150 1150 1.0
1154 1157 1.0
1160 1160 1.0
1164 1164 1.0
1168 1168 1.0
1173 1173 1.0
1177 1178 1.0
1180 1180 1.0
1182 1184 1.0
1196 1198 1.0
1200 1200 1.0
1203 1203 1.0
1210 1212 1.0
1215 1220 1.0
1224 1224 1.0
1228 1229 1.0
1232 1233 1.0
1236 1236 1.0
1246 1246 1.0
1250 1252 1.0
1254 1255 1.0
1267 1268 1.0
1271 1271 1.0
1276 1277 1.0
1281 1281 1.0
1283 1283 1.0
1285 1285 1.0
1293 1293 1.0
1299 1303 1.0
1305 1305 1.0
1307 1309 1.0
1315 1315 1.0
1317 1318 1.0
1320 1323 1.0
1325 1325 1.0
1327 1327 1.0
1332 1335 1.0
1346 1352 1.0
1355 1355 1.0
1359 1359 1.0
1367 1368 1.0
1370 1370 1.0
1372 1375 1.0
1382 1382 1.0
1385 1388 1.0
1390 1392 1.0
1395 1395 1.0
1400 1400 1.0
1404 1405 1.0
1407 1407 1.0
1409 1409 1.0
1412 1412 1.0
1422 1422 1.0
1424 1429 1.0
1431 1432 1.0
1437 1438 1.0
1440 1440 1.0
1445 1445 1.0
1454 1455 1.0
1457 1462 1.0
1473 1476 1.0
1480 1482 1.0
1486 1490 1.0
1494 1494 1.0
1496 1496 1.0
1506 1506 1.0
1508 1510 1.0
1512 1516 1.0
1529 1531 1.0
1534 1534 1.0
1536 1538 1.0
1543 1543 1.0
1550 1551 1.0
1557 1557 1.0
1560 1560 1.0
1563 1563 1.0
1574 1576 1.0
1578 1580 1.0
1587 1587 1.0
1592 1597 1.0
1599 1602 1.0
1607 1607 1.0
1610 1611 1.0
1614 1614 1.0
1631 1634 1.0
1638 1641 1.0
1644 1644 1.0
1646 1647 1.0
1653 1653 1.0
1659 1663 1.0
1665 1666 1.0
1673 1673 1.0
1675 1675 1.0
1677 1679 1.0
1685 1685 1.0
1687 1687 1.0
1690 1691 1.0
1694 1694 1.0
1697 1697 1.0
1703 1703 1.0
1709 1713 1.0
1715 1719 1.0
1733 1733 1.0
1735 1735 1.0
1738 1738 1.0
1741 1742 1.0
1749 1754 1.0
1756 1756 1.0
1759 1759 1.0
1761 1761 1.0
1766 1766 1.0
1768 1768 1.0
1774 1774 1.0
1778 1778 1.0
1780 1780 1.0
1788 1788 1.0
1790 1796 1.0
1798 1798 1.0
1812 1813 1.0
1815 1822 1.0
1829 1829 1.0
1831 1831 1.0
1835 1835 1.0
1837 1837 1.0
1841 1841 1.0
1844 1845 1.0
1853 1853 1.0
1856 1863 1.0
1867 1867 1.0
1869 1869 1.0
1871 1871 1.0
1876 1876 1.0
1881 1884 1.0
1890 1890 1.0
1894 1894 1.0
1896 1897 1.0
1899 1899 1.0
1907 1907 1.0
1909 1909 1.0
1922 1924 1.0
1927 1927 1.0
1929 1929 1.0
1932 1932 1.0
1936 1937 1.0
1942 1942 1.0
1945 1945 1.0
1949 1950 1.0
1962 1973 1.0
1977 1977 1.0
1995 1995 1.0
1997 2005 1.0
2008 2008 1.0
2014 2014 1.0
2017 2017 1.0
2020 2020 1.0
2022 2024 1.0
2027 2027 1.0
2032 2032 1.0
2036 2037 1.0
2040 2040 1.0
2045 2045 1.0
2047 2050 1.0
2054 2055 1.0
2062 2064 1.0
2069 2069 1.0
2072 2072 1.0
2078 2078 1.0
2087 2088 1.0
2091 2093 1.0
2096 2096 1.0
2100 2101 1.0
2109 2109 1.0
2114 2115 1.0
2117 2117 1.0
2119 2119 1.0
2121 2124 1.0
2127 2128 1.0
2131 2131 1.0
2138 2138 1.0
2140 2141 1.0
2144 2146 1.0
2148 2148 1.0
2150 2150 1.0
2153 2154 1.0
2162 2162 1.0
2165 2167 1.0
2171 2171 1.0
2174 2174 1.0
2179 2179 1.0
2181 2181 1.0
2183 2184 1.0
2186 2191 1.0
2193 2193 1.0
2210 2210 1.0
2212 2219 1.0
2228 2228 1.0
2230 2230 1.0
2234 2234 1.0
2236 2236 1.0
2240 2240 1.0
2242 2242 1.0
2249 2249 1.0
2254 2257 1.0
2259 2259 1.0
2269 2269 1.0
2271 2277 1.0
2279 2280 1.0
2288 2288 1.0
2292 2292 1.0
2294 2294 1.0
2297 2297 1.0
2300 2304 1.0
2306 2306 1.0
2313 2313 1.0
2325 2325 1.0
2327 2332 1.0
2334 2335 1.0
2337 2338 1.0
2350 2351 1.0
2353 2360 1.0
2384 2395 1.0
2412 2412 1.0
2415 2417 1.0
2419 2422 1.0
2425 2425 1.0
2428 2429 1.0
2434 2434 1.0
2436 2437 1.0
2441 2444 1.0
2446 2446 1.0
2448 2450 1.0
2458 2458 1.0
2464 2465 1.0
2472 2472 1.0
2481 2487 1.0
2489 2489 1.0
2502 2506 1.0
2508 2508 1.0
2510 2511 1.0
2520 2521 1.0
2523 2525 1.0
2528 2530 1.0
2536 2538 1.0
2540 2540 1.0
2542 2542 1.0
2544 2545 1.0
2560 2560 1.0
2566 2576 1.0
2584 2584 1.0
2587 2588 1.0
2605 2605 1.0
2608 2614 1.0
2617 2618 1.0
2624 2624 1.0
2626 2627 1.0
2630 2630 1.0
2642 2642 1.0
2648 2648 1.0
2650 2650 1.0
2655 2660 1.0
2662 2663 1.0
2669 2670 1.0
2672 2673 1.0
2675 2676 1.0
2689 2695 1.0
2698 2700 1.0
2702 2702 1.0
2707 2708 1.0
2711 2712 1.0
2714 2715 1.0
2720 2721 1.0
2724 2724 1.0
2733 2733 1.0
2736 2739 1.0
2741 2741 1.0
2743 2743 1.0
2745 2745 1.0
2758 2758 1.0
2760 2761 1.0
2765 2765 1.0
2767 2768 1.0
2770 2771 1.0
2773 2775 1.0
2790 2790 1.0
2792 2798 1.0
2802 2802 1.0
2812 2812 1.0
2814 2820 1.0
2822 2822 1.0
2835 2835 1.0
2838 2841 1.0
2843 2844 1.0
2853 2853 1.0
2857 2857 1.0
2859 2865 1.0
2877 2883 1.0
2886 2886 1.0
2895 2896 1.0
2898 2899 1.0
2901 2904 1.0
2908 2908 1.0
2911 2911 1.0
2913 2914 1.0
2926 2926 1.0
2928 2930 1.0
2933 2936 1.0
2938 2938 1.0
2940 2940 1.0
2942 2943 1.0
2948 2948 1.0
2956 2956 1.0
2960 2961 1.0
2963 2966 1.0
2970 2970 1.0
2973 2973 1.0
2978 2978 1.0
2982 2982 1.0
2985 2985 1.0
2987 2987 1.0
2990 2991 1.0
2995 2995 1.0
3000 3000 1.0
3007 3007 1.0
3009 3010 1.0
3012 3019 1.0
3033 3041 1.0
3055 3066 1.0
3073 3074 1.0
3081 3083 1.0
3086 3089 1.0
3091 3092 1.0
3108 3114 1.0
3122 3124 1.0
3126 3131 1.0
3135 3136 1.0
3143 3143 1.0
3148 3148 1.0
3151 3151 1.0
3155 3156 1.0
3170 3173 1.0
3175 3179 1.0
3184 3185 1.0
3192 3194 1.0
3197 3197 1.0
3199 3200 1.0
3213 3217 1.0
3219 3221 1.0
3223 3223 1.0
3225 3225 1.0
3233 3233 1.0
3239 3243 1.0
3245 3245 1.0
3247 3249 1.0
3257 3257 1.0
3263 3263 1.0
3266 3266 1.0
3271 3271 1.0
3278 3279 1.0
3281 3287 1.0
3291 3291 1.0
3294 3294 1.0
3303 3303 1.0
3306 3311 1.0
3313 3316 1.0
3329 3332 1.0
3337 3337 1.0
3349 3349 1.0
3351 3351 1.0
3353 3356 1.0
3358 3358 1.0
3363 3363 1.0
3367 3367 1.0
3369 3369 1.0
3376 3377 1.0
3379 3384 1.0
3398 3399 1.0
3401 3401 1.0
3403 3409 1.0
3413 3413 1.0
3416 3417 1.0
3431 3431 1.0
3433 3433 1.0
3435 3435 1.0
3438 3439 1.0
3441 3443 1.0
3447 3447 1.0
3462 3462 1.0
3464 3466 1.0
3469 3470 1.0
3478 3478 1.0
3484 3485 1.0
3488 3488 1.0
3490 3494 1.0
3504 3505 1.0
3507 3513 1.0
3523 3533 1.0
3543 3543 1.0
3545 3548 1.0
3553 3553 1.0
3555 3555 1.0
3560 3561 1.0
3568 3569 1.0
3573 3573 1.0
3575 3583 1.0
3585 3585 1.0
3595 3595 1.0
3604 3604 1.0
3607 3611 1.0
3621 3621 1.0
3623 3624 1.0
3627 3633 1.0
3636 3636 1.0
3650 3650 1.0
3652 3660 1.0
3662 3662 1.0
3678 3678 1.0
3688 3688 1.0
3691 3701 1.0
3715 3715 1.0
3720 3720 1.0
3724 3725 1.0
3727 3733 1.0
3737 3737 1.0
3745 3747 1.0
3749 3750 1.0
3764 3769 1.0
3776 3776 1.0
3780 3786 1.0
3794 3802 1.0
3815 3815 1.0
3817 3824 1.0
3837 3837 1.0
3839 3840 1.0
3842 3842 1.0
3845 3845 1.0
3847 3849 1.0
3852 3852 1.0
3860 3860 1.0
3862 3862 1.0
3864 3868 1.0
3870 3870 1.0
3882 3882 1.0
3886 3887 1.0
3891 3897 1.0
3900 3901 1.0
3915 3916 1.0
3921 3922 1.0
3924 3929 1.0
3931 3931 1.0
3941 3941 1.0
3945 3951 1.0
3954 3954 1.0
3966 3966 1.0
3968 3969 1.0
3971 3971 1.0
3983 3986 1.0
3992 3993 1.0
3997 3998 1.0
4000 4000 1.0
4004 4004 1.0
4006 4007 1.0
4009 4010 1.0
4012 4013 1.0
4016 4016 1.0
4019 4019 1.0
4025 4025 1.0
4033 4035 1.0
4037 4043 1.0
4047 4047 1.0
4050 4050 1.0
4053 4053 1.0
4066 4072 1.0
4074 4074 1.0
4079 4082 1.0
4084 4084 1.0
4086 4086 1.0
4094 4094 1.0
4106 4115 1.0
4117 4117 1.0
4121 4122 1.0
4125 4125 1.0
4129 4130 1.0
4142 4148 1.0
4151 4151 1.0
4161 4161 1.0
4163 4168 1.0
4170 4173 1.0
4180 4180 1.0
4195 4201 1.0
4212 4216 1.0
4219 4222 1.0
4228 4229 1.0
4231 4231 1.0
4233 4235 1.0
4237 4237 1.0
4253 4262 1.0
4273 4278 1.0
4283 4285 1.0
4287 4287 1.0
4290 4291 1.0
4303 4303 1.0
4305 4305 1.0
4307 4310 1.0
4312 4312 1.0
4315 4317 1.0
4320 4320 1.0
4322 4322 1.0
