33 33 1.0
35 41 1.0
69 69 1.0
71 71 1.0
77 77 1.0
83 83 1.0
95 95 1.0
97 97 1.0
99 99 1.0
104 104 1.0
112 112 1.0
114 114 1.0
116 120 1.0
132 132 1.0
134 137 1.0
158 160 1.0
165 165 1.0
179 179 1.0
184 185 1.0
189 189 1.0
194 194 1.0
197 197 1.0
211 211 1.0
217 220 1.0
226 227 1.0
243 253 1.0
274 274 1.0
277 277 1.0
279 284 1.0
305 310 1.0
346 355 1.0
372 382 1.0
396 398 1.0
402 402 1.0
404 408 1.0
410 410 1.0
416 416 1.0
431 432 1.0
434 434 1.0
437 437 1.0
439 439 1.0
454 463 1.0
475 476 1.0
483 483 1.0
490 490 1.0
498 498 1.0
523 524 1.0
526 529 1.0
546 556 1.0
570 576 1.0
601 601 1.0
617 621 1.0
630 630 1.0
638 639 1.0
658 658 1.0
662 664 1.0
667 667 1.0
680 680 1.0
703 703 1.0
705 706 1.0
721 721 1.0
736 737 1.0
740 744 1.0
746 746 1.0
768 768 1.0
782 784 1.0
798 801 1.0
823 831 1.0
838 838 1.0
840 840 1.0
865 866 1.0
868 870 1.0
889 891 1.0
893 893 1.0
895 896 1.0
917 917 1.0
929 929 1.0
949 949 1.0
966 966 1.0
969 969 1.0
971 971 1.0
973 975 1.0
994 1000 1.0
1002 1002 1.0
1022 1022 1.0
1024 1024 1.0
1027 1027 1.0
1037 1037 1.0
1040 1040 1.0
1043 1044 1.0
1065 1065 1.0
1067 1069 1.0
1072 1072 1.0
1089 1089 1.0
1092 1098 1.0
1110 1110 1.0
1113 1113 1.0
1117 1117 1.0
1120 1120 1.0
1123 1123 1.0
1132 1133 1.0
1136 1136 1.0
1138 1138 1.0
1146 1146 1.0
1161 1162 1.0
1164 1166 1.0
1168 1168 1.0
1174 1174 1.0
1178 1178 1.0
1196 1197 1.0
1199 1206 1.0
1227 1227 1.0
1231 1231 1.0
1245 1245 1.0
1255 1255 1.0
1257 1261 1.0
1272 1273 1.0
1278 1278 1.0
1307 1307 1.0
1311 1314 1.0
1346 1347 1.0
1350 1351 1.0
1362 1362 1.0
1364 1364 1.0
1376 1376 1.0
1378 1378 1.0
1391 1392 1.0
1413 1414 1.0
1416 1418 1.0
1421 1421 1.0
1440 1440 1.0
1453 1453 1.0
1460 1460 1.0
1484 1484 1.0
1487 1489 1.0
1491 1491 1.0
1493 1493 1.0
1509 1509 1.0
1511 1512 1.0
1526 1526 1.0
1530 1530 1.0
1546 1546 1.0
1548 1548 1.0
1551 1554 1.0
1568 1570 1.0
1576 1579 1.0
1581 1586 1.0
1598 1599 1.0
1615 1615 1.0
1620 1620 1.0
1622 1622 1.0
1654 1654 1.0
1656 1658 1.0
1660 1660 1.0
1672 1676 1.0
1679 1682 1.0
1693 1693 1.0
1695 1698 1.0
1700 1700 1.0
1719 1725 1.0
1742 1744 1.0
1748 1748 1.0
1761 1761 1.0
1764 1771 1.0
1785 1785 1.0
1788 1789 1.0
1791 1791 1.0
1807 1808 1.0
1810 1810 1.0
1814 1815 1.0
1817 1817 1.0
1819 1819 1.0
1822 1822 1.0
1834 1844 1.0
1856 1856 1.0
1859 1861 1.0
1868 1868 1.0
1894 1894 1.0
1910 1912 1.0
1914 1915 1.0
1932 1942 1.0
1965 1975 1.0
1987 1989 1.0
2000 2001 1.0
