42 42 1.0
44 47 1.0
49 51 1.0
54 54 1.0
63 64 1.0
66 74 1.0
78 79 1.0
92 96 1.0
98 98 1.0
100 100 1.0
108 109 1.0
115 115 1.0
117 124 1.0
127 127 1.0
132 132 1.0
135 136 1.0
141 141 1.0
144 145 1.0
147 147 1.0
149 151 1.0
153 153 1.0
157 159 1.0
161 162 1.0
165 166 1.0
174 175 1.0
182 184 1.0
188 192 1.0
205 207 1.0
209 210 1.0
212 215 1.0
218 219 1.0
222 222 1.0
228 228 1.0
231 232 1.0
235 236 1.0
238 238 1.0
241 241 1.0
243 243 1.0
251 251 1.0
253 259 1.0
261 261 1.0
275 277 1.0
280 283 1.0
285 286 1.0
289 289 1.0
293 293 1.0
295 295 1.0
302 303 1.0
305 305 1.0
307 310 1.0
312 312 1.0
315 319 1.0
321 322 1.0
325 325 1.0
331 331 1.0
334 335 1.0
337 338 1.0
340 343 1.0
345 347 1.0
349 350 1.0
359 360 1.0
369 369 1.0
372 373 1.0
375 379 1.0
382 382 1.0
385 385 1.0
387 387 1.0
391 391 1.0
397 397 1.0
399 399 1.0
401 405 1.0
407 407 1.0
424 434 1.0
443 453 1.0
474 482 1.0
493 496 1.0
500 500 1.0
502 503 1.0
505 505 1.0
509 510 1.0
512 512 1.0
515 516 1.0
519 519 1.0
522 522 1.0
524 529 1.0
531 531 1.0
539 539 1.0
542 545 1.0
547 548 1.0
552 552 1.0
560 562 1.0
564 570 1.0
574 574 1.0
578 578 1.0
586 586 1.0
588 588 1.0
590 590 1.0
592 595 1.0
598 598 1.0
600 602 1.0
605 610 1.0
