24 27 1.0
54 55 1.0
57 57 1.0
60 60 1.0
62 62 1.0
72 72 1.0
74 78 1.0
80 82 1.0
90 90 1.0
94 94 1.0
96 104 1.0
106 106 1.0
108 109 1.0
115 116 1.0
118 118 1.0
141 152 1.0
171 172 1.0
174 174 1.0
184 190 1.0
200 205 1.0
207 208 1.0
217 217 1.0
219 220 1.0
233 236 1.0
238 243 1.0
248 248 1.0
252 252 1.0
256 256 1.0
261 263 1.0
268 269 1.0
271 271 1.0
277 278 1.0
281 281 1.0
283 283 1.0
285 285 1.0
287 287 1.0
291 292 1.0
295 295 1.0
297 297 1.0
301 301 1.0
304 305 1.0
307 308 1.0
310 311 1.0
313 313 1.0
318 320 1.0
323 323 1.0
335 335 1.0
339 342 1.0
344 345 1.0
347 347 1.0
349 349 1.0
363 364 1.0
366 368 1.0
370 371 1.0
376 376 1.0
379 379 1.0
389 389 1.0
392 396 1.0
402 402 1.0
408 410 1.0
416 418 1.0
421 422 1.0
434 442 1.0
446 446 1.0
449 449 1.0
455 456 1.0
461 461 1.0
463 463 1.0
466 466 1.0
468 471 1.0
473 473 1.0
484 486 1.0
490 490 1.0
494 494 1.0
496 496 1.0
498 500 1.0
504 504 1.0
506 506 1.0
508 508 1.0
512 514 1.0
516 516 1.0
521 522 1.0
535 535 1.0
537 538 1.0
540 547 1.0
550 550 1.0
567 567 1.0
569 571 1.0
573 579 1.0
583 583 1.0
594 596 1.0
598 601 1.0
603 603 1.0
611 620 1.0
640 651 1.0
674 674 1.0
677 680 1.0
682 684 1.0
686 687 1.0
690 690 1.0
692 692 1.0
696 696 1.0
699 700 1.0
704 705 1.0
707 709 1.0
712 714 1.0
716 717 1.0
721 721 1.0
734 746 1.0
759 759 1.0
764 764 1.0
773 773 1.0
777 781 1.0
783 783 1.0
785 785 1.0
787 787 1.0
791 791 1.0
793 793 1.0
802 802 1.0
805 806 1.0
809 810 1.0
812 812 1.0
816 816 1.0
828 828 1.0
830 832 1.0
837 838 1.0
840 840 1.0
843 853 1.0
857 859 1.0
862 862 1.0
865 866 1.0
885 893 1.0
896 896 1.0
898 898 1.0
915 926 1.0
940 944 1.0
946 950 1.0
956 956 1.0
958 958 1.0
961 962 1.0
964 966 1.0
970 970 1.0
983 984 1.0
986 987 1.0
989 993 1.0
996 996 1.0
1009 1009 1.0
1012 1022 1.0
1041 1041 1.0
1044 1045 1.0
1047 1049 1.0
1051 1051 1.0
1054 1054 1.0
1057 1058 1.0
1061 1062 1.0
1064 1064 1.0
1070 1070 1.0
1077 1077 1.0
1082 1082 1.0
1084 1085 1.0
1088 1088 1.0
1090 1092 1.0
1094 1094 1.0
1097 1098 1.0
1114 1124 1.0
1140 1141 1.0
1144 1145 1.0
1153 1160 1.0
1171 1176 1.0
1180 1180 1.0
1183 1192 1.0
1208 1208 1.0
1211 1221 1.0
1223 1223 1.0
1233 1233 1.0
1238 1238 1.0
1243 1243 1.0
1246 1246 1.0
1251 1252 1.0
1255 1260 1.0
1262 1262 1.0
1276 1286 1.0
1305 1316 1.0
1329 1329 1.0
1331 1334 1.0
1341 1341 1.0
1350 1351 1.0
1353 1360 1.0
1363 1363 1.0
1372 1373 1.0
1376 1380 1.0
1382 1382 1.0
1400 1411 1.0
1419 1419 1.0
1423 1424 1.0
1426 1426 1.0
1431 1431 1.0
1436 1436 1.0
1438 1438 1.0
1440 1440 1.0
1444 1444 1.0
1448 1448 1.0
1452 1454 1.0
1467 1467 1.0
1469 1469 1.0
1472 1476 1.0
1479 1482 1.0
1496 1496 1.0
1499 1507 1.0
1522 1522 1.0
1524 1524 1.0
1526 1527 1.0
1529 1531 1.0
1534 1534 1.0
1547 1547 1.0
1549 1549 1.0
1551 1557 1.0
1559 1559 1.0
1569 1569 1.0
1581 1582 1.0
1587 1591 1.0
1593 1598 1.0
1605 1605 1.0
1615 1617 1.0
1620 1625 1.0
1629 1630 1.0
1642 1643 1.0
1647 1647 1.0
1655 1655 1.0
1657 1657 1.0
1660 1665 1.0
1667 1667 1.0
1669 1669 1.0
1675 1677 1.0
1683 1684 1.0
1689 1692 1.0
1694 1694 1.0
1699 1699 1.0
1704 1704 1.0
1714 1714 1.0
1718 1721 1.0
1723 1724 1.0
1726 1726 1.0
1728 1728 1.0
1731 1733 1.0
1736 1736 1.0
1745 1746 1.0
1748 1749 1.0
1751 1752 1.0
1754 1755 1.0
1758 1758 1.0
1760 1761 1.0
1763 1764 1.0
1776 1787 1.0
1806 1811 1.0
1813 1816 1.0
1823 1823 1.0
1829 1829 1.0
1831 1833 1.0
1835 1839 1.0
1841 1841 1.0
1843 1843 1.0
1845 1846 1.0
1855 1855 1.0
1870 1881 1.0
1896 1897 1.0
1899 1899 1.0
1911 1912 1.0
1917 1918 1.0
1920 1921 1.0
1923 1926 1.0
1930 1930 1.0
1943 1954 1.0
1958 1959 1.0
1971 1980 1.0
1996 1996 1.0
1999 2006 1.0
2020 2027 1.0
2029 2029 1.0
2039 2039 1.0
2041 2047 1.0
2063 2069 1.0
2071 2071 1.0
2073 2073 1.0
2081 2081 1.0
2083 2083 1.0
2087 2087 1.0
2091 2091 1.0
2095 2095 1.0
2097 2097 1.0
2100 2100 1.0
2104 2104 1.0
2107 2107 1.0
2109 2110 1.0
2122 2124 1.0
2128 2129 1.0
2131 2132 1.0
2134 2135 1.0
2137 2139 1.0
2141 2141 1.0
2143 2144 1.0
2147 2148 1.0
2162 2164 1.0
2166 2167 1.0
2169 2171 1.0
2174 2176 1.0
2178 2179 1.0
2183 2183 1.0
2191 2191 1.0
2193 2193 1.0
2196 2200 1.0
2203 2203 1.0
2205 2207 1.0
2210 2210 1.0
2212 2212 1.0
2219 2220 1.0
2222 2222 1.0
2224 2226 1.0
2232 2232 1.0
2234 2238 1.0
2240 2240 1.0
2258 2258 1.0
2260 2272 1.0
2291 2291 1.0
2293 2293 1.0
2301 2304 1.0
2306 2306 1.0
2308 2311 1.0
2314 2314 1.0
2317 2317 1.0
2322 2324 1.0
2330 2330 1.0
2334 2336 1.0
2338 2338 1.0
2342 2342 1.0
2354 2354 1.0
2356 2366 1.0
2368 2368 1.0
2375 2375 1.0
2378 2378 1.0
2380 2381 1.0
2383 2385 1.0
2387 2387 1.0
2400 2400 1.0
2406 2406 1.0
2408 2410 1.0
2412 2414 1.0
2416 2416 1.0
2425 2426 1.0
2433 2433 1.0
2435 2435 1.0
2438 2440 1.0
2454 2454 1.0
2464 2475 1.0
2484 2485 1.0
2490 2491 1.0
2497 2497 1.0
2500 2505 1.0
2510 2510 1.0
2515 2517 1.0
2520 2520 1.0
2522 2525 1.0
2529 2530 1.0
2532 2532 1.0
2549 2549 1.0
2551 2561 1.0
2579 2581 1.0
2583 2585 1.0
2588 2588 1.0
2593 2593 1.0
2596 2599 1.0
2601 2603 1.0
2617 2617 1.0
2622 2626 1.0
2629 2629 1.0
2631 2632 1.0
2634 2634 1.0
2648 2659 1.0
2678 2681 1.0
2683 2687 1.0
2693 2693 1.0
2697 2701 1.0
2703 2703 1.0
2705 2705 1.0
2711 2711 1.0
2713 2713 1.0
2733 2733 1.0
2735 2746 1.0
2756 2756 1.0
