25 26 1.0
29 33 1.0
35 36 1.0
62 62 1.0
67 72 1.0
84 86 1.0
88 92 1.0
98 98 1.0
103 104 1.0
111 111 1.0
118 121 1.0
131 139 1.0
164 173 1.0
181 186 1.0
188 188 1.0
190 190 1.0
199 202 1.0
205 205 1.0
207 207 1.0
209 209 1.0
217 217 1.0
221 222 1.0
224 227 1.0
229 229 1.0
236 236 1.0
241 241 1.0
243 244 1.0
246 246 1.0
254 254 1.0
256 264 1.0
275 275 1.0
287 292 1.0
306 307 1.0
313 317 1.0
319 320 1.0
322 322 1.0
332 334 1.0
336 336 1.0
348 355 1.0
363 368 1.0
370 370 1.0
380 380 1.0
382 388 1.0
390 390 1.0
402 402 1.0
405 412 1.0
414 416 1.0
418 418 1.0
430 433 1.0
437 439 1.0
444 447 1.0
452 452 1.0
458 464 1.0
476 481 1.0
483 483 1.0
493 498 1.0
506 506 1.0
509 515 1.0
526 526 1.0
529 531 1.0
533 533 1.0
537 541 1.0
543 543 1.0
545 546 1.0
565 575 1.0
584 584 1.0
586 587 1.0
590 590 1.0
600 600 1.0
602 606 1.0
608 608 1.0
618 618 1.0
623 623 1.0
627 629 1.0
631 633 1.0
636 636 1.0
646 653 1.0
655 655 1.0
663 663 1.0
665 665 1.0
667 669 1.0
682 693 1.0
696 696 1.0
711 711 1.0
713 713 1.0
720 730 1.0
746 761 1.0
782 783 1.0
785 789 1.0
802 805 1.0
808 808 1.0
810 810 1.0
822 832 1.0
844 851 1.0
860 870 1.0
895 896 1.0
898 898 1.0
900 900 1.0
902 908 1.0
910 910 1.0
912 912 1.0
916 916 1.0
919 922 1.0
924 926 1.0
941 943 1.0
945 945 1.0
948 953 1.0
957 958 1.0
967 967 1.0
969 975 1.0
987 987 1.0
989 989 1.0
991 997 1.0
999 999 1.0
1001 1001 1.0
1013 1013 1.0
1015 1017 1.0
1029 1040 1.0
1042 1042 1.0
1057 1062 1.0
1064 1064 1.0
1067 1067 1.0
1069 1069 1.0
1071 1076 1.0
1079 1079 1.0
1086 1089 1.0
1110 1120 1.0
1128 1128 1.0
1142 1143 1.0
1145 1148 1.0
1164 1167 1.0
1169 1170 1.0
1182 1191 1.0
1203 1210 1.0
1220 1220 1.0
1222 1226 1.0
1228 1228 1.0
1236 1238 1.0
1240 1241 1.0
1243 1244 1.0
1246 1246 1.0
1249 1249 1.0
1262 1266 1.0
1268 1270 1.0
1272 1272 1.0
1278 1279 1.0
1284 1284 1.0
1288 1288 1.0
1294 1294 1.0
1296 1296 1.0
1300 1300 1.0
1307 1307 1.0
1309 1309 1.0
1315 1315 1.0
1319 1319 1.0
1322 1323 1.0
1325 1325 1.0
1327 1328 1.0
1340 1347 1.0
1350 1350 1.0
1358 1360 1.0
1362 1362 1.0
1366 1367 1.0
1370 1371 1.0
1374 1374 1.0
1379 1381 1.0
1383 1384 1.0
1386 1386 1.0
1400 1406 1.0
1417 1419 1.0
1422 1422 1.0
1432 1432 1.0
1437 1437 1.0
1443 1451 1.0
1463 1465 1.0
1467 1472 1.0
1477 1478 1.0
1484 1484 1.0
1489 1493 1.0
1496 1497 1.0
1499 1499 1.0
1511 1512 1.0
1514 1517 1.0
1519 1519 1.0
1521 1521 1.0
1523 1527 1.0
1531 1531 1.0
1539 1545 1.0
1557 1557 1.0
1559 1559 1.0
1561 1562 1.0
1574 1578 1.0
1580 1581 1.0
1590 1590 1.0
1595 1596 1.0
1604 1609 1.0
1621 1626 1.0
1628 1631 1.0
1635 1638 1.0
1643 1643 1.0
1658 1668 1.0
1677 1677 1.0
1679 1679 1.0
1681 1681 1.0
1683 1683 1.0
1685 1687 1.0
1689 1691 1.0
1704 1712 1.0
1718 1718 1.0
1724 1724 1.0
1733 1741 1.0
1748 1748 1.0
1751 1754 1.0
1756 1756 1.0
1768 1776 1.0
1784 1788 1.0
1790 1790 1.0
1801 1808 1.0
1823 1825 1.0
1828 1834 1.0
1848 1848 1.0
1850 1857 1.0
1859 1860 1.0
1864 1864 1.0
1867 1868 1.0
1874 1874 1.0
1890 1890 1.0
1894 1895 1.0
1897 1900 1.0
1903 1903 1.0
1919 1921 1.0
1923 1930 1.0
1932 1932 1.0
1944 1944 1.0
1946 1952 1.0
1961 1961 1.0
1963 1969 1.0
1983 1990 1.0
1992 1993 1.0
1996 1998 1.0
2011 2019 1.0
2028 2030 1.0
2032 2037 1.0
2042 2043 1.0
2045 2047 1.0
2050 2050 1.0
2054 2056 1.0
2059 2060 1.0
2073 2078 1.0
2089 2092 1.0
2102 2102 1.0
2104 2109 1.0
2114 2114 1.0
2117 2117 1.0
2120 2121 1.0
2132 2137 1.0
2149 2153 1.0
2155 2160 1.0
2163 2163 1.0
2165 2165 1.0
2178 2187 1.0
2197 2197 1.0
2200 2200 1.0
2204 2205 1.0
2207 2207 1.0
2209 2214 1.0
2226 2233 1.0
2235 2235 1.0
2248 2248 1.0
2251 2259 1.0
2271 2271 1.0
2273 2273 1.0
2275 2277 1.0
2279 2280 1.0
2285 2285 1.0
2287 2287 1.0
2289 2292 1.0
2304 2312 1.0
2314 2314 1.0
2326 2326 1.0
2329 2329 1.0
2331 2335 1.0
2337 2338 1.0
2353 2364 1.0
2377 2378 1.0
2380 2383 1.0
2385 2385 1.0
2395 2399 1.0
2401 2402 1.0
2413 2416 1.0
2421 2421 1.0
2423 2423 1.0
2427 2431 1.0
2433 2433 1.0
2443 2443 1.0
2447 2449 1.0
2452 2452 1.0
2467 2474 1.0
2476 2477 1.0
2484 2484 1.0
2487 2487 1.0
2489 2492 1.0
2504 2506 1.0
2508 2509 1.0
2511 2511 1.0
2515 2515 1.0
2518 2523 1.0
2536 2544 1.0
2549 2549 1.0
2551 2551 1.0
2553 2559 1.0
2561 2561 1.0
2571 2572 1.0
2575 2575 1.0
2577 2577 1.0
2583 2585 1.0
2587 2587 1.0
2589 2590 1.0
2605 2611 1.0
2613 2619 1.0
2623 2623 1.0
2625 2625 1.0
2635 2635 1.0
2637 2637 1.0
2649 2656 1.0
2658 2658 1.0
2664 2666 1.0
2668 2670 1.0
2672 2672 1.0
2682 2689 1.0
2691 2691 1.0
2698 2699 1.0
2701 2705 1.0
2716 2724 1.0
2736 2736 1.0
2738 2740 1.0
2743 2743 1.0
2745 2748 1.0
2750 2750 1.0
2752 2753 1.0
2764 2764 1.0
2766 2767 1.0
3372 3372 1.0
