30 36 1.0
45 45 1.0
48 54 1.0
66 66 1.0
71 71 1.0
75 84 1.0
92 100 1.0
115 115 1.0
118 127 1.0
136 136 1.0
139 141 1.0
143 145 1.0
149 150 1.0
153 153 1.0
157 157 1.0
166 174 1.0
188 191 1.0
196 201 1.0
203 203 1.0
206 206 1.0
210 210 1.0
229 239 1.0
254 264 1.0
266 267 1.0
270 270 1.0
278 279 1.0
282 282 1.0
285 288 1.0
300 302 1.0
314 321 1.0
327 328 1.0
331 335 1.0
345 345 1.0
347 349 1.0
352 352 1.0
357 357 1.0
360 362 1.0
364 364 1.0
376 386 1.0
400 410 1.0
414 414 1.0
421 424 1.0
426 426 1.0
429 430 1.0
436 436 1.0
438 439 1.0
443 443 1.0
445 453 1.0
455 455 1.0
467 477 1.0
488 488 1.0
493 504 1.0
506 506 1.0
518 522 1.0
524 524 1.0
540 540 1.0
542 544 1.0
546 548 1.0
550 550 1.0
555 556 1.0
559 563 1.0
575 578 1.0
585 585 1.0
588 593 1.0
595 595 1.0
597 597 1.0
605 606 1.0
618 628 1.0
636 640 1.0
652 654 1.0
662 662 1.0
667 669 1.0
674 674 1.0
679 679 1.0
681 682 1.0
694 694 1.0
696 699 1.0
710 715 1.0
717 717 1.0
721 721 1.0
723 723 1.0
727 727 1.0
736 736 1.0
738 744 1.0
757 757 1.0
763 763 1.0
765 772 1.0
782 788 1.0
811 818 1.0
826 826 1.0
828 836 1.0
848 854 1.0
856 859 1.0
861 861 1.0
863 864 1.0
866 867 1.0
879 879 1.0
881 881 1.0
883 885 1.0
887 887 1.0
894 894 1.0
903 903 1.0
906 913 1.0
915 915 1.0
929 939 1.0
942 945 1.0
957 958 1.0
960 963 1.0
965 965 1.0
970 970 1.0
973 975 1.0
977 977 1.0
989 989 1.0
992 994 1.0
1001 1002 1.0
1006 1011 1.0
1024 1026 1.0
1028 1029 1.0
1041 1041 1.0
1043 1053 1.0
1057 1058 1.0
1070 1077 1.0
1089 1097 1.0
1111 1122 1.0
1133 1136 1.0
1138 1139 1.0
1141 1141 1.0
1148 1148 1.0
1160 1170 1.0
1183 1183 1.0
1188 1193 1.0
1196 1198 1.0
1201 1206 1.0
1208 1208 1.0
1210 1211 1.0
1223 1224 1.0
1226 1230 1.0
1232 1232 1.0
1236 1236 1.0
1238 1238 1.0
1250 1260 1.0
1272 1280 1.0
1282 1284 1.0
1288 1292 1.0
1294 1297 1.0
1300 1300 1.0
1304 1304 1.0
1306 1306 1.0
1309 1309 1.0
1312 1315 1.0
1318 1318 1.0
1335 1345 1.0
1355 1355 1.0
1358 1358 1.0
1370 1374 1.0
1377 1379 1.0
1382 1382 1.0
1384 1387 1.0
1402 1412 1.0
1422 1430 1.0
1441 1447 1.0
1464 1474 1.0
1484 1490 1.0
1500 1503 1.0
1505 1505 1.0
1515 1515 1.0
1517 1517 1.0
1519 1522 1.0
1531 1531 1.0
1534 1535 1.0
1538 1538 1.0
1543 1544 1.0
1547 1547 1.0
1559 1563 1.0
1565 1566 1.0
1574 1584 1.0
1596 1596 1.0
1599 1599 1.0
1604 1604 1.0
1606 1608 1.0
1611 1611 1.0
1613 1613 1.0
1616 1616 1.0
1621 1621 1.0
1633 1637 1.0
1639 1639 1.0
1641 1642 1.0
1645 1645 1.0
1649 1649 1.0
1651 1651 1.0
1661 1661 1.0
1663 1671 1.0
1684 1686 1.0
1689 1689 1.0
1691 1691 1.0
1698 1699 1.0
1709 1714 1.0
1723 1724 1.0
1726 1731 1.0
1733 1733 1.0
1739 1743 1.0
1746 1746 1.0
1755 1755 1.0
1757 1764 1.0
1774 1774 1.0
1776 1780 1.0
1791 1797 1.0
1804 1807 1.0
1809 1811 1.0
1823 1825 1.0
1839 1849 1.0
1858 1858 1.0
1861 1861 1.0
1864 1864 1.0
1866 1868 1.0
1870 1870 1.0
1882 1890 1.0
1904 1904 1.0
1906 1910 1.0
1913 1914 1.0
1916 1916 1.0
1926 1926 1.0
1928 1932 1.0
1936 1936 1.0
1941 1941 1.0
1943 1946 1.0
1948 1953 1.0
1957 1958 1.0
1970 1980 1.0
1985 1985 1.0
1988 1988 1.0
1992 1994 1.0
1997 2003 1.0
2016 2025 1.0
2033 2037 1.0
2047 2050 1.0
2052 2052 1.0
2054 2054 1.0
2061 2064 1.0
2066 2066 1.0
2068 2070 1.0
2076 2076 1.0
2087 2097 1.0
2111 2122 1.0
2124 2124 1.0
2136 2141 1.0
2145 2146 1.0
2155 2155 1.0
2158 2158 1.0
2162 2165 1.0
2168 2168 1.0
2180 2184 1.0
2186 2187 1.0
2189 2191 1.0
2194 2196 1.0
2207 2212 1.0
2224 2227 1.0
2232 2235 1.0
2237 2237 1.0
2239 2240 1.0
2242 2242 1.0
2247 2247 1.0
2249 2249 1.0
2252 2255 1.0
2266 2272 1.0
2275 2275 1.0
2278 2278 1.0
2293 2300 1.0
2314 2325 1.0
2327 2330 1.0
2342 2345 1.0
2357 2362 1.0
2365 2367 1.0
2369 2369 1.0
2374 2374 1.0
2379 2379 1.0
2384 2384 1.0
2386 2388 1.0
2391 2391 1.0
2394 2394 1.0
2403 2403 1.0
2409 2416 1.0
2418 2418 1.0
2425 2425 1.0
2428 2428 1.0
2430 2430 1.0
2440 2446 1.0
2460 2460 1.0
2462 2465 1.0
2469 2470 1.0
2472 2472 1.0
2475 2479 1.0
2482 2482 1.0
2491 2492 1.0
2495 2495 1.0
2501 2501 1.0
2504 2505 1.0
2511 2511 1.0
2513 2514 1.0
2517 2519 1.0
2529 2529 1.0
2531 2537 1.0
2548 2548 1.0
2551 2552 1.0
2559 2567 1.0
2583 2583 1.0
2585 2593 1.0
2605 2606 1.0
2609 2614 1.0
2618 2620 1.0
2624 2627 1.0
2630 2630 1.0
2632 2632 1.0
2648 2655 1.0
2658 2658 1.0
2667 2668 1.0
2672 2672 1.0
2676 2677 1.0
2680 2680 1.0
2682 2682 1.0
2692 2692 1.0
2694 2700 1.0
2704 2704 1.0
2706 2708 1.0
2710 2712 1.0
2714 2714 1.0
2720 2720 1.0
2724 2726 1.0
2738 2742 1.0
2747 2748 1.0
2750 2757 1.0
2767 2767 1.0
2769 2769 1.0
2771 2771 1.0
2776 2777 1.0
2779 2779 1.0
2781 2785 1.0
2788 2788 1.0
2803 2806 1.0
2809 2809 1.0
2811 2813 1.0
2816 2822 1.0
2824 2824 1.0
2832 2832 1.0
2834 2834 1.0
2839 2839 1.0
2846 2847 1.0
2849 2849 1.0
2852 2860 1.0
2871 2872 1.0
2884 2893 1.0
2905 2905 1.0
2907 2907 1.0
2917 2921 1.0
2925 2925 1.0
2927 2927 1.0
2932 2935 1.0
2947 2949 1.0
2951 2955 1.0
2957 2957 1.0
2961 2961 1.0
2963 2963 1.0
2970 2970 1.0
2972 2973 1.0
2975 2976 1.0
2978 2980 1.0
2995 2997 1.0
3000 3006 1.0
3008 3010 1.0
3023 3023 1.0
3025 3025 1.0
3028 3029 1.0
3031 3033 1.0
3035 3038 1.0
3045 3045 1.0
3050 3052 1.0
3055 3055 1.0
3057 3058 1.0
3064 3065 1.0
3070 3071 1.0
3074 3076 1.0
3078 3080 1.0
3088 3088 1.0
3093 3093 1.0
3103 3109 1.0
3111 3114 1.0
3119 3119 1.0
3121 3121 1.0
3133 3133 1.0
3135 3140 1.0
3150 3150 1.0
3152 3155 1.0
3157 3160 1.0
3165 3165 1.0
3167 3167 1.0
3172 3175 1.0
3180 3180 1.0
3182 3182 1.0
3190 3190 1.0
3192 3192 1.0
3194 3194 1.0
3204 3204 1.0
3206 3213 1.0
3216 3216 1.0
