37 37 1.0
43 43 1.0
45 46 1.0
48 50 1.0
58 58 1.0
62 67 1.0
76 76 1.0
78 85 1.0
93 95 1.0
107 108 1.0
110 112 1.0
124 124 1.0
134 134 1.0
140 140 1.0
142 142 1.0
146 149 1.0
159 165 1.0
178 178 1.0
191 197 1.0
199 201 1.0
203 204 1.0
206 207 1.0
209 209 1.0
219 219 1.0
221 223 1.0
239 239 1.0
244 244 1.0
249 249 1.0
251 252 1.0
254 254 1.0
256 257 1.0
259 259 1.0
264 264 1.0
269 269 1.0
288 298 1.0
311 320 1.0
334 344 1.0
354 356 1.0
358 361 1.0
380 386 1.0
398 398 1.0
401 406 1.0
410 410 1.0
419 420 1.0
422 427 1.0
440 449 1.0
468 470 1.0
472 473 1.0
475 475 1.0
477 477 1.0
480 480 1.0
492 502 1.0
506 507 1.0
509 513 1.0
528 538 1.0
547 551 1.0
553 554 1.0
562 562 1.0
568 568 1.0
583 585 1.0
592 592 1.0
597 598 1.0
601 601 1.0
604 604 1.0
630 640 1.0
644 646 1.0
667 671 1.0
676 676 1.0
680 681 1.0
695 695 1.0
697 697 1.0
709 710 1.0
713 713 1.0
730 740 1.0
748 751 1.0
769 775 1.0
786 794 1.0
801 802 1.0
805 808 1.0
820 830 1.0
833 836 1.0
838 838 1.0
840 840 1.0
854 862 1.0
864 864 1.0
874 874 1.0
876 876 1.0
878 881 1.0
884 884 1.0
886 886 1.0
888 889 1.0
891 891 1.0
893 893 1.0
901 901 1.0
906 906 1.0
918 920 1.0
926 929 1.0
931 936 1.0
943 949 1.0
961 968 1.0
975 975 1.0
977 977 1.0
980 982 1.0
984 984 1.0
989 989 1.0
1001 1001 1.0
1003 1011 1.0
1013 1013 1.0
