25 25 1.0
38 40 1.0
43 43 1.0
45 45 1.0
53 53 1.0
55 55 1.0
57 61 1.0
63 63 1.0
70 70 1.0
72 76 1.0
78 78 1.0
88 88 1.0
90 92 1.0
105 105 1.0
107 112 1.0
114 117 1.0
123 123 1.0
129 129 1.0
138 139 1.0
141 142 1.0
144 147 1.0
151 151 1.0
154 154 1.0
164 166 1.0
169 171 1.0
177 178 1.0
181 186 1.0
198 206 1.0
209 209 1.0
211 211 1.0
213 214 1.0
219 219 1.0
229 229 1.0
232 232 1.0
234 239 1.0
243 244 1.0
251 253 1.0
257 261 1.0
275 285 1.0
292 293 1.0
295 296 1.0
308 313 1.0
322 322 1.0
325 328 1.0
332 332 1.0
340 352 1.0
360 362 1.0
369 369 1.0
374 379 1.0
387 387 1.0
389 393 1.0
395 396 1.0
405 407 1.0
409 411 1.0
413 413 1.0
415 415 1.0
418 419 1.0
423 423 1.0
439 450 1.0
452 454 1.0
460 460 1.0
462 462 1.0
469 469 1.0
474 477 1.0
480 480 1.0
482 482 1.0
484 490 1.0
501 509 1.0
511 511 1.0
518 518 1.0
527 528 1.0
530 536 1.0
548 552 1.0
555 555 1.0
557 558 1.0
561 565 1.0
567 567 1.0
577 577 1.0
579 583 1.0
587 587 1.0
589 589 1.0
591 595 1.0
601 601 1.0
604 604 1.0
606 610 1.0
616 616 1.0
619 626 1.0
632 632 1.0
634 634 1.0
638 638 1.0
641 641 1.0
646 647 1.0
649 657 1.0
669 672 1.0
683 693 1.0
698 698 1.0
706 706 1.0
716 716 1.0
718 720 1.0
726 726 1.0
730 736 1.0
748 754 1.0
756 760 1.0
766 766 1.0
772 775 1.0
780 783 1.0
786 790 1.0
800 810 1.0
813 815 1.0
834 846 1.0
869 877 1.0
879 879 1.0
884 884 1.0
887 889 1.0
892 892 1.0
900 908 1.0
910 910 1.0
920 920 1.0
926 926 1.0
929 930 1.0
932 936 1.0
938 939 1.0
948 949 1.0
951 955 1.0
959 959 1.0
964 964 1.0
966 969 1.0
971 974 1.0
976 976 1.0
978 979 1.0
981 982 1.0
985 986 1.0
988 988 1.0
1000 1005 1.0
1007 1010 1.0
1023 1032 1.0
1052 1052 1.0
1054 1058 1.0
1060 1060 1.0
1067 1067 1.0
1069 1070 1.0
1072 1074 1.0
1081 1082 1.0
1086 1087 1.0
1089 1089 1.0
1093 1101 1.0
1103 1103 1.0
1113 1120 1.0
1122 1122 1.0
1126 1127 1.0
1129 1129 1.0
1140 1150 1.0
1155 1155 1.0
1162 1164 1.0
1169 1169 1.0
1172 1172 1.0
1174 1174 1.0
1176 1177 1.0
1179 1182 1.0
1184 1184 1.0
1186 1186 1.0
1189 1189 1.0
1194 1194 1.0
1199 1199 1.0
1202 1209 1.0
1211 1212 1.0
1229 1229 1.0
1231 1242 1.0
1253 1259 1.0
1267 1276 1.0
1286 1294 1.0
1298 1298 1.0
1305 1305 1.0
1312 1314 1.0
1317 1320 1.0
1323 1323 1.0
1326 1327 1.0
1330 1333 1.0
1335 1336 1.0
1339 1339 1.0
1347 1348 1.0
1355 1355 1.0
1357 1357 1.0
1359 1360 1.0
1362 1362 1.0
1364 1367 1.0
1369 1369 1.0
1372 1372 1.0
1374 1374 1.0
1376 1377 1.0
1382 1382 1.0
1384 1384 1.0
1397 1397 1.0
1399 1399 1.0
1402 1406 1.0
1412 1412 1.0
1417 1420 1.0
1426 1426 1.0
1429 1429 1.0
1432 1436 1.0
1448 1452 1.0
1455 1456 1.0
1459 1459 1.0
1462 1464 1.0
1467 1469 1.0
1472 1472 1.0
1480 1489 1.0
1498 1499 1.0
1501 1501 1.0
1513 1523 1.0
1527 1528 1.0
1541 1541 1.0
1543 1545 1.0
1547 1547 1.0
1553 1553 1.0
1557 1557 1.0
1565 1565 1.0
1567 1567 1.0
1569 1575 1.0
1577 1579 1.0
1587 1587 1.0
1591 1591 1.0
1594 1594 1.0
1596 1597 1.0
1599 1601 1.0
1603 1604 1.0
1614 1621 1.0
1623 1623 1.0
1633 1633 1.0
1635 1638 1.0
1642 1643 1.0
1645 1646 1.0
1648 1648 1.0
1655 1655 1.0
1660 1665 1.0
1677 1680 1.0
1692 1701 1.0
1711 1711 1.0
1713 1713 1.0
1715 1719 1.0
1721 1721 1.0
1723 1723 1.0
1725 1725 1.0
1730 1731 1.0
1733 1733 1.0
1737 1739 1.0
1743 1744 1.0
1746 1747 1.0
1750 1753 1.0
1766 1773 1.0
1779 1780 1.0
1782 1788 1.0
1799 1802 1.0
1804 1805 1.0
1811 1815 1.0
1817 1819 1.0
1831 1838 1.0
1840 1840 1.0
1853 1853 1.0
1855 1868 1.0
1874 1874 1.0
1885 1894 1.0
1897 1897 1.0
1899 1899 1.0
1903 1909 1.0
1911 1911 1.0
1922 1930 1.0
1937 1945 1.0
1953 1957 1.0
1967 1973 1.0
1975 1977 1.0
1984 1985 1.0
1992 1992 1.0
1996 2002 1.0
2004 2004 1.0
2010 2011 1.0
2014 2014 1.0
2016 2020 1.0
2024 2024 1.0
2026 2026 1.0
2043 2053 1.0
2063 2068 1.0
2070 2071 1.0
2080 2080 1.0
2082 2082 1.0
2084 2089 1.0
2092 2092 1.0
2101 2101 1.0
2112 2113 1.0
2115 2122 1.0
2139 2149 1.0
2151 2151 1.0
2160 2162 1.0
2164 2166 1.0
2168 2169 1.0
2183 2194 1.0
2206 2206 1.0
2215 2216 1.0
2218 2222 1.0
