24 26 1.0
29 29 1.0
42 47 1.0
49 49 1.0
66 75 1.0
85 85 1.0
87 92 1.0
95 95 1.0
97 97 1.0
99 100 1.0
102 102 1.0
104 104 1.0
109 109 1.0
116 116 1.0
118 119 1.0
121 121 1.0
123 126 1.0
128 131 1.0
133 134 1.0
142 143 1.0
147 148 1.0
155 160 1.0
171 178 1.0
185 192 1.0
204 214 1.0
217 219 1.0
224 224 1.0
232 232 1.0
234 234 1.0
236 236 1.0
239 239 1.0
246 251 1.0
262 269 1.0
292 294 1.0
297 300 1.0
302 302 1.0
304 307 1.0
309 312 1.0
324 326 1.0
328 328 1.0
330 333 1.0
337 338 1.0
343 343 1.0
355 355 1.0
360 360 1.0
362 362 1.0
367 367 1.0
369 369 1.0
371 375 1.0
377 377 1.0
381 381 1.0
387 387 1.0
401 406 1.0
408 408 1.0
410 410 1.0
418 418 1.0
423 423 1.0
433 433 1.0
435 437 1.0
439 440 1.0
442 442 1.0
449 449 1.0
452 452 1.0
454 454 1.0
459 462 1.0
464 468 1.0
479 479 1.0
483 483 1.0
485 485 1.0
491 491 1.0
495 495 1.0
497 499 1.0
507 508 1.0
511 513 1.0
516 516 1.0
520 520 1.0
523 529 1.0
544 545 1.0
548 555 1.0
557 558 1.0
567 567 1.0
569 569 1.0
581 581 1.0
585 586 1.0
598 606 1.0
618 618 1.0
620 622 1.0
624 624 1.0
626 628 1.0
630 630 1.0
632 632 1.0
634 636 1.0
638 638 1.0
640 640 1.0
642 642 1.0
648 648 1.0
652 652 1.0
656 657 1.0
660 660 1.0
665 665 1.0
675 675 1.0
677 679 1.0
681 683 1.0
685 687 1.0
703 714 1.0
716 716 1.0
733 741 1.0
743 743 1.0
761 761 1.0
763 771 1.0
783 785 1.0
787 788 1.0
797 805 1.0
814 819 1.0
831 832 1.0
837 838 1.0
840 841 1.0
843 843 1.0
845 847 1.0
855 855 1.0
858 860 1.0
863 863 1.0
872 873 1.0
875 876 1.0
878 879 1.0
882 882 1.0
885 885 1.0
888 892 1.0
904 905 1.0
907 914 1.0
917 917 1.0
921 923 1.0
935 942 1.0
953 956 1.0
959 962 1.0
976 976 1.0
978 983 1.0
996 996 1.0
998 998 1.0
1003 1013 1.0
1024 1024 1.0
1026 1030 1.0
1032 1033 1.0
1038 1045 1.0
1058 1058 1.0
1060 1061 1.0
1063 1063 1.0
1066 1072 1.0
1088 1089 1.0
1092 1093 1.0
1095 1098 1.0
1101 1102 1.0
1113 1113 1.0
1115 1121 1.0
1123 1123 1.0
1125 1125 1.0
1127 1129 1.0
1131 1133 1.0
1145 1145 1.0
1147 1150 1.0
1164 1166 1.0
1169 1176 1.0
1187 1187 1.0
1189 1191 1.0
1203 1208 1.0
1215 1220 1.0
1232 1237 1.0
1243 1243 1.0
1246 1251 1.0
1253 1253 1.0
1262 1263 1.0
1265 1268 1.0
1274 1275 1.0
1278 1279 1.0
1287 1287 1.0
1290 1293 1.0
1296 1296 1.0
1300 1300 1.0
1304 1308 1.0
1310 1310 1.0
1323 1329 1.0
1332 1334 1.0
1336 1336 1.0
1338 1339 1.0
1341 1341 1.0
1345 1346 1.0
1351 1351 1.0
1353 1354 1.0
1373 1383 1.0
1390 1397 1.0
1407 1409 1.0
1412 1412 1.0
1420 1422 1.0
1424 1427 1.0
1429 1429 1.0
1434 1434 1.0
1436 1436 1.0
1438 1438 1.0
1451 1457 1.0
1469 1474 1.0
1477 1477 1.0
1479 1479 1.0
1481 1481 1.0
1483 1484 1.0
1496 1500 1.0
1509 1515 1.0
1527 1531 1.0
1535 1535 1.0
1537 1537 1.0
1539 1539 1.0
1541 1544 1.0
1556 1570 1.0
1572 1573 1.0
1586 1586 1.0
1594 1603 1.0
1614 1619 1.0
1623 1624 1.0
1630 1634 1.0
1637 1637 1.0
1646 1647 1.0
1649 1649 1.0
1651 1652 1.0
1654 1654 1.0
1656 1656 1.0
1659 1659 1.0
1661 1661 1.0
1663 1664 1.0
1666 1666 1.0
1676 1676 1.0
1678 1682 1.0
1684 1684 1.0
1686 1686 1.0
1688 1688 1.0
1690 1690 1.0
1694 1694 1.0
1706 1708 1.0
1714 1714 1.0
1717 1717 1.0
1719 1723 1.0
1729 1729 1.0
1734 1739 1.0
1747 1747 1.0
1749 1750 1.0
1752 1752 1.0
1762 1762 1.0
1764 1768 1.0
1770 1770 1.0
1776 1784 1.0
1786 1786 1.0
1798 1801 1.0
1803 1810 1.0
1821 1821 1.0
1823 1826 1.0
1828 1828 1.0
1838 1845 1.0
1848 1848 1.0
1857 1857 1.0
1865 1867 1.0
1869 1874 1.0
1886 1886 1.0
1888 1888 1.0
1895 1897 1.0
1900 1902 1.0
1904 1905 1.0
1907 1907 1.0
1909 1909 1.0
1919 1921 1.0
1923 1924 1.0
1926 1929 1.0
1940 1951 1.0
1955 1955 1.0
1957 1957 1.0
1959 1959 1.0
1969 1969 1.0
1971 1976 1.0
1978 1978 1.0
1981 1981 1.0
1986 1988 1.0
1990 1990 1.0
2002 2007 1.0
2019 2019 1.0
2024 2029 1.0
2031 2034 1.0
2052 2052 1.0
2054 2054 1.0
2058 2063 1.0
2066 2069 1.0
2071 2075 1.0
2096 2108 1.0
2114 2114 1.0
2128 2128 1.0
2130 2136 1.0
2140 2140 1.0
2143 2143 1.0
2145 2145 1.0
2148 2149 1.0
2153 2153 1.0
2155 2155 1.0
2157 2157 1.0
2160 2163 1.0
2174 2176 1.0
2178 2181 1.0
2189 2196 1.0
2208 2218 1.0
2230 2231 1.0
2233 2239 1.0
2246 2252 1.0
2254 2254 1.0
2268 2269 1.0
2271 2278 1.0
2280 2282 1.0
2295 2295 1.0
2297 2300 1.0
2302 2302 1.0
2307 2307 1.0
2310 2312 1.0
2315 2315 1.0
2322 2322 1.0
2328 2328 1.0
2335 2343 1.0
2354 2355 1.0
2357 2358 1.0
2366 2372 1.0
2384 2385 1.0
2387 2388 1.0
2390 2393 1.0
2396 2397 1.0
2399 2401 1.0
2415 2416 1.0
2427 2430 1.0
2442 2446 1.0
2454 2462 1.0
2472 2477 1.0
2485 2485 1.0
2488 2492 1.0
2494 2495 1.0
2498 2498 1.0
2502 2502 1.0
2504 2504 1.0
2506 2507 1.0
2511 2511 1.0
2514 2515 1.0
2528 2528 1.0
2530 2537 1.0
2549 2559 1.0
2566 2567 1.0
2579 2585 1.0
2593 2594 1.0
2608 2614 1.0
2618 2618 1.0
2627 2628 1.0
2635 2635 1.0
2637 2637 1.0
2640 2640 1.0
2642 2643 1.0
2645 2645 1.0
2647 2647 1.0
2652 2652 1.0
2665 2674 1.0
2686 2686 1.0
2692 2692 1.0
2695 2696 1.0
2698 2702 1.0
2705 2705 1.0
2708 2708 1.0
2710 2710 1.0
2712 2712 1.0
2715 2715 1.0
2724 2725 1.0
2727 2730 1.0
2743 2744 1.0
2746 2747 1.0
2749 2750 1.0
2752 2753 1.0
2755 2756 1.0
2770 2772 1.0
2780 2780 1.0
2784 2786 1.0
2793 2793 1.0
2799 2799 1.0
2801 2801 1.0
2807 2811 1.0
2813 2817 1.0
2824 2824 1.0
2828 2829 1.0
2832 2832 1.0
2841 2841 1.0
2854 2864 1.0
2874 2875 1.0
2884 2884 1.0
2888 2891 1.0
2893 2893 1.0
2896 2898 1.0
2900 2901 1.0
2903 2906 1.0
2920 2920 1.0
2922 2923 1.0
2925 2925 1.0
2928 2928 1.0
2930 2930 1.0
2932 2932 1.0
2935 2935 1.0
2937 2937 1.0
2944 2945 1.0
2947 2947 1.0
2950 2950 1.0
2957 2964 1.0
2966 2966 1.0
2976 2976 1.0
2978 2980 1.0
2984 2985 1.0
2991 2995 1.0
3010 3010 1.0
3013 3013 1.0
3016 3020 1.0
3022 3026 1.0
3039 3043 1.0
3045 3045 1.0
3047 3050 1.0
3052 3052 1.0
3054 3054 1.0
3073 3084 1.0
3092 3093 1.0
3106 3114 1.0
3125 3125 1.0
3127 3127 1.0
3137 3137 1.0
3139 3143 1.0
3154 3155 1.0
3157 3157 1.0
3159 3160 1.0
3169 3173 1.0
3175 3175 1.0
3177 3177 1.0
3185 3187 1.0
3192 3192 1.0
3199 3202 1.0
3204 3204 1.0
3206 3206 1.0
3216 3216 1.0
3218 3223 1.0
3225 3226 1.0
3228 3228 1.0
3231 3232 1.0
3235 3235 1.0
3245 3245 1.0
3247 3250 1.0
3254 3254 1.0
3259 3259 1.0
3262 3262 1.0
3268 3269 1.0
3272 3274 1.0
3276 3277 1.0
3282 3282 1.0
3288 3290 1.0
3300 3300 1.0
3302 3308 1.0
3312 3313 1.0
3315 3316 1.0
3319 3321 1.0
3333 3340 1.0
3343 3343 1.0
3353 3353 1.0
3355 3355 1.0
3357 3363 1.0
3365 3365 1.0
3386 3395 1.0
3403 3403 1.0
3407 3409 1.0
3421 3422 1.0
3428 3428 1.0
3431 3432 1.0
3434 3438 1.0
3444 3444 1.0
3449 3450 1.0
3454 3454 1.0
3458 3459 1.0
3462 3468 1.0
3471 3473 1.0
3492 3497 1.0
3499 3505 1.0
3509 3510 1.0
3517 3519 1.0
3522 3524 1.0
3536 3546 1.0
3552 3553 1.0
3558 3560 1.0
3562 3562 1.0
3565 3565 1.0
3567 3567 1.0
3574 3574 1.0
3577 3579 1.0
3581 3582 1.0
3593 3597 1.0
3599 3599 1.0
3602 3603 1.0
3606 3609 1.0
3622 3626 1.0
3632 3632 1.0
3635 3636 1.0
3638 3638 1.0
3640 3640 1.0
3650 3650 1.0
3652 3657 1.0
3659 3659 1.0
3669 3669 1.0
3673 3674 1.0
3676 3678 1.0
3680 3680 1.0
3690 3690 1.0
3692 3698 1.0
3710 3710 1.0
3712 3713 1.0
3722 3722 1.0
3724 3731 1.0
3738 3740 1.0
3752 3757 1.0
3760 3760 1.0
3768 3770 1.0
3773 3773 1.0
3777 3778 1.0
3780 3783 1.0
3785 3785 1.0
3787 3787 1.0
3797 3797 1.0
3799 3799 1.0
3803 3803 1.0
3807 3814 1.0
3824 3824 1.0
3826 3831 1.0
3838 3838 1.0
3841 3844 1.0
3856 3857 1.0
3859 3859 1.0
3871 3876 1.0
3878 3879 1.0
3884 3886 1.0
3888 3888 1.0
3890 3893 1.0
3904 3904 1.0
3917 3927 1.0
3933 3933 1.0
3942 3942 1.0
3945 3946 1.0
3948 3948 1.0
3954 3954 1.0
3957 3963 1.0
3974 3978 1.0
3982 3982 1.0
4000 4010 1.0
4019 4019 1.0
4027 4027 1.0
4029 4029 1.0
4032 4033 1.0
4042 4048 1.0
4060 4064 1.0
4070 4070 1.0
4074 4078 1.0
4080 4080 1.0
4082 4082 1.0
4090 4090 1.0
4092 4095 1.0
4103 4104 1.0
4107 4110 1.0
4112 4112 1.0
4119 4119 1.0
4121 4126 1.0
4138 4139 1.0
4141 4141 1.0
4151 4151 1.0
4162 4162 1.0
4164 4170 1.0
4180 4180 1.0
4182 4183 1.0
4191 4192 1.0
4195 4197 1.0
4199 4199 1.0
4208 4209 1.0
4211 4213 1.0
4223 4224 1.0
4226 4229 1.0
4242 4244 1.0
4250 4259 1.0
4270 4271 1.0
4273 4273 1.0
4283 4287 1.0
4290 4290 1.0
4299 4299 1.0
4302 4302 1.0
4304 4305 1.0
4308 4308 1.0
4311 4312 1.0
4314 4314 1.0
4316 4317 1.0
4324 4324 1.0
