24 25 1.0
27 28 1.0
42 50 1.0
62 67 1.0
82 84 1.0
86 86 1.0
102 102 1.0
116 117 1.0
142 142 1.0
147 147 1.0
171 173 1.0
185 185 1.0
202 202 1.0
244 244 1.0
260 262 1.0
267 269 1.0
281 282 1.0
286 289 1.0
300 300 1.0
328 330 1.0
338 338 1.0
363 365 1.0
367 367 1.0
399 399 1.0
421 426 1.0
458 458 1.0
475 475 1.0
487 493 1.0
497 500 1.0
512 513 1.0
524 526 1.0
571 574 1.0
614 615 1.0
619 619 1.0
631 632 1.0
644 647 1.0
662 666 1.0
713 715 1.0
767 767 1.0
810 811 1.0
819 819 1.0
851 861 1.0
875 878 1.0
881 887 1.0
900 901 1.0
903 904 1.0
906 906 1.0
926 928 1.0
975 975 1.0
996 1004 1.0
1017 1023 1.0
1037 1040 1.0
1042 1043 1.0
1087 1087 1.0
1089 1092 1.0
1096 1096 1.0
1113 1122 1.0
1149 1150 1.0
1157 1159 1.0
1161 1161 1.0
1171 1171 1.0
1174 1176 1.0
1210 1212 1.0
1215 1215 1.0
1254 1257 1.0
1263 1264 1.0
1277 1277 1.0
1383 1386 1.0
1406 1413 1.0
1428 1438 1.0
1452 1456 1.0
1462 1464 1.0
1467 1471 1.0
1484 1484 1.0
1486 1499 1.0
1512 1515 1.0
1544 1545 1.0
1578 1584 1.0
1606 1606 1.0
1632 1632 1.0
1634 1634 1.0
1653 1653 1.0
1670 1684 1.0
1706 1719 1.0
1723 1723 1.0
1731 1731 1.0
1736 1737 1.0
1740 1740 1.0
1761 1763 1.0
1770 1770 1.0
1797 1797 1.0
1805 1806 1.0
1824 1824 1.0
1852 1852 1.0
1854 1857 1.0
1896 1900 1.0
1902 1902 1.0
1929 1929 1.0
1931 1933 1.0
1950 1959 1.0
1998 2001 1.0
2013 2023 1.0
2028 2029 1.0
2046 2056 1.0
2062 2071 1.0
2083 2087 1.0
2100 2107 1.0
2119 2120 1.0
2133 2133 1.0
2137 2140 1.0
2158 2158 1.0
2162 2162 1.0
2215 2216 1.0
2237 2246 1.0
2272 2272 1.0
2309 2318 1.0
2373 2374 1.0
2386 2387 1.0
2390 2390 1.0
2406 2406 1.0
2409 2409 1.0
2428 2435 1.0
2448 2449 1.0
2461 2461 1.0
2502 2502 1.0
2533 2534 1.0
2549 2553 1.0
2613 2618 1.0
2646 2646 1.0
2658 2661 1.0
2678 2684 1.0
2697 2706 1.0
2716 2720 1.0
2722 2724 1.0
2736 2740 1.0
2753 2758 1.0
2769 2775 1.0
2778 2779 1.0
2815 2823 1.0
2846 2847 1.0
2871 2879 1.0
2914 2916 1.0
2927 2928 1.0
2934 2937 1.0
2949 2949 1.0
2972 2979 1.0
2998 3004 1.0
3016 3023 1.0
3051 3051 1.0
3074 3077 1.0
3079 3079 1.0
3110 3114 1.0
3126 3132 1.0
3150 3150 1.0
3152 3157 1.0
3160 3160 1.0
3174 3174 1.0
3180 3195 1.0
3208 3208 1.0
3216 3218 1.0
