32 44 1.0
56 65 1.0
77 77 1.0
83 84 1.0
86 87 1.0
90 93 1.0
103 103 1.0
106 107 1.0
109 120 1.0
122 122 1.0
136 146 1.0
157 163 1.0
165 165 1.0
172 172 1.0
174 174 1.0
178 178 1.0
182 182 1.0
184 186 1.0
188 188 1.0
190 190 1.0
192 192 1.0
202 202 1.0
218 222 1.0
226 226 1.0
229 229 1.0
232 234 1.0
236 236 1.0
238 239 1.0
244 244 1.0
247 247 1.0
256 256 1.0
259 259 1.0
264 264 1.0
266 266 1.0
268 268 1.0
275 275 1.0
280 284 1.0
288 294 1.0
297 299 1.0
306 306 1.0
321 331 1.0
352 353 1.0
356 362 1.0
365 366 1.0
378 378 1.0
380 380 1.0
383 386 1.0
388 388 1.0
390 391 1.0
397 398 1.0
412 412 1.0
415 424 1.0
438 441 1.0
445 447 1.0
453 453 1.0
455 455 1.0
459 461 1.0
465 465 1.0
467 475 1.0
483 483 1.0
487 490 1.0
495 497 1.0
511 520 1.0
535 535 1.0
537 539 1.0
541 545 1.0
547 547 1.0
550 551 1.0
559 560 1.0
562 562 1.0
564 570 1.0
572 572 1.0
577 579 1.0
582 582 1.0
595 599 1.0
602 605 1.0
611 612 1.0
621 622 1.0
627 627 1.0
635 643 1.0
664 664 1.0
666 670 1.0
686 696 1.0
709 718 1.0
727 730 1.0
732 736 1.0
742 742 1.0
748 748 1.0
750 750 1.0
753 755 1.0
775 785 1.0
798 806 1.0
819 819 1.0
821 822 1.0
824 829 1.0
831 831 1.0
839 839 1.0
841 841 1.0
845 845 1.0
851 851 1.0
861 861 1.0
864 867 1.0
869 875 1.0
879 880 1.0
895 902 1.0
904 904 1.0
906 906 1.0
910 910 1.0
923 925 1.0
927 933 1.0
935 937 1.0
953 961 1.0
974 979 1.0
983 983 1.0
997 997 1.0
1000 1000 1.0
1002 1004 1.0
1007 1007 1.0
1009 1010 1.0
1014 1014 1.0
1024 1024 1.0
1028 1028 1.0
1030 1030 1.0
1033 1041 1.0
1043 1043 1.0
1057 1057 1.0
1060 1070 1.0
1072 1073 1.0
1082 1082 1.0
1085 1086 1.0
1088 1088 1.0
1091 1094 1.0
1096 1102 1.0
1105 1105 1.0
1120 1132 1.0
1147 1152 1.0
1154 1154 1.0
1156 1157 1.0
1164 1164 1.0
1166 1166 1.0
1171 1171 1.0
1174 1174 1.0
1179 1179 1.0
1189 1189 1.0
1193 1193 1.0
1195 1198 1.0
1209 1217 1.0
1222 1223 1.0
1231 1232 1.0
1235 1241 1.0
1244 1245 1.0
1248 1248 1.0
1254 1255 1.0
1257 1258 1.0
1264 1264 1.0
1267 1267 1.0
1269 1274 1.0
1276 1277 1.0
1296 1305 1.0
1320 1322 1.0
1324 1327 1.0
1334 1334 1.0
1337 1337 1.0
1339 1343 1.0
1345 1345 1.0
1347 1347 1.0
1350 1350 1.0
1364 1372 1.0
1382 1386 1.0
1400 1402 1.0
1408 1411 1.0
1414 1418 1.0
1421 1424 1.0
1426 1432 1.0
1446 1446 1.0
1464 1475 1.0
1487 1487 1.0
1493 1497 1.0
1499 1504 1.0
1508 1510 1.0
1513 1513 1.0
1516 1518 1.0
1521 1524 1.0
1526 1526 1.0
1529 1529 1.0
1543 1547 1.0
1549 1552 1.0
1565 1566 1.0
1568 1573 1.0
1581 1583 1.0
1585 1589 1.0
1595 1595 1.0
1602 1602 1.0
1607 1608 1.0
1610 1617 1.0
1632 1632 1.0
1635 1646 1.0
1649 1649 1.0
1665 1675 1.0
1679 1679 1.0
1693 1700 1.0
1702 1703 1.0
1705 1705 1.0
1707 1707 1.0
1712 1712 1.0
1715 1715 1.0
1721 1721 1.0
1729 1729 1.0
1733 1742 1.0
1755 1765 1.0
1771 1771 1.0
1773 1775 1.0
1777 1778 1.0
1787 1787 1.0
1789 1797 1.0
1799 1799 1.0
1824 1834 1.0
1847 1857 1.0
1865 1865 1.0
1869 1871 1.0
1874 1875 1.0
1877 1877 1.0
1880 1880 1.0
1884 1884 1.0
1886 1887 1.0
1889 1890 1.0
1892 1892 1.0
1911 1922 1.0
1937 1942 1.0
1946 1947 1.0
1951 1952 1.0
1954 1957 1.0
1959 1959 1.0
1961 1961 1.0
1964 1968 1.0
1971 1971 1.0
1973 1973 1.0
1990 1990 1.0
1994 1995 1.0
1997 2000 1.0
2002 2005 1.0
