24 26 1.0
30 30 1.0
32 33 1.0
35 40 1.0
58 60 1.0
62 62 1.0
66 66 1.0
68 68 1.0
71 76 1.0
78 80 1.0
92 93 1.0
96 101 1.0
115 125 1.0
148 148 1.0
150 152 1.0
156 156 1.0
177 186 1.0
202 202 1.0
206 212 1.0
216 216 1.0
226 226 1.0
228 228 1.0
230 233 1.0
236 236 1.0
240 243 1.0
259 259 1.0
261 265 1.0
277 277 1.0
279 279 1.0
282 287 1.0
292 292 1.0
296 296 1.0
298 302 1.0
317 321 1.0
325 326 1.0
335 335 1.0
337 346 1.0
369 381 1.0
397 397 1.0
413 423 1.0
429 429 1.0
432 436 1.0
438 438 1.0
448 448 1.0
460 460 1.0
462 462 1.0
464 470 1.0
494 504 1.0
517 524 1.0
542 542 1.0
544 552 1.0
573 582 1.0
592 599 1.0
613 624 1.0
643 643 1.0
645 653 1.0
667 670 1.0
672 672 1.0
687 697 1.0
710 710 1.0
727 735 1.0
744 745 1.0
751 751 1.0
760 761 1.0
763 765 1.0
769 769 1.0
782 782 1.0
785 787 1.0
789 789 1.0
805 808 1.0
810 810 1.0
812 812 1.0
830 838 1.0
856 866 1.0
876 881 1.0
888 889 1.0
893 898 1.0
901 901 1.0
918 923 1.0
926 930 1.0
932 933 1.0
935 935 1.0
956 966 1.0
978 987 1.0
1009 1009 1.0
1011 1022 1.0
1038 1046 1.0
1054 1054 1.0
1058 1059 1.0
1064 1064 1.0
1066 1066 1.0
1082 1090 1.0
1096 1096 1.0
1101 1105 1.0
1134 1137 1.0
1139 1145 1.0
1148 1149 1.0
1161 1166 1.0
1178 1189 1.0
1200 1202 1.0
1217 1228 1.0
1247 1257 1.0
1273 1284 1.0
1304 1309 1.0
1311 1314 1.0
1316 1316 1.0
1321 1321 1.0
1326 1326 1.0
1335 1336 1.0
1348 1358 1.0
1360 1360 1.0
1376 1385 1.0
1398 1398 1.0
1400 1408 1.0
1410 1410 1.0
1414 1414 1.0
1422 1423 1.0
1426 1427 1.0
1430 1430 1.0
1451 1462 1.0
1479 1489 1.0
1491 1491 1.0
1496 1496 1.0
1510 1518 1.0
1540 1550 1.0
1573 1580 1.0
1591 1599 1.0
1611 1620 1.0
1628 1628 1.0
1632 1634 1.0
1640 1643 1.0
1645 1650 1.0
1669 1680 1.0
1692 1693 1.0
1701 1701 1.0
1714 1715 1.0
1718 1719 1.0
1721 1724 1.0
1727 1728 1.0
1731 1731 1.0
1747 1757 1.0
1773 1773 1.0
1776 1777 1.0
1780 1782 1.0
1794 1794 1.0
1798 1808 1.0
1823 1832 1.0
1847 1847 1.0
1849 1855 1.0
1870 1880 1.0
1892 1893 1.0
1895 1895 1.0
1905 1909 1.0
1918 1919 1.0
1921 1928 1.0
1944 1945 1.0
1951 1954 1.0
1956 1962 1.0
1966 1966 1.0
1970 1972 1.0
1974 1974 1.0
1996 2000 1.0
2017 2017 1.0
2021 2021 1.0
2031 2031 1.0
2035 2041 1.0
2044 2044 1.0
2069 2079 1.0
2103 2104 1.0
2106 2109 1.0
2113 2113 1.0
2119 2119 1.0
2133 2133 1.0
2137 2143 1.0
2145 2147 1.0
2170 2180 1.0
2192 2198 1.0
2213 2223 1.0
3276 3276 1.0
