24 24 1.0
26 29 1.0
41 42 1.0
51 52 1.0
54 55 1.0
67 71 1.0
73 73 1.0
83 83 1.0
85 86 1.0
92 92 1.0
94 95 1.0
98 104 1.0
107 111 1.0
125 125 1.0
127 133 1.0
137 137 1.0
140 140 1.0
142 142 1.0
145 145 1.0
155 155 1.0
157 159 1.0
166 166 1.0
170 174 1.0
184 189 1.0
196 196 1.0
200 202 1.0
204 206 1.0
208 208 1.0
213 214 1.0
222 222 1.0
241 241 1.0
243 251 1.0
257 257 1.0
259 259 1.0
261 262 1.0
264 264 1.0
274 274 1.0
278 284 1.0
286 288 1.0
290 290 1.0
300 301 1.0
306 306 1.0
314 315 1.0
319 319 1.0
322 324 1.0
326 329 1.0
331 332 1.0
336 337 1.0
341 341 1.0
344 346 1.0
349 351 1.0
353 353 1.0
368 368 1.0
370 370 1.0
372 372 1.0
374 377 1.0
388 396 1.0
401 401 1.0
417 417 1.0
424 424 1.0
429 429 1.0
431 434 1.0
436 439 1.0
441 441 1.0
446 446 1.0
450 450 1.0
452 452 1.0
466 474 1.0
486 487 1.0
495 496 1.0
503 504 1.0
508 510 1.0
521 527 1.0
530 530 1.0
548 556 1.0
575 581 1.0
583 583 1.0
597 597 1.0
604 608 1.0
610 610 1.0
619 624 1.0
635 639 1.0
643 645 1.0
651 651 1.0
653 653 1.0
657 658 1.0
672 676 1.0
688 696 1.0
708 710 1.0
713 713 1.0
715 718 1.0
721 725 1.0
747 747 1.0
749 749 1.0
757 757 1.0
761 765 1.0
769 771 1.0
775 777 1.0
782 783 1.0
789 791 1.0
803 811 1.0
815 818 1.0
820 820 1.0
836 846 1.0
848 849 1.0
858 858 1.0
862 865 1.0
867 868 1.0
872 872 1.0
875 882 1.0
897 910 1.0
931 940 1.0
948 948 1.0
962 970 1.0
984 985 1.0
987 993 1.0
1005 1009 1.0
1012 1013 1.0
1015 1015 1.0
1018 1019 1.0
1034 1034 1.0
1036 1047 1.0
1051 1051 1.0
1068 1081 1.0
1098 1103 1.0
1108 1108 1.0
1115 1118 1.0
1120 1125 1.0
1129 1133 1.0
1135 1138 1.0
1142 1142 1.0
1150 1150 1.0
1166 1179 1.0
1197 1197 1.0
1200 1210 1.0
1212 1213 1.0
1217 1217 1.0
1221 1221 1.0
1233 1233 1.0
1235 1235 1.0
1237 1238 1.0
1240 1242 1.0
1245 1246 1.0
1261 1268 1.0
1280 1289 1.0
1307 1307 1.0
1309 1313 1.0
1315 1317 1.0
1319 1319 1.0
1323 1325 1.0
1329 1329 1.0
1350 1360 1.0
1373 1382 1.0
1394 1397 1.0
1399 1401 1.0
1419 1420 1.0
1425 1425 1.0
1428 1430 1.0
1432 1435 1.0
1453 1453 1.0
1463 1463 1.0
1466 1470 1.0
1480 1480 1.0
1484 1484 1.0
1486 1488 1.0
1490 1490 1.0
1492 1492 1.0
1504 1506 1.0
1517 1526 1.0
1555 1556 1.0
1568 1571 1.0
1575 1578 1.0
1583 1585 1.0
1597 1605 1.0
1623 1630 1.0
1632 1633 1.0
1642 1642 1.0
1661 1671 1.0
1688 1690 1.0
1694 1700 1.0
1702 1704 1.0
1715 1724 1.0
1737 1745 1.0
1757 1759 1.0
1767 1767 1.0
1770 1775 1.0
1777 1777 1.0
1787 1790 1.0
1792 1793 1.0
1795 1796 1.0
1808 1808 1.0
1810 1818 1.0
1835 1835 1.0
1838 1849 1.0
1863 1863 1.0
1865 1865 1.0
1868 1868 1.0
1871 1873 1.0
1880 1881 1.0
1887 1887 1.0
1889 1889 1.0
1893 1901 1.0
1928 1937 1.0
1949 1953 1.0
1959 1959 1.0
1964 1966 1.0
1968 1969 1.0
1971 1971 1.0
1974 1974 1.0
1977 1978 1.0
1983 1983 1.0
1986 1987 1.0
1990 1993 1.0
2005 2012 1.0
2016 2017 1.0
2019 2019 1.0
2024 2025 1.0
2037 2045 1.0
2055 2055 1.0
2057 2070 1.0
2092 2102 1.0
2114 2114 1.0
2116 2124 1.0
2126 2126 1.0
2135 2136 1.0
2140 2141 1.0
2148 2150 1.0
2155 2155 1.0
2172 2176 1.0
2178 2180 1.0
2188 2188 1.0
2194 2197 1.0
2200 2204 1.0
2214 2214 1.0
2217 2217 1.0
2219 2221 1.0
2227 2229 1.0
2231 2231 1.0
2233 2234 1.0
2246 2247 1.0
2250 2259 1.0
2261 2261 1.0
2269 2271 1.0
2277 2279 1.0
2286 2287 1.0
2290 2300 1.0
2316 2316 1.0
2319 2331 1.0
2350 2359 1.0
2361 2361 1.0
2365 2365 1.0
2370 2371 1.0
2374 2374 1.0
2377 2379 1.0
2383 2383 1.0
2402 2412 1.0
2424 2424 1.0
2438 2438 1.0
2442 2444 1.0
2450 2452 1.0
2455 2459 1.0
2462 2462 1.0
2481 2492 1.0
2494 2494 1.0
2509 2509 1.0
2511 2511 1.0
2521 2522 1.0
2524 2524 1.0
2526 2527 1.0
2529 2529 1.0
2531 2534 1.0
2536 2536 1.0
2539 2539 1.0
2541 2541 1.0
2546 2547 1.0
2566 2566 1.0
2568 2569 1.0
2572 2575 1.0
2578 2578 1.0
2580 2583 1.0
2605 2605 1.0
2608 2608 1.0
2612 2613 1.0
2615 2615 1.0
2618 2623 1.0
2625 2625 1.0
2642 2653 1.0
2659 2659 1.0
2663 2668 1.0
2671 2671 1.0
2673 2673 1.0
2686 2693 1.0
2703 2703 1.0
2706 2709 1.0
2711 2711 1.0
2713 2713 1.0
2715 2716 1.0
2720 2721 1.0
2723 2723 1.0
2725 2725 1.0
2727 2729 1.0
2735 2735 1.0
2750 2762 1.0
2781 2786 1.0
2798 2808 1.0
2825 2825 1.0
2829 2829 1.0
2831 2831 1.0
2833 2836 1.0
2841 2841 1.0
2850 2850 1.0
2853 2860 1.0
2862 2863 1.0
2867 2867 1.0
2870 2870 1.0
2875 2875 1.0
2877 2877 1.0
2879 2879 1.0
2882 2882 1.0
2884 2885 1.0
2887 2887 1.0
2889 2889 1.0
2905 2906 1.0
2909 2915 1.0
2918 2919 1.0
2931 2931 1.0
2935 2935 1.0
2945 2945 1.0
2950 2950 1.0
2953 2953 1.0
2955 2957 1.0
2959 2959 1.0
2971 2972 1.0
2974 2976 1.0
2978 2979 1.0
2991 3000 1.0
3018 3018 1.0
3024 3025 1.0
3028 3033 1.0
3037 3037 1.0
3045 3045 1.0
3049 3054 1.0
3070 3078 1.0
3080 3080 1.0
3092 3096 1.0
3098 3100 1.0
3102 3102 1.0
3106 3106 1.0
3108 3108 1.0
3110 3110 1.0
3112 3112 1.0
3114 3115 1.0
3118 3118 1.0
3133 3137 1.0
3142 3142 1.0
3149 3152 1.0
3154 3156 1.0
3164 3164 1.0
3170 3175 1.0
3178 3179 1.0
3191 3196 1.0
3198 3198 1.0
3210 3212 1.0
3215 3216 1.0
3218 3219 1.0
3224 3225 1.0
3227 3228 1.0
3237 3237 1.0
3241 3241 1.0
3243 3247 1.0
3249 3251 1.0
3264 3264 1.0
3267 3267 1.0
3279 3286 1.0
3306 3318 1.0
3345 3355 1.0
3364 3370 1.0
3382 3384 1.0
3386 3386 1.0
3398 3398 1.0
3400 3405 1.0
3410 3411 1.0
3423 3423 1.0
3425 3435 1.0
3449 3449 1.0
3451 3451 1.0
3467 3471 1.0
3473 3474 1.0
3477 3477 1.0
3483 3483 1.0
3490 3490 1.0
3496 3496 1.0
3498 3498 1.0
3500 3500 1.0
3502 3502 1.0
3505 3506 1.0
3508 3508 1.0
3510 3510 1.0
3514 3514 1.0
3526 3527 1.0
3530 3541 1.0
3557 3573 1.0
3588 3597 1.0
3602 3602 1.0
3605 3612 1.0
3614 3615 1.0
3631 3631 1.0
3633 3634 1.0
3636 3636 1.0
3650 3660 1.0
3662 3662 1.0
3667 3667 1.0
3681 3693 1.0
3711 3712 1.0
3715 3718 1.0
3720 3721 1.0
3724 3724 1.0
3728 3728 1.0
3736 3738 1.0
3741 3742 1.0
3744 3745 1.0
3750 3751 1.0
3754 3754 1.0
3765 3775 1.0
3777 3777 1.0
3795 3796 1.0
3798 3801 1.0
3803 3803 1.0
3808 3818 1.0
3829 3829 1.0
3831 3832 1.0
3835 3838 1.0
3841 3850 1.0
3853 3853 1.0
3867 3876 1.0
3887 3889 1.0
3891 3891 1.0
3893 3894 1.0
3896 3896 1.0
3913 3913 1.0
3915 3923 1.0
3925 3925 1.0
3940 3944 1.0
3946 3948 1.0
3952 3952 1.0
3955 3960 1.0
3972 3972 1.0
3975 3980 1.0
3982 3982 1.0
3995 4004 1.0
4017 4022 1.0
4025 4028 1.0
4039 4039 1.0
4042 4044 1.0
4046 4046 1.0
4064 4071 1.0
4083 4090 1.0
4098 4099 1.0
4102 4102 1.0
4109 4109 1.0
4114 4114 1.0
4126 4126 1.0
4129 4129 1.0
4131 4134 1.0
4136 4136 1.0
4139 4139 1.0
4141 4141 1.0
4145 4149 1.0
4164 4170 1.0
4174 4174 1.0
4182 4183 1.0
4188 4188 1.0
4190 4193 1.0
4195 4200 1.0
4215 4223 1.0
4225 4225 1.0
4238 4238 1.0
4240 4248 1.0
4255 4255 1.0
4261 4262 1.0
4267 4267 1.0
4271 4271 1.0
4274 4275 1.0
4279 4281 1.0
4295 4295 1.0
4297 4301 1.0
4303 4304 1.0
4317 4317 1.0
4319 4324 1.0
