36 40 1.0
43 44 1.0
62 63 1.0
65 66 1.0
75 75 1.0
79 81 1.0
83 83 1.0
85 85 1.0
97 97 1.0
100 100 1.0
103 103 1.0
112 119 1.0
126 128 1.0
130 134 1.0
147 147 1.0
149 150 1.0
159 159 1.0
162 163 1.0
171 171 1.0
174 176 1.0
181 181 1.0
196 198 1.0
200 203 1.0
206 206 1.0
228 235 1.0
247 253 1.0
270 270 1.0
277 277 1.0
279 279 1.0
281 281 1.0
284 284 1.0
294 294 1.0
299 299 1.0
302 302 1.0
304 304 1.0
312 312 1.0
321 322 1.0
324 324 1.0
328 329 1.0
336 336 1.0
344 345 1.0
348 348 1.0
361 371 1.0
391 391 1.0
394 401 1.0
415 428 1.0
430 431 1.0
433 433 1.0
448 460 1.0
480 488 1.0
500 506 1.0
518 522 1.0
547 553 1.0
555 557 1.0
562 565 1.0
569 572 1.0
577 577 1.0
592 599 1.0
611 612 1.0
615 620 1.0
624 626 1.0
629 632 1.0
644 645 1.0
658 659 1.0
661 663 1.0
667 667 1.0
680 691 1.0
707 711 1.0
713 713 1.0
721 726 1.0
728 728 1.0
738 738 1.0
740 743 1.0
745 748 1.0
767 775 1.0
786 793 1.0
796 796 1.0
802 806 1.0
808 809 1.0
828 828 1.0
834 835 1.0
837 837 1.0
840 842 1.0
847 847 1.0
849 849 1.0
861 861 1.0
863 871 1.0
893 893 1.0
895 903 1.0
905 905 1.0
922 924 1.0
926 932 1.0
934 934 1.0
951 956 1.0
969 979 1.0
984 985 1.0
991 992 1.0
999 999 1.0
1001 1001 1.0
1004 1005 1.0
1008 1008 1.0
1032 1032 1.0
1039 1048 1.0
1059 1060 1.0
1062 1064 1.0
1080 1080 1.0
1083 1083 1.0
1088 1088 1.0
1090 1090 1.0
1092 1093 1.0
1108 1116 1.0
1118 1118 1.0
1130 1130 1.0
1132 1135 1.0
1140 1140 1.0
1147 1147 1.0
1152 1157 1.0
1159 1162 1.0
1169 1169 1.0
1181 1182 1.0
1198 1198 1.0
1204 1207 1.0
1209 1209 1.0
1211 1213 1.0
1218 1218 1.0
1221 1221 1.0
1225 1225 1.0
1237 1237 1.0
1239 1244 1.0
1256 1262 1.0
1278 1287 1.0
1300 1304 1.0
1308 1310 1.0
1315 1318 1.0
1321 1323 1.0
1340 1341 1.0
1343 1346 1.0
1349 1349 1.0
1358 1359 1.0
1361 1363 1.0
1365 1371 1.0
1373 1373 1.0
1390 1401 1.0
1420 1423 1.0
1425 1425 1.0
1433 1443 1.0
1456 1460 1.0
1474 1479 1.0
1482 1482 1.0
1492 1492 1.0
1494 1500 1.0
1502 1502 1.0
1509 1509 1.0
1521 1521 1.0
1523 1523 1.0
1525 1525 1.0
1531 1531 1.0
1540 1540 1.0
1543 1543 1.0
1546 1546 1.0
1548 1549 1.0
1552 1552 1.0
1567 1568 1.0
1570 1570 1.0
1583 1584 1.0
1586 1593 1.0
1596 1596 1.0
1608 1621 1.0
1624 1624 1.0
1638 1638 1.0
1644 1644 1.0
1648 1648 1.0
1650 1650 1.0
1654 1654 1.0
1662 1662 1.0
1664 1664 1.0
1667 1668 1.0
1670 1672 1.0
1674 1674 1.0
1676 1678 1.0
1695 1700 1.0
1712 1718 1.0
1721 1723 1.0
1727 1729 1.0
1731 1731 1.0
1735 1735 1.0
1741 1741 1.0
1745 1745 1.0
1753 1755 1.0
1758 1762 1.0
1774 1783 1.0
1785 1785 1.0
1799 1799 1.0
1801 1802 1.0
1807 1809 1.0
1823 1831 1.0
1843 1853 1.0
1856 1856 1.0
1858 1858 1.0
1874 1882 1.0
1884 1884 1.0
1907 1917 1.0
1947 1957 1.0
1964 1966 1.0
1969 1969 1.0
1984 1984 1.0
1993 1993 1.0
1997 1997 1.0
2005 2005 1.0
2009 2009 1.0
2011 2012 1.0
2029 2035 1.0
2047 2057 1.0
2064 2064 1.0
2069 2070 1.0
2086 2087 1.0
2089 2092 1.0
2094 2097 1.0
2099 2099 1.0
2106 2106 1.0
2113 2113 1.0
2121 2121 1.0
2123 2123 1.0
2125 2130 1.0
2133 2133 1.0
2135 2135 1.0
2152 2154 1.0
2156 2157 1.0
2159 2162 1.0
2166 2166 1.0
2169 2169 1.0
2178 2178 1.0
2181 2181 1.0
2183 2184 1.0
2186 2186 1.0
2196 2196 1.0
2198 2202 1.0
2211 2211 1.0
2216 2217 1.0
2220 2220 1.0
2223 2230 1.0
2232 2233 1.0
2237 2237 1.0
2256 2260 1.0
2263 2263 1.0
2272 2273 1.0
2275 2285 1.0
2297 2299 1.0
2310 2319 1.0
2331 2332 1.0
2334 2341 1.0
2354 2364 1.0
2378 2378 1.0
2380 2383 1.0
2385 2388 1.0
2398 2398 1.0
2400 2403 1.0
2405 2405 1.0
2415 2415 1.0
2421 2428 1.0
2430 2430 1.0
2447 2447 1.0
2449 2456 1.0
2459 2459 1.0
2473 2474 1.0
2476 2477 1.0
2479 2481 1.0
2483 2483 1.0
2486 2486 1.0
2488 2488 1.0
2491 2492 1.0
2497 2498 1.0
2500 2501 1.0
2510 2510 1.0
2519 2519 1.0
2521 2531 1.0
2550 2560 1.0
2572 2580 1.0
2596 2596 1.0
2598 2608 1.0
2622 2625 1.0
2636 2642 1.0
2652 2653 1.0
2655 2659 1.0
2665 2665 1.0
2668 2668 1.0
2671 2675 1.0
2677 2678 1.0
2680 2680 1.0
2685 2685 1.0
2689 2690 1.0
2692 2695 1.0
2697 2697 1.0
2705 2705 1.0
2725 2734 1.0
2746 2755 1.0
2760 2761 1.0
2764 2764 1.0
2767 2768 1.0
2785 2789 1.0
2791 2791 1.0
2805 2815 1.0
2818 2819 1.0
2834 2842 1.0
2847 2847 1.0
2853 2857 1.0
2859 2860 1.0
2863 2863 1.0
2873 2873 1.0
2887 2887 1.0
2891 2892 1.0
2894 2894 1.0
2907 2908 1.0
2910 2910 1.0
2923 2924 1.0
2927 2933 1.0
2935 2937 1.0
2940 2940 1.0
2944 2944 1.0
2960 2960 1.0
2967 2968 1.0
2970 2972 1.0
2974 2976 1.0
2988 2999 1.0
3016 3016 1.0
3018 3025 1.0
3028 3028 1.0
3031 3032 1.0
3036 3038 1.0
3051 3060 1.0
3074 3074 1.0
3077 3089 1.0
3104 3108 1.0
3110 3113 1.0
3127 3127 1.0
3129 3139 1.0
3141 3141 1.0
3171 3172 1.0
3174 3174 1.0
3178 3183 1.0
3186 3188 1.0
3200 3207 1.0
3214 3214 1.0
3217 3217 1.0
3219 3219 1.0
3221 3223 1.0
3229 3229 1.0
3231 3231 1.0
3235 3236 1.0
3238 3238 1.0
3254 3254 1.0
3262 3262 1.0
3264 3269 1.0
3271 3272 1.0
3285 3291 1.0
3299 3299 1.0
3301 3301 1.0
3303 3304 1.0
3307 3307 1.0
3313 3313 1.0
3315 3316 1.0
3320 3320 1.0
3329 3329 1.0
3332 3332 1.0
3335 3335 1.0
3339 3339 1.0
3353 3361 1.0
3380 3380 1.0
3385 3392 1.0
3402 3410 1.0
3425 3425 1.0
3428 3433 1.0
3437 3439 1.0
3441 3441 1.0
3444 3448 1.0
3456 3457 1.0
3460 3463 1.0
3481 3489 1.0
3501 3504 1.0
3507 3507 1.0
3510 3511 1.0
3513 3514 1.0
3529 3536 1.0
3538 3538 1.0
3541 3541 1.0
3553 3555 1.0
3567 3570 1.0
3572 3572 1.0
3583 3591 1.0
3603 3603 1.0
3605 3611 1.0
3624 3633 1.0
3641 3641 1.0
3645 3645 1.0
3647 3647 1.0
3662 3670 1.0
