30 30 1.0
32 33 1.0
35 35 1.0
37 37 1.0
39 40 1.0
43 43 1.0
45 47 1.0
49 53 1.0
67 67 1.0
71 76 1.0
79 80 1.0
88 92 1.0
97 98 1.0
104 104 1.0
111 121 1.0
134 143 1.0
147 149 1.0
152 155 1.0
161 161 1.0
167 172 1.0
174 175 1.0
177 177 1.0
191 192 1.0
194 201 1.0
204 204 1.0
207 207 1.0
212 215 1.0
217 217 1.0
219 219 1.0
221 221 1.0
227 227 1.0
233 233 1.0
236 246 1.0
261 261 1.0
263 263 1.0
266 279 1.0
284 284 1.0
293 294 1.0
296 298 1.0
310 315 1.0
317 317 1.0
320 320 1.0
323 323 1.0
332 333 1.0
335 340 1.0
342 342 1.0
352 352 1.0
362 362 1.0
364 364 1.0
366 366 1.0
368 368 1.0
370 372 1.0
374 376 1.0
378 380 1.0
388 388 1.0
390 390 1.0
392 396 1.0
404 405 1.0
407 411 1.0
414 414 1.0
423 423 1.0
428 430 1.0
435 437 1.0
443 447 1.0
449 450 1.0
459 459 1.0
462 466 1.0
472 472 1.0
477 477 1.0
487 487 1.0
489 495 1.0
507 507 1.0
514 514 1.0
516 524 1.0
536 536 1.0
538 544 1.0
546 546 1.0
548 548 1.0
551 551 1.0
556 556 1.0
558 558 1.0
560 561 1.0
571 571 1.0
573 577 1.0
580 580 1.0
591 593 1.0
595 595 1.0
597 598 1.0
600 600 1.0
605 605 1.0
612 615 1.0
617 617 1.0
620 620 1.0
625 625 1.0
627 627 1.0
629 632 1.0
635 635 1.0
637 637 1.0
639 639 1.0
644 645 1.0
647 647 1.0
651 651 1.0
653 653 1.0
655 655 1.0
657 657 1.0
660 660 1.0
667 667 1.0
669 669 1.0
672 673 1.0
675 678 1.0
683 683 1.0
685 688 1.0
690 691 1.0
693 693 1.0
695 695 1.0
709 709 1.0
711 719 1.0
730 734 1.0
746 754 1.0
760 761 1.0
767 770 1.0
772 775 1.0
782 782 1.0
787 791 1.0
794 794 1.0
800 807 1.0
811 811 1.0
819 819 1.0
826 829 1.0
831 832 1.0
839 839 1.0
843 846 1.0
848 848 1.0
851 854 1.0
858 858 1.0
868 875 1.0
887 891 1.0
895 896 1.0
901 901 1.0
903 904 1.0
909 911 1.0
913 914 1.0
928 934 1.0
936 936 1.0
943 943 1.0
948 949 1.0
953 953 1.0
955 956 1.0
958 958 1.0
968 968 1.0
970 976 1.0
980 980 1.0
982 982 1.0
987 989 1.0
1000 1008 1.0
1017 1017 1.0
1020 1020 1.0
1022 1022 1.0
1029 1030 1.0
1032 1035 1.0
1037 1038 1.0
1042 1042 1.0
1044 1047 1.0
1049 1051 1.0
1062 1066 1.0
1068 1068 1.0
1070 1070 1.0
1078 1080 1.0
1082 1082 1.0
1084 1085 1.0
1087 1088 1.0
1092 1092 1.0
1104 1109 1.0
1111 1112 1.0
1114 1114 1.0
1121 1121 1.0
1123 1124 1.0
1136 1140 1.0
1150 1159 1.0
1166 1166 1.0
1171 1171 1.0
1173 1173 1.0
1175 1176 1.0
1179 1179 1.0
1182 1183 1.0
1185 1186 1.0
1195 1195 1.0
1198 1203 1.0
1208 1208 1.0
1211 1213 1.0
1215 1215 1.0
1217 1218 1.0
1220 1220 1.0
1224 1224 1.0
1227 1227 1.0
1229 1229 1.0
1232 1232 1.0
1241 1250 1.0
1262 1262 1.0
1264 1265 1.0
1269 1271 1.0
1273 1274 1.0
1277 1277 1.0
1283 1283 1.0
1286 1291 1.0
1293 1293 1.0
1296 1296 1.0
1300 1303 1.0
1305 1306 1.0
1319 1319 1.0
1328 1336 1.0
1347 1353 1.0
1356 1357 1.0
1363 1363 1.0
1365 1365 1.0
1377 1378 1.0
1380 1382 1.0
1386 1386 1.0
1389 1390 1.0
1392 1395 1.0
1402 1402 1.0
1406 1411 1.0
1421 1428 1.0
1439 1440 1.0
1445 1445 1.0
1447 1447 1.0
1451 1455 1.0
1467 1473 1.0
1475 1477 1.0
1480 1480 1.0
1485 1485 1.0
1494 1495 1.0
1497 1497 1.0
1499 1499 1.0
1501 1501 1.0
1509 1509 1.0
1512 1519 1.0
1527 1527 1.0
1529 1529 1.0
1531 1537 1.0
1539 1539 1.0
1544 1546 1.0
1549 1549 1.0
1558 1558 1.0
1561 1563 1.0
1565 1565 1.0
1568 1568 1.0
1573 1573 1.0
1575 1579 1.0
1581 1583 1.0
1585 1585 1.0
1591 1591 1.0
1593 1593 1.0
1595 1595 1.0
1597 1598 1.0
1603 1603 1.0
1607 1607 1.0
1610 1610 1.0
1619 1630 1.0
1634 1634 1.0
1638 1639 1.0
1642 1642 1.0
1652 1652 1.0
1654 1655 1.0
1658 1658 1.0
1664 1664 1.0
1666 1672 1.0
1684 1691 1.0
1694 1694 1.0
1697 1699 1.0
1703 1703 1.0
1712 1712 1.0
1715 1725 1.0
1737 1737 1.0
1739 1745 1.0
1747 1747 1.0
1749 1749 1.0
1751 1751 1.0
1753 1755 1.0
1767 1777 1.0
1782 1782 1.0
1785 1785 1.0
1787 1790 1.0
1792 1792 1.0
1802 1802 1.0
1804 1812 1.0
1814 1816 1.0
1818 1818 1.0
1828 1828 1.0
1830 1830 1.0
1832 1833 1.0
1836 1836 1.0
1844 1853 1.0
1864 1864 1.0
1866 1868 1.0
1871 1871 1.0
1876 1885 1.0
1904 1904 1.0
1906 1913 1.0
1925 1928 1.0
1932 1932 1.0
1935 1935 1.0
1939 1942 1.0
1944 1944 1.0
1947 1947 1.0
1953 1954 1.0
1956 1956 1.0
1958 1958 1.0
1968 1968 1.0
1970 1974 1.0
1977 1978 1.0
1980 1980 1.0
1992 2001 1.0
