25 26 1.0
30 30 1.0
33 33 1.0
39 40 1.0
42 43 1.0
46 48 1.0
60 61 1.0
63 63 1.0
65 65 1.0
67 70 1.0
72 72 1.0
78 79 1.0
85 85 1.0
94 95 1.0
97 100 1.0
102 103 1.0
105 108 1.0
110 114 1.0
128 128 1.0
131 131 1.0
135 138 1.0
140 141 1.0
153 161 1.0
163 163 1.0
167 167 1.0
173 173 1.0
181 186 1.0
189 189 1.0
193 194 1.0
198 198 1.0
201 201 1.0
203 203 1.0
210 210 1.0
222 230 1.0
232 232 1.0
238 239 1.0
242 242 1.0
244 244 1.0
251 256 1.0
268 269 1.0
272 275 1.0
277 278 1.0
281 282 1.0
291 291 1.0
295 296 1.0
298 304 1.0
306 306 1.0
308 308 1.0
321 322 1.0
324 329 1.0
341 350 1.0
363 371 1.0
373 373 1.0
383 383 1.0
388 388 1.0
390 401 1.0
407 407 1.0
417 417 1.0
421 421 1.0
424 424 1.0
426 426 1.0
431 440 1.0
452 452 1.0
454 464 1.0
466 467 1.0
476 476 1.0
478 483 1.0
485 485 1.0
494 495 1.0
500 500 1.0
503 505 1.0
507 507 1.0
510 510 1.0
513 513 1.0
518 523 1.0
525 525 1.0
535 535 1.0
537 537 1.0
543 543 1.0
545 545 1.0
547 547 1.0
549 553 1.0
555 556 1.0
569 570 1.0
574 579 1.0
589 589 1.0
591 591 1.0
593 595 1.0
598 598 1.0
601 608 1.0
622 623 1.0
627 627 1.0
630 632 1.0
635 636 1.0
640 640 1.0
644 652 1.0
674 681 1.0
683 683 1.0
690 691 1.0
693 696 1.0
705 705 1.0
708 710 1.0
723 724 1.0
730 740 1.0
749 757 1.0
769 769 1.0
777 779 1.0
781 785 1.0
787 787 1.0
791 792 1.0
805 813 1.0
825 827 1.0
831 841 1.0
853 853 1.0
860 867 1.0
879 883 1.0
890 892 1.0
894 898 1.0
909 916 1.0
920 920 1.0
925 930 1.0
940 942 1.0
944 948 1.0
953 954 1.0
961 961 1.0
964 969 1.0
971 971 1.0
981 988 1.0
990 990 1.0
997 997 1.0
1003 1004 1.0
1010 1013 1.0
1015 1016 1.0
1027 1028 1.0
