24 24 1.0
42 42 1.0
44 47 1.0
58 66 1.0
94 94 1.0
96 98 1.0
106 106 1.0
110 112 1.0
127 128 1.0
130 135 1.0
150 154 1.0
157 157 1.0
166 166 1.0
178 179 1.0
181 181 1.0
193 194 1.0
222 222 1.0
227 229 1.0
241 241 1.0
254 254 1.0
267 267 1.0
269 272 1.0
279 279 1.0
282 282 1.0
302 302 1.0
322 329 1.0
346 346 1.0
350 350 1.0
371 381 1.0
404 410 1.0
429 436 1.0
448 457 1.0
466 466 1.0
486 491 1.0
493 493 1.0
503 505 1.0
526 534 1.0
563 572 1.0
584 584 1.0
593 594 1.0
596 596 1.0
618 621 1.0
644 644 1.0
646 650 1.0
663 663 1.0
669 669 1.0
672 672 1.0
689 691 1.0
693 694 1.0
711 720 1.0
726 727 1.0
732 733 1.0
745 745 1.0
748 750 1.0
776 785 1.0
803 803 1.0
816 821 1.0
852 873 1.0
886 894 1.0
905 914 1.0
937 946 1.0
962 973 1.0
984 990 1.0
993 994 1.0
1008 1012 1.0
1025 1025 1.0
1027 1028 1.0
1040 1050 1.0
1061 1066 1.0
1079 1087 1.0
1099 1105 1.0
1107 1109 1.0
1111 1111 1.0
1114 1114 1.0
1117 1117 1.0
1126 1133 1.0
1154 1164 1.0
1181 1193 1.0
1205 1212 1.0
1230 1236 1.0
1248 1258 1.0
1264 1273 1.0
1285 1287 1.0
1289 1289 1.0
1292 1293 1.0
1299 1299 1.0
1301 1301 1.0
1304 1304 1.0
1307 1311 1.0
1313 1313 1.0
1316 1317 1.0
1325 1326 1.0
1329 1330 1.0
1335 1335 1.0
1343 1344 1.0
1361 1369 1.0
1371 1373 1.0
1387 1387 1.0
1389 1389 1.0
1391 1391 1.0
1405 1405 1.0
1407 1407 1.0
1409 1412 1.0
1428 1434 1.0
1451 1451 1.0
1454 1454 1.0
1457 1457 1.0
1463 1463 1.0
1469 1470 1.0
1472 1472 1.0
1495 1498 1.0
1516 1526 1.0
1534 1534 1.0
1555 1563 1.0
1578 1582 1.0
1597 1603 1.0
1622 1629 1.0
1649 1651 1.0
1653 1653 1.0
1655 1659 1.0
1671 1678 1.0
1702 1702 1.0
1704 1704 1.0
1706 1706 1.0
1709 1709 1.0
1724 1724 1.0
1728 1733 1.0
1736 1736 1.0
1741 1743 1.0
1745 1747 1.0
1763 1773 1.0
1788 1788 1.0
1791 1795 1.0
1809 1811 1.0
1814 1815 1.0
1817 1818 1.0
1821 1823 1.0
1825 1825 1.0
1835 1835 1.0
1840 1840 1.0
1856 1860 1.0
1862 1864 1.0
1876 1876 1.0
1882 1882 1.0
1891 1891 1.0
1903 1906 1.0
1913 1913 1.0
1918 1919 1.0
1937 1937 1.0
1943 1944 1.0
1967 1974 1.0
1994 2000 1.0
2008 2009 1.0
2015 2016 1.0
2044 2044 1.0
2057 2058 1.0
2072 2072 1.0
2080 2081 1.0
2101 2102 1.0
2106 2110 1.0
2123 2123 1.0
2131 2131 1.0
2135 2139 1.0
2161 2161 1.0
2163 2164 1.0
2178 2178 1.0
2183 2184 1.0
2200 2206 1.0
3372 3372 1.0
