26 38 1.0
53 63 1.0
72 76 1.0
87 96 1.0
114 125 1.0
144 153 1.0
166 166 1.0
172 172 1.0
174 175 1.0
182 182 1.0
184 190 1.0
192 192 1.0
199 207 1.0
220 240 1.0
257 263 1.0
267 268 1.0
275 277 1.0
287 289 1.0
293 293 1.0
303 303 1.0
308 309 1.0
311 311 1.0
313 313 1.0
316 316 1.0
334 342 1.0
344 344 1.0
360 360 1.0
362 363 1.0
365 366 1.0
382 382 1.0
385 387 1.0
389 389 1.0
396 405 1.0
417 427 1.0
445 452 1.0
464 476 1.0
491 503 1.0
519 527 1.0
544 553 1.0
567 567 1.0
571 572 1.0
574 574 1.0
589 600 1.0
602 607 1.0
620 629 1.0
641 654 1.0
674 681 1.0
699 709 1.0
717 717 1.0
719 719 1.0
733 740 1.0
756 756 1.0
758 763 1.0
777 779 1.0
795 795 1.0
799 799 1.0
807 811 1.0
813 816 1.0
818 818 1.0
820 820 1.0
832 832 1.0
845 846 1.0
849 849 1.0
858 858 1.0
861 875 1.0
877 877 1.0
892 903 1.0
924 928 1.0
930 930 1.0
946 946 1.0
952 953 1.0
956 956 1.0
961 961 1.0
973 973 1.0
982 985 1.0
988 991 1.0
1018 1028 1.0
1038 1048 1.0
1060 1064 1.0
1076 1084 1.0
1086 1086 1.0
1091 1094 1.0
1096 1102 1.0
1106 1107 1.0
1121 1122 1.0
1132 1142 1.0
1154 1158 1.0
1162 1162 1.0
1171 1171 1.0
1173 1173 1.0
1176 1176 1.0
1197 1201 1.0
1206 1206 1.0
1208 1215 1.0
1227 1237 1.0
1249 1255 1.0
1259 1259 1.0
1267 1267 1.0
1269 1269 1.0
1282 1292 1.0
1294 1294 1.0
1309 1309 1.0
1312 1312 1.0
1328 1333 1.0
1344 1353 1.0
1364 1364 1.0
1367 1368 1.0
1370 1372 1.0
1374 1374 1.0
1397 1407 1.0
1413 1414 1.0
1443 1455 1.0
1467 1467 1.0
1470 1472 1.0
1475 1475 1.0
1477 1477 1.0
1479 1480 1.0
1483 1483 1.0
1485 1485 1.0
1500 1509 1.0
1524 1534 1.0
1546 1547 1.0
1549 1549 1.0
1564 1564 1.0
1566 1566 1.0
1568 1571 1.0
1573 1573 1.0
1578 1578 1.0
1580 1580 1.0
1585 1587 1.0
1600 1601 1.0
1603 1603 1.0
1606 1606 1.0
1608 1619 1.0
1633 1643 1.0
1655 1657 1.0
1662 1664 1.0
1666 1667 1.0
1676 1676 1.0
1678 1688 1.0
1707 1719 1.0
1721 1721 1.0
1740 1749 1.0
1757 1763 1.0
1776 1788 1.0
1791 1793 1.0
1795 1795 1.0
1812 1824 1.0
1830 1830 1.0
1843 1850 1.0
1862 1866 1.0
1883 1883 1.0
1886 1886 1.0
1888 1888 1.0
1890 1892 1.0
1895 1896 1.0
1904 1904 1.0
1912 1912 1.0
1921 1921 1.0
1928 1928 1.0
1930 1930 1.0
1935 1935 1.0
1942 1943 1.0
1948 1952 1.0
1955 1955 1.0
1957 1957 1.0
1970 1970 1.0
1972 1972 1.0
1974 1974 1.0
1976 1979 1.0
1996 2005 1.0
3716 3716 1.0
