24 26 1.0
38 38 1.0
50 61 1.0
76 87 1.0
97 97 1.0
99 106 1.0
109 110 1.0
118 118 1.0
125 127 1.0
131 131 1.0
133 134 1.0
153 165 1.0
180 180 1.0
183 190 1.0
192 193 1.0
201 202 1.0
204 209 1.0
212 212 1.0
214 214 1.0
216 217 1.0
219 219 1.0
221 221 1.0
232 243 1.0
246 246 1.0
259 270 1.0
272 274 1.0
276 279 1.0
284 284 1.0
286 286 1.0
296 296 1.0
298 305 1.0
317 327 1.0
336 346 1.0
357 361 1.0
378 388 1.0
406 406 1.0
409 416 1.0
418 420 1.0
433 442 1.0
446 446 1.0
448 456 1.0
472 475 1.0
477 481 1.0
489 489 1.0
493 494 1.0
496 499 1.0
512 512 1.0
514 520 1.0
527 527 1.0
532 534 1.0
537 537 1.0
539 542 1.0
545 547 1.0
549 550 1.0
554 555 1.0
562 562 1.0
567 567 1.0
569 571 1.0
574 574 1.0
578 580 1.0
584 584 1.0
586 587 1.0
591 594 1.0
596 596 1.0
599 600 1.0
614 614 1.0
616 617 1.0
619 626 1.0
628 631 1.0
633 634 1.0
648 648 1.0
650 655 1.0
666 666 1.0
668 676 1.0
678 678 1.0
688 690 1.0
692 692 1.0
694 694 1.0
696 696 1.0
708 719 1.0
722 722 1.0
727 727 1.0
731 731 1.0
734 734 1.0
736 737 1.0
739 749 1.0
767 777 1.0
789 799 1.0
812 822 1.0
831 831 1.0
833 835 1.0
847 856 1.0
873 880 1.0
882 884 1.0
888 888 1.0
904 914 1.0
916 916 1.0
925 926 1.0
928 933 1.0
937 938 1.0
945 947 1.0
950 952 1.0
954 955 1.0
969 980 1.0
988 991 1.0
993 994 1.0
1003 1003 1.0
1005 1005 1.0
1007 1013 1.0
1015 1015 1.0
1017 1017 1.0
3372 3372 1.0
