31 45 1.0
51 54 1.0
71 83 1.0
110 122 1.0
135 145 1.0
154 154 1.0
159 160 1.0
163 164 1.0
172 172 1.0
176 176 1.0
178 182 1.0
184 186 1.0
188 188 1.0
190 190 1.0
194 194 1.0
210 222 1.0
237 246 1.0
257 261 1.0
276 276 1.0
279 289 1.0
309 327 1.0
343 353 1.0
358 358 1.0
363 365 1.0
370 370 1.0
373 373 1.0
376 390 1.0
405 405 1.0
419 427 1.0
438 445 1.0
457 462 1.0
464 464 1.0
466 467 1.0
474 474 1.0
479 482 1.0
484 489 1.0
494 494 1.0
503 503 1.0
508 508 1.0
510 511 1.0
524 533 1.0
542 549 1.0
561 567 1.0
575 576 1.0
580 580 1.0
584 585 1.0
588 588 1.0
590 590 1.0
592 594 1.0
597 600 1.0
602 602 1.0
606 607 1.0
620 630 1.0
651 652 1.0
654 660 1.0
664 664 1.0
672 672 1.0
674 675 1.0
677 678 1.0
681 682 1.0
687 688 1.0
690 701 1.0
719 719 1.0
721 721 1.0
729 735 1.0
737 737 1.0
739 739 1.0
747 754 1.0
761 761 1.0
766 766 1.0
771 771 1.0
775 781 1.0
783 785 1.0
790 790 1.0
792 792 1.0
797 799 1.0
803 807 1.0
810 811 1.0
813 813 1.0
827 828 1.0
839 849 1.0
859 862 1.0
864 864 1.0
866 866 1.0
873 873 1.0
876 878 1.0
881 882 1.0
894 899 1.0
902 902 1.0
906 908 1.0
910 915 1.0
920 920 1.0
922 922 1.0
936 936 1.0
940 940 1.0
950 957 1.0
969 975 1.0
984 985 1.0
987 991 1.0
993 993 1.0
997 997 1.0
1007 1007 1.0
1009 1009 1.0
1011 1013 1.0
1019 1020 1.0
1026 1026 1.0
1028 1029 1.0
1032 1034 1.0
1036 1036 1.0
1038 1038 1.0
1041 1042 1.0
1046 1046 1.0
1048 1052 1.0
1054 1054 1.0
1056 1056 1.0
1070 1072 1.0
1079 1080 1.0
1084 1090 1.0
1092 1092 1.0
1102 1109 1.0
1119 1119 1.0
1121 1126 1.0
1129 1129 1.0
1131 1131 1.0
1133 1133 1.0
1138 1138 1.0
1145 1145 1.0
1147 1147 1.0
1152 1153 1.0
1155 1159 1.0
1161 1163 1.0
1165 1166 1.0
1171 1171 1.0
1179 1187 1.0
1201 1214 1.0
1230 1240 1.0
1248 1248 1.0
1250 1250 1.0
1252 1255 1.0
1261 1261 1.0
1268 1268 1.0
1270 1270 1.0
1273 1278 1.0
1280 1280 1.0
1283 1283 1.0
1287 1287 1.0
1290 1290 1.0
1293 1293 1.0
1299 1300 1.0
1314 1325 1.0
1327 1327 1.0
1343 1346 1.0
1348 1350 1.0
1362 1368 1.0
1380 1380 1.0
1384 1387 1.0
1392 1392 1.0
1399 1401 1.0
1406 1408 1.0
1422 1433 1.0
1453 1462 1.0
1468 1468 1.0
1480 1480 1.0
1483 1483 1.0
1485 1486 1.0
1488 1488 1.0
1490 1490 1.0
1492 1492 1.0
1504 1507 1.0
1518 1526 1.0
1534 1534 1.0
1537 1537 1.0
1539 1543 1.0
1550 1550 1.0
1562 1566 1.0
1568 1569 1.0
1571 1572 1.0
1578 1578 1.0
1584 1584 1.0
1587 1587 1.0
1591 1591 1.0
1599 1600 1.0
1604 1609 1.0
1618 1619 1.0
1624 1624 1.0
1626 1626 1.0
1631 1631 1.0
1633 1636 1.0
1638 1639 1.0
1643 1643 1.0
1646 1653 1.0
1655 1656 1.0
1674 1686 1.0
1690 1690 1.0
1692 1692 1.0
1704 1704 1.0
1706 1714 1.0
1733 1743 1.0
1754 1764 1.0
1768 1770 1.0
1786 1796 1.0
1806 1806 1.0
1808 1808 1.0
1812 1814 1.0
1816 1816 1.0
1818 1818 1.0
1820 1822 1.0
1832 1839 1.0
1841 1842 1.0
1848 1851 1.0
1853 1854 1.0
1866 1874 1.0
1878 1878 1.0
1884 1891 1.0
1903 1910 1.0
1919 1919 1.0
1921 1921 1.0
1923 1924 1.0
1926 1926 1.0
1935 1936 1.0
1938 1938 1.0
1942 1946 1.0
1948 1953 1.0
1975 1985 1.0
2001 2001 1.0
2009 2011 1.0
2013 2019 1.0
2028 2028 1.0
2032 2032 1.0
2035 2039 1.0
2041 2046 1.0
2048 2048 1.0
2066 2071 1.0
2083 2089 1.0
2091 2091 1.0
2100 2104 1.0
2107 2107 1.0
2116 2127 1.0
2141 2142 1.0
2146 2146 1.0
2154 2154 1.0
2161 2168 1.0
2170 2170 1.0
2196 2204 1.0
2206 2206 1.0
2213 2216 1.0
2229 2233 1.0
2235 2235 1.0
2239 2239 1.0
2245 2247 1.0
2252 2257 1.0
2259 2264 1.0
2267 2267 1.0
2269 2269 1.0
2283 2291 1.0
2302 2310 1.0
2318 2324 1.0
2333 2333 1.0
2335 2340 1.0
2342 2343 1.0
2345 2345 1.0
2350 2350 1.0
2355 2355 1.0
2357 2365 1.0
2368 2368 1.0
2386 2399 1.0
2404 2404 1.0
2406 2406 1.0
2416 2416 1.0
2419 2426 1.0
2434 2434 1.0
2436 2436 1.0
2438 2444 1.0
2453 2453 1.0
2457 2457 1.0
2459 2460 1.0
2462 2472 1.0
2474 2474 1.0
2493 2505 1.0
2521 2530 1.0
2538 2538 1.0
2540 2540 1.0
2543 2543 1.0
2545 2550 1.0
2552 2553 1.0
2555 2555 1.0
2567 2567 1.0
2578 2589 1.0
2604 2605 1.0
2607 2615 1.0
2628 2628 1.0
2632 2641 1.0
2647 2648 1.0
2650 2657 1.0
2660 2660 1.0
2674 2685 1.0
2692 2692 1.0
2705 2715 1.0
2727 2727 1.0
2730 2730 1.0
2732 2732 1.0
2736 2737 1.0
2739 2742 1.0
2745 2745 1.0
2749 2749 1.0
2751 2751 1.0
2754 2754 1.0
3276 3276 1.0
