46 54 1.0
61 69 1.0
82 94 1.0
105 106 1.0
120 130 1.0
137 143 1.0
170 180 1.0
188 188 1.0
190 193 1.0
198 198 1.0
204 206 1.0
210 213 1.0
219 220 1.0
223 230 1.0
244 254 1.0
259 259 1.0
268 269 1.0
271 278 1.0
281 281 1.0
283 283 1.0
285 285 1.0
287 288 1.0
290 291 1.0
295 295 1.0
299 300 1.0
302 305 1.0
308 308 1.0
312 314 1.0
320 320 1.0
322 322 1.0
328 329 1.0
336 336 1.0
338 338 1.0
341 347 1.0
359 371 1.0
386 391 1.0
393 393 1.0
395 395 1.0
403 405 1.0
407 408 1.0
410 413 1.0
417 417 1.0
431 441 1.0
452 453 1.0
455 455 1.0
457 457 1.0
462 467 1.0
479 479 1.0
483 484 1.0
486 494 1.0
496 497 1.0
502 502 1.0
515 526 1.0
541 542 1.0
544 545 1.0
548 548 1.0
550 554 1.0
557 558 1.0
560 563 1.0
566 576 1.0
578 578 1.0
591 603 1.0
617 630 1.0
646 657 1.0
671 671 1.0
673 677 1.0
679 679 1.0
683 684 1.0
686 686 1.0
689 689 1.0
693 693 1.0
696 696 1.0
698 699 1.0
701 706 1.0
708 708 1.0
711 711 1.0
720 721 1.0
723 725 1.0
727 728 1.0
737 737 1.0
739 744 1.0
757 766 1.0
770 770 1.0
773 773 1.0
775 776 1.0
778 778 1.0
788 788 1.0
791 792 1.0
798 805 1.0
807 809 1.0
811 811 1.0
817 817 1.0
821 821 1.0
835 844 1.0
854 862 1.0
864 864 1.0
875 875 1.0
878 879 1.0
881 882 1.0
887 888 1.0
891 892 1.0
894 896 1.0
899 902 1.0
904 905 1.0
907 911 1.0
924 924 1.0
926 927 1.0
929 934 1.0
936 937 1.0
939 939 1.0
954 964 1.0
977 977 1.0
984 984 1.0
986 986 1.0
991 1002 1.0
1006 1006 1.0
1008 1011 1.0
1014 1014 1.0
1016 1016 1.0
1029 1042 1.0
1054 1055 1.0
1057 1064 1.0
1067 1067 1.0
1072 1073 1.0
1075 1076 1.0
1078 1081 1.0
1085 1085 1.0
1087 1088 1.0
1091 1091 1.0
1094 1094 1.0
1097 1097 1.0
1100 1101 1.0
1103 1104 1.0
1106 1107 1.0
1113 1113 1.0
1116 1117 1.0
1119 1123 1.0
1125 1130 1.0
1144 1154 1.0
1156 1159 1.0
1161 1162 1.0
1174 1183 1.0
1192 1200 1.0
1216 1216 1.0
1219 1222 1.0
1224 1226 1.0
1229 1230 1.0
1236 1236 1.0
1239 1240 1.0
1242 1246 1.0
1248 1249 1.0
1262 1262 1.0
1270 1272 1.0
1284 1292 1.0
1299 1299 1.0
1301 1301 1.0
1303 1303 1.0
1307 1309 1.0
1315 1317 1.0
1319 1322 1.0
1325 1325 1.0
1331 1331 1.0
1335 1335 1.0
1338 1339 1.0
1344 1344 1.0
1346 1348 1.0
1350 1354 1.0
1356 1356 1.0
1359 1359 1.0
1365 1366 1.0
1369 1369 1.0
1374 1374 1.0
1383 1391 1.0
1393 1393 1.0
1403 1410 1.0
1418 1418 1.0
1420 1420 1.0
1422 1425 1.0
1427 1427 1.0
1430 1430 1.0
1436 1437 1.0
1442 1446 1.0
1452 1452 1.0
1454 1455 1.0
1458 1459 1.0
1461 1461 1.0
1463 1469 1.0
1471 1473 1.0
1490 1493 1.0
1495 1500 1.0
1512 1522 1.0
1526 1526 1.0
1535 1536 1.0
1544 1544 1.0
1548 1549 1.0
1551 1551 1.0
1557 1558 1.0
1561 1561 1.0
1563 1567 1.0
1577 1577 1.0
1579 1581 1.0
1583 1583 1.0
1585 1585 1.0
1593 1599 1.0
1609 1609 1.0
1611 1613 1.0
1615 1616 1.0
1618 1618 1.0
1624 1624 1.0
1626 1626 1.0
1628 1632 1.0
1634 1634 1.0
1636 1636 1.0
1638 1639 1.0
1642 1642 1.0
1644 1644 1.0
1648 1654 1.0
1656 1656 1.0
1663 1663 1.0
1665 1666 1.0
1668 1670 1.0
1672 1673 1.0
1675 1675 1.0
1687 1698 1.0
1717 1727 1.0
1739 1740 1.0
1742 1749 1.0
1751 1754 1.0
1763 1763 1.0
1768 1768 1.0
1770 1770 1.0
1772 1773 1.0
1777 1777 1.0
1782 1782 1.0
1786 1786 1.0
1789 1789 1.0
1791 1793 1.0
1795 1796 1.0
1798 1799 1.0
1801 1801 1.0
1803 1803 1.0
1805 1808 1.0
1824 1836 1.0
1850 1850 1.0
1853 1860 1.0
1863 1863 1.0
1865 1865 1.0
1867 1867 1.0
1870 1873 1.0
1875 1875 1.0
1877 1877 1.0
1879 1880 1.0
1885 1886 1.0
1888 1889 1.0
1894 1894 1.0
1896 1896 1.0
1901 1904 1.0
1908 1909 1.0
1916 1917 1.0
1921 1921 1.0
1923 1924 1.0
1927 1931 1.0
1933 1933 1.0
1936 1937 1.0
1943 1943 1.0
1946 1946 1.0
1949 1954 1.0
1956 1959 1.0
1961 1961 1.0
1972 1973 1.0
1977 1977 1.0
1990 1999 1.0
2012 2021 1.0
2023 2023 1.0
2026 2027 1.0
2030 2030 1.0
2032 2036 1.0
2042 2042 1.0
2050 2051 1.0
2054 2054 1.0
2057 2059 1.0
2063 2064 1.0
2066 2067 1.0
2071 2071 1.0
2076 2076 1.0
2081 2081 1.0
2083 2083 1.0
2085 2086 1.0
2088 2091 1.0
2093 2098 1.0
2100 2100 1.0
2102 2103 1.0
2112 2112 1.0
2121 2121 1.0
2125 2129 1.0
2131 2131 1.0
2135 2135 1.0
2140 2145 1.0
2147 2147 1.0
2149 2149 1.0
2153 2155 1.0
2157 2157 1.0
2159 2163 1.0
2173 2173 1.0
2175 2175 1.0
2177 2177 1.0
2180 2180 1.0
2182 2192 1.0
2209 2209 1.0
2214 2223 1.0
2235 2241 1.0
2244 2244 1.0
2253 2254 1.0
2258 2261 1.0
2263 2263 1.0
2267 2268 1.0
2273 2277 1.0
2279 2281 1.0
2283 2283 1.0
2288 2289 1.0
2291 2291 1.0
2293 2293 1.0
2295 2298 1.0
2301 2301 1.0
2313 2329 1.0
2333 2333 1.0
2345 2353 1.0
2366 2366 1.0
2368 2369 1.0
2371 2373 1.0
2375 2380 1.0
2382 2382 1.0
2388 2388 1.0
2393 2396 1.0
2398 2404 1.0
2406 2408 1.0
2425 2438 1.0
2453 2453 1.0
2455 2463 1.0
2465 2467 1.0
2472 2472 1.0
2475 2475 1.0
2479 2482 1.0
2487 2488 1.0
2494 2494 1.0
2496 2497 1.0
2499 2510 1.0
2529 2541 1.0
2561 2570 1.0
2572 2573 1.0
2575 2575 1.0
2577 2579 1.0
2581 2582 1.0
2585 2585 1.0
2588 2588 1.0
2591 2591 1.0
2598 2598 1.0
2600 2601 1.0
2603 2604 1.0
2606 2608 1.0
2610 2610 1.0
2613 2613 1.0
2616 2616 1.0
2618 2618 1.0
2622 2628 1.0
2630 2630 1.0
2643 2653 1.0
2672 2680 1.0
2682 2682 1.0
2689 2692 1.0
2695 2698 1.0
2700 2700 1.0
2702 2702 1.0
2704 2705 1.0
2707 2707 1.0
2710 2710 1.0
2712 2712 1.0
2714 2714 1.0
2717 2717 1.0
2719 2719 1.0
2721 2721 1.0
2726 2727 1.0
2731 2731 1.0
2733 2736 1.0
2741 2741 1.0
2755 2765 1.0
2769 2769 1.0
2784 2794 1.0
2798 2799 1.0
2801 2801 1.0
2808 2808 1.0
2810 2810 1.0
2813 2817 1.0
2822 2822 1.0
2829 2832 1.0
2836 2838 1.0
2841 2842 1.0
2844 2846 1.0
2863 2873 1.0
2882 2882 1.0
2887 2887 1.0
2894 2903 1.0
2912 2912 1.0
2918 2922 1.0
2924 2924 1.0
2926 2928 1.0
2930 2930 1.0
2932 2932 1.0
2936 2937 1.0
2940 2940 1.0
2945 2945 1.0
2949 2950 1.0
2952 2953 1.0
2962 2962 1.0
2965 2967 1.0
2969 2970 1.0
2974 2974 1.0
2982 2991 1.0
3008 3019 1.0
3027 3028 1.0
3031 3031 1.0
3034 3036 1.0
3040 3040 1.0
3043 3043 1.0
3048 3048 1.0
3054 3054 1.0
3056 3057 1.0
3060 3061 1.0
3064 3064 1.0
3069 3070 1.0
3074 3074 1.0
3077 3079 1.0
3081 3084 1.0
3099 3101 1.0
3104 3113 1.0
3126 3126 1.0
3129 3136 1.0
3138 3140 1.0
3142 3142 1.0
3149 3149 1.0
3154 3156 1.0
3158 3159 1.0
3161 3161 1.0
3164 3164 1.0
3168 3168 1.0
3173 3174 1.0
3177 3177 1.0
3179 3180 1.0
3182 3182 1.0
3186 3187 1.0
3189 3189 1.0
3195 3195 1.0
3205 3205 1.0
3207 3215 1.0
3232 3240 1.0
3248 3256 1.0
3268 3268 1.0
3271 3276 1.0
3278 3278 1.0
3280 3280 1.0
3286 3288 1.0
3300 3307 1.0
3309 3310 1.0
3318 3320 1.0
3322 3322 1.0
3330 3330 1.0
3332 3340 1.0
3349 3349 1.0
3353 3358 1.0
3361 3361 1.0
3363 3363 1.0
3369 3369 1.0
3375 3386 1.0
3409 3419 1.0
3421 3421 1.0
3440 3455 1.0
3466 3471 1.0
3474 3474 1.0
3481 3481 1.0
3484 3484 1.0
3487 3489 1.0
3491 3491 1.0
3493 3497 1.0
3501 3501 1.0
3519 3529 1.0
3535 3535 1.0
3539 3542 1.0
3548 3548 1.0
3555 3560 1.0
3567 3567 1.0
3572 3574 1.0
3576 3576 1.0
3580 3580 1.0
3582 3582 1.0
3585 3588 1.0
3590 3590 1.0
3592 3592 1.0
3595 3595 1.0
3600 3600 1.0
3604 3604 1.0
3606 3606 1.0
3608 3609 1.0
3611 3611 1.0
3613 3616 1.0
3618 3618 1.0
3629 3640 1.0
3643 3643 1.0
3657 3657 1.0
3660 3660 1.0
3662 3663 1.0
3665 3665 1.0
