32 42 1.0
52 57 1.0
73 78 1.0
81 85 1.0
89 91 1.0
95 95 1.0
97 99 1.0
102 104 1.0
107 107 1.0
112 112 1.0
132 142 1.0
154 161 1.0
163 163 1.0
178 183 1.0
195 198 1.0
202 205 1.0
208 212 1.0
229 230 1.0
232 239 1.0
253 253 1.0
255 258 1.0
260 260 1.0
265 265 1.0
273 273 1.0
277 281 1.0
283 283 1.0
285 285 1.0
294 295 1.0
297 304 1.0
320 322 1.0
325 326 1.0
341 352 1.0
361 362 1.0
374 377 1.0
379 379 1.0
393 396 1.0
399 399 1.0
407 407 1.0
409 409 1.0
412 412 1.0
414 414 1.0
427 437 1.0
457 465 1.0
477 484 1.0
487 487 1.0
512 522 1.0
529 529 1.0
531 535 1.0
553 560 1.0
572 572 1.0
574 584 1.0
587 587 1.0
603 603 1.0
605 610 1.0
619 620 1.0
622 622 1.0
627 628 1.0
634 638 1.0
640 640 1.0
642 643 1.0
655 655 1.0
657 665 1.0
677 677 1.0
683 683 1.0
691 691 1.0
696 701 1.0
703 706 1.0
728 730 1.0
734 736 1.0
741 744 1.0
748 748 1.0
752 752 1.0
754 758 1.0
760 761 1.0
764 764 1.0
773 773 1.0
776 776 1.0
782 783 1.0
785 785 1.0
788 790 1.0
792 792 1.0
797 797 1.0
804 804 1.0
806 806 1.0
812 812 1.0
816 816 1.0
821 821 1.0
826 826 1.0
828 828 1.0
830 830 1.0
832 837 1.0
853 856 1.0
858 858 1.0
860 860 1.0
873 875 1.0
887 896 1.0
908 911 1.0
923 928 1.0
931 931 1.0
945 955 1.0
961 961 1.0
971 971 1.0
973 973 1.0
977 980 1.0
992 996 1.0
1008 1014 1.0
1016 1017 1.0
1029 1031 1.0
1033 1033 1.0
1035 1035 1.0
1045 1045 1.0
1048 1053 1.0
1066 1066 1.0
1078 1083 1.0
1094 1100 1.0
1114 1114 1.0
1118 1121 1.0
1123 1124 1.0
1142 1146 1.0
1149 1152 1.0
1157 1158 1.0
1162 1165 1.0
1167 1167 1.0
1180 1180 1.0
1193 1194 1.0
1206 1216 1.0
1229 1239 1.0
1246 1250 1.0
1267 1276 1.0
1284 1284 1.0
1286 1294 1.0
1301 1302 1.0
1308 1308 1.0
1321 1326 1.0
1331 1331 1.0
1335 1336 1.0
1338 1341 1.0
1353 1355 1.0
1358 1363 1.0
1365 1371 1.0
1374 1374 1.0
1388 1395 1.0
1411 1422 1.0
1432 1432 1.0
1438 1439 1.0
1444 1445 1.0
1461 1471 1.0
1476 1477 1.0
1481 1481 1.0
1491 1491 1.0
1493 1503 1.0
1520 1530 1.0
1538 1538 1.0
1542 1542 1.0
1544 1548 1.0
1561 1561 1.0
1563 1563 1.0
1575 1582 1.0
1596 1602 1.0
1604 1604 1.0
1606 1606 1.0
1621 1621 1.0
1629 1630 1.0
1637 1637 1.0
1639 1639 1.0
1641 1647 1.0
1651 1651 1.0
1663 1663 1.0
1665 1666 1.0
1670 1670 1.0
1673 1673 1.0
1675 1675 1.0
1683 1683 1.0
1689 1691 1.0
1703 1705 1.0
1707 1713 1.0
1717 1727 1.0
1740 1744 1.0
1746 1746 1.0
1752 1752 1.0
1762 1762 1.0
1764 1764 1.0
1766 1766 1.0
1775 1776 1.0
1780 1780 1.0
1785 1785 1.0
1788 1789 1.0
1792 1794 1.0
1807 1816 1.0
1822 1822 1.0
1824 1825 1.0
1827 1827 1.0
1829 1829 1.0
1832 1832 1.0
1838 1839 1.0
1841 1842 1.0
1857 1857 1.0
1859 1865 1.0
1877 1877 1.0
1885 1886 1.0
1889 1895 1.0
1899 1899 1.0
1906 1906 1.0
1908 1909 1.0
1911 1911 1.0
1914 1918 1.0
1938 1939 1.0
1944 1947 1.0
1950 1954 1.0
1956 1956 1.0
1958 1962 1.0
1966 1966 1.0
1981 1982 1.0
1984 1991 1.0
1993 1994 1.0
2001 2003 1.0
