24 25 1.0
36 38 1.0
51 54 1.0
64 64 1.0
66 67 1.0
86 86 1.0
88 91 1.0
104 107 1.0
110 110 1.0
112 113 1.0
117 120 1.0
134 134 1.0
136 143 1.0
157 167 1.0
173 176 1.0
193 203 1.0
216 229 1.0
259 262 1.0
274 279 1.0
281 281 1.0
284 284 1.0
298 307 1.0
318 320 1.0
325 325 1.0
332 336 1.0
338 342 1.0
351 351 1.0
354 356 1.0
373 373 1.0
375 376 1.0
380 380 1.0
382 389 1.0
403 413 1.0
436 442 1.0
445 445 1.0
458 468 1.0
490 490 1.0
493 494 1.0
496 496 1.0
502 503 1.0
506 506 1.0
518 522 1.0
527 528 1.0
533 536 1.0
551 555 1.0
569 581 1.0
583 583 1.0
585 585 1.0
602 609 1.0
611 613 1.0
3276 3276 1.0
