24 27 1.0
30 30 1.0
38 47 1.0
53 57 1.0
59 62 1.0
78 88 1.0
99 102 1.0
108 109 1.0
113 116 1.0
118 119 1.0
121 121 1.0
123 131 1.0
133 133 1.0
150 162 1.0
177 178 1.0
185 185 1.0
190 200 1.0
203 205 1.0
207 207 1.0
209 209 1.0
224 224 1.0
229 239 1.0
259 270 1.0
273 275 1.0
287 298 1.0
318 324 1.0
330 330 1.0
332 332 1.0
336 339 1.0
348 358 1.0
369 369 1.0
373 374 1.0
393 403 1.0
405 405 1.0
409 409 1.0
412 412 1.0
426 428 1.0
431 435 1.0
440 442 1.0
444 453 1.0
471 480 1.0
488 488 1.0
492 495 1.0
501 502 1.0
505 512 1.0
514 514 1.0
522 522 1.0
527 527 1.0
529 532 1.0
541 541 1.0
545 548 1.0
550 551 1.0
555 555 1.0
557 561 1.0
563 565 1.0
573 573 1.0
578 578 1.0
580 585 1.0
597 603 1.0
606 606 1.0
613 613 1.0
615 616 1.0
619 620 1.0
631 640 1.0
643 643 1.0
659 659 1.0
665 669 1.0
672 674 1.0
684 694 1.0
702 706 1.0
719 732 1.0
747 748 1.0
750 750 1.0
753 757 1.0
759 760 1.0
762 763 1.0
765 765 1.0
772 775 1.0
787 792 1.0
794 794 1.0
811 824 1.0
842 847 1.0
859 870 1.0
873 874 1.0
892 893 1.0
895 899 1.0
911 913 1.0
925 935 1.0
937 947 1.0
970 977 1.0
979 979 1.0
988 993 1.0
996 996 1.0
1004 1007 1.0
1019 1026 1.0
1028 1028 1.0
1038 1038 1.0
1040 1042 1.0
1044 1047 1.0
1060 1072 1.0
1084 1085 1.0
1089 1094 1.0
1096 1099 1.0
1112 1122 1.0
1140 1148 1.0
1150 1150 1.0
1153 1153 1.0
1155 1155 1.0
1161 1169 1.0
1171 1173 1.0
1179 1181 1.0
1185 1185 1.0
1193 1202 1.0
1213 1217 1.0
1225 1227 1.0
1229 1230 1.0
1232 1233 1.0
1245 1245 1.0
1247 1253 1.0
1267 1276 1.0
1286 1296 1.0
1317 1324 1.0
1332 1332 1.0
1334 1340 1.0
1342 1342 1.0
1352 1352 1.0
1354 1354 1.0
1370 1380 1.0
1396 1396 1.0
1398 1406 1.0
1408 1408 1.0
1422 1431 1.0
1439 1439 1.0
1445 1446 1.0
1448 1456 1.0
1470 1482 1.0
1485 1486 1.0
1494 1495 1.0
1500 1503 1.0
1506 1507 1.0
1513 1513 1.0
1515 1515 1.0
1519 1519 1.0
1522 1522 1.0
1527 1527 1.0
1532 1532 1.0
1534 1535 1.0
1539 1544 1.0
1560 1560 1.0
1563 1568 1.0
1572 1575 1.0
1580 1582 1.0
1594 1601 1.0
1603 1603 1.0
1611 1611 1.0
1618 1621 1.0
1623 1626 1.0
1628 1629 1.0
1633 1633 1.0
1641 1642 1.0
1644 1644 1.0
1646 1646 1.0
1649 1649 1.0
1656 1664 1.0
1666 1666 1.0
1678 1678 1.0
1686 1696 1.0
1702 1703 1.0
1705 1707 1.0
1710 1710 1.0
1724 1728 1.0
1730 1732 1.0
1734 1734 1.0
1743 1743 1.0
1747 1750 1.0
1753 1753 1.0
1755 1757 1.0
1760 1763 1.0
1775 1780 1.0
1782 1782 1.0
1795 1805 1.0
1813 1814 1.0
1818 1822 1.0
1825 1826 1.0
1834 1835 1.0
1841 1841 1.0
1844 1844 1.0
1847 1851 1.0
1853 1853 1.0
1860 1860 1.0
1866 1868 1.0
1872 1872 1.0
1874 1876 1.0
1879 1881 1.0
1883 1884 1.0
1886 1886 1.0
1888 1888 1.0
1893 1893 1.0
1899 1899 1.0
1905 1905 1.0
1907 1908 1.0
1911 1911 1.0
1913 1913 1.0
1921 1921 1.0
1923 1929 1.0
1939 1949 1.0
1963 1963 1.0
1967 1973 1.0
1975 1977 1.0
1980 1980 1.0
1998 2008 1.0
2010 2010 1.0
2014 2016 1.0
2022 2022 1.0
2029 2029 1.0
2031 2031 1.0
2034 2034 1.0
2036 2036 1.0
2038 2041 1.0
2043 2044 1.0
2059 2069 1.0
2071 2071 1.0
2074 2074 1.0
2087 2094 1.0
2097 2097 1.0
2106 2110 1.0
2112 2113 1.0
2120 2120 1.0
2122 2128 1.0
2142 2146 1.0
2148 2151 1.0
2156 2156 1.0
2163 2166 1.0
2168 2172 1.0
2174 2174 1.0
2182 2182 1.0
2184 2184 1.0
2186 2186 1.0
2188 2188 1.0
2191 2191 1.0
2198 2198 1.0
2210 2217 1.0
2226 2231 1.0
2234 2234 1.0
2243 2248 1.0
2263 2273 1.0
2275 2275 1.0
2286 2296 1.0
2311 2312 1.0
2314 2315 1.0
2326 2329 1.0
2331 2337 1.0
2339 2343 1.0
2345 2345 1.0
2360 2373 1.0
2387 2387 1.0
2389 2390 1.0
2396 2397 1.0
2399 2399 1.0
2402 2407 1.0
2409 2412 1.0
2415 2417 1.0
2433 2445 1.0
2456 2458 1.0
2471 2478 1.0
2486 2486 1.0
2489 2493 1.0
2495 2498 1.0
2500 2501 1.0
2507 2507 1.0
2513 2515 1.0
2526 2534 1.0
2548 2558 1.0
2575 2585 1.0
2589 2589 1.0
2601 2603 1.0
2615 2618 1.0
2627 2631 1.0
2637 2637 1.0
2641 2649 1.0
2660 2664 1.0
2678 2679 1.0
2682 2688 1.0
2691 2701 1.0
2703 2704 1.0
2722 2733 1.0
2753 2763 1.0
2775 2786 1.0
2800 2811 1.0
2819 2821 1.0
2823 2829 1.0
2844 2858 1.0
2874 2883 1.0
2896 2907 1.0
2911 2911 1.0
2913 2914 1.0
2932 2932 1.0
2934 2935 1.0
2937 2937 1.0
2939 2942 1.0
2944 2944 1.0
2947 2947 1.0
2949 2949 1.0
2953 2954 1.0
2969 2972 1.0
2974 2979 1.0
2996 2997 1.0
3002 3006 1.0
3008 3012 1.0
3015 3015 1.0
3018 3018 1.0
3023 3025 1.0
3027 3032 1.0
3045 3045 1.0
3048 3053 1.0
3058 3058 1.0
3065 3065 1.0
3068 3068 1.0
3070 3070 1.0
3079 3079 1.0
3086 3087 1.0
3091 3095 1.0
3099 3100 1.0
3107 3109 1.0
3111 3117 1.0
3120 3121 1.0
3134 3143 1.0
3145 3145 1.0
3150 3150 1.0
3152 3155 1.0
3170 3174 1.0
3180 3180 1.0
3183 3183 1.0
3187 3190 1.0
3192 3193 1.0
3202 3202 1.0
3205 3213 1.0
3218 3218 1.0
3234 3234 1.0
3236 3239 1.0
3246 3246 1.0
3250 3255 1.0
3265 3274 1.0
3282 3284 1.0
3288 3291 1.0
3296 3296 1.0
3306 3306 1.0
3309 3319 1.0
3321 3321 1.0
3338 3341 1.0
3343 3346 1.0
3352 3353 1.0
3358 3362 1.0
3365 3368 1.0
3375 3375 1.0
3378 3378 1.0
3390 3397 1.0
3406 3406 1.0
3409 3416 1.0
3428 3428 1.0
3431 3438 1.0
3450 3460 1.0
3463 3466 1.0
3479 3489 1.0
3497 3501 1.0
3507 3507 1.0
3519 3519 1.0
3524 3529 1.0
3532 3534 1.0
3537 3541 1.0
3553 3563 1.0
3565 3566 1.0
3568 3568 1.0
3570 3570 1.0
3586 3586 1.0
3588 3588 1.0
3590 3594 1.0
3603 3603 1.0
3606 3608 1.0
3610 3611 1.0
3618 3620 1.0
3623 3623 1.0
3625 3627 1.0
3631 3636 1.0
3641 3641 1.0
3647 3651 1.0
3656 3656 1.0
3660 3662 1.0
3664 3666 1.0
3668 3670 1.0
3672 3672 1.0
3674 3679 1.0
3681 3682 1.0
3695 3695 1.0
3697 3698 1.0
3710 3718 1.0
3729 3741 1.0
3760 3760 1.0
3762 3770 1.0
3776 3776 1.0
3782 3782 1.0
3784 3785 1.0
3791 3791 1.0
3794 3794 1.0
3806 3806 1.0
3808 3818 1.0
3820 3820 1.0
3833 3835 1.0
3838 3843 1.0
3846 3848 1.0
3860 3868 1.0
3870 3870 1.0
3883 3893 1.0
3895 3896 1.0
3909 3911 1.0
3914 3918 1.0
3925 3925 1.0
3931 3935 1.0
3937 3937 1.0
3939 3941 1.0
3947 3949 1.0
3952 3954 1.0
3962 3962 1.0
3966 3972 1.0
3974 3974 1.0
3981 3981 1.0
3984 3984 1.0
3986 3987 1.0
3989 3994 1.0
3999 3999 1.0
4007 4008 1.0
4011 4011 1.0
4015 4017 1.0
4036 4046 1.0
4048 4050 1.0
4064 4076 1.0
4091 4100 1.0
4104 4106 1.0
4112 4112 1.0
4118 4118 1.0
4121 4122 1.0
4130 4131 1.0
4135 4135 1.0
4137 4137 1.0
4147 4149 1.0
4154 4157 1.0
4161 4163 1.0
4174 4183 1.0
4197 4208 1.0
4224 4234 1.0
4241 4241 1.0
4243 4243 1.0
4246 4246 1.0
4248 4248 1.0
4250 4251 1.0
4265 4272 1.0
4278 4278 1.0
4283 4285 1.0
4296 4305 1.0
4317 4323 1.0
