31 31 1.0
33 37 1.0
54 59 1.0
104 108 1.0
112 112 1.0
154 154 1.0
156 156 1.0
213 215 1.0
226 227 1.0
270 270 1.0
341 344 1.0
355 356 1.0
406 408 1.0
420 421 1.0
444 448 1.0
516 517 1.0
529 530 1.0
532 537 1.0
607 614 1.0
630 642 1.0
654 664 1.0
674 680 1.0
691 691 1.0
720 729 1.0
769 771 1.0
775 779 1.0
782 784 1.0
813 814 1.0
840 843 1.0
856 859 1.0
873 876 1.0
899 902 1.0
924 925 1.0
937 941 1.0
945 947 1.0
960 960 1.0
962 962 1.0
984 991 1.0
1016 1019 1.0
1029 1030 1.0
1054 1054 1.0
1089 1091 1.0
1103 1103 1.0
1136 1145 1.0
1159 1169 1.0
1179 1183 1.0
1206 1218 1.0
1232 1232 1.0
1239 1239 1.0
1251 1254 1.0
1263 1268 1.0
1298 1300 1.0
1311 1312 1.0
1374 1379 1.0
1467 1470 1.0
1480 1482 1.0
1500 1500 1.0
1550 1552 1.0
1556 1556 1.0
1564 1565 1.0
1593 1595 1.0
1639 1647 1.0
1697 1700 1.0
1712 1712 1.0
1727 1727 1.0
1746 1754 1.0
1769 1779 1.0
1781 1791 1.0
1805 1809 1.0
1813 1815 1.0
1825 1825 1.0
1833 1835 1.0
1845 1848 1.0
1878 1885 1.0
1907 1915 1.0
1929 1943 1.0
1957 1967 1.0
1980 1983 1.0
2031 2035 1.0
2069 2072 1.0
2081 2085 1.0
2098 2098 1.0
2161 2165 1.0
2238 2244 1.0
2256 2257 1.0
3351 3351 1.0
