27 27 1.0
30 40 1.0
57 68 1.0
111 114 1.0
121 121 1.0
124 126 1.0
186 186 1.0
201 205 1.0
216 218 1.0
252 255 1.0
266 267 1.0
282 285 1.0
297 297 1.0
309 309 1.0
311 311 1.0
330 330 1.0
361 361 1.0
363 363 1.0
398 403 1.0
456 458 1.0
469 471 1.0
507 511 1.0
522 523 1.0
550 551 1.0
562 562 1.0
565 568 1.0
577 582 1.0
611 620 1.0
715 718 1.0
730 733 1.0
756 763 1.0
779 779 1.0
783 783 1.0
811 811 1.0
813 813 1.0
848 850 1.0
856 857 1.0
862 862 1.0
868 871 1.0
884 885 1.0
893 893 1.0
897 897 1.0
909 916 1.0
927 929 1.0
945 948 1.0
991 992 1.0
1003 1005 1.0
1016 1025 1.0
1030 1030 1.0
1045 1050 1.0
1068 1068 1.0
1070 1070 1.0
1073 1073 1.0
1120 1122 1.0
1133 1134 1.0
1173 1181 1.0
1186 1187 1.0
1216 1220 1.0
1229 1230 1.0
1242 1244 1.0
1247 1250 1.0
1262 1265 1.0
1278 1288 1.0
1291 1291 1.0
1297 1308 1.0
1330 1341 1.0
1353 1358 1.0
1386 1389 1.0
1391 1391 1.0
1407 1411 1.0
1425 1426 1.0
1460 1466 1.0
1484 1487 1.0
1533 1533 1.0
1538 1538 1.0
1564 1564 1.0
1566 1566 1.0
1582 1586 1.0
1600 1605 1.0
1614 1614 1.0
1668 1670 1.0
1681 1683 1.0
1695 1699 1.0
1709 1711 1.0
1713 1713 1.0
1763 1766 1.0
1777 1778 1.0
1808 1808 1.0
1834 1834 1.0
1837 1838 1.0
1884 1887 1.0
1899 1900 1.0
1912 1914 1.0
1925 1926 1.0
1929 1933 1.0
1943 1945 1.0
1959 1962 1.0
1966 1968 1.0
2034 2041 1.0
2057 2065 1.0
2081 2083 1.0
2089 2091 1.0
2103 2103 1.0
2109 2109 1.0
2111 2111 1.0
2178 2182 1.0
2184 2185 1.0
2192 2192 1.0
2304 2306 1.0
2317 2317 1.0
2354 2359 1.0
2368 2368 1.0
2407 2409 1.0
2457 2459 1.0
2471 2475 1.0
2514 2517 1.0
2520 2524 1.0
2534 2534 1.0
2570 2572 1.0
2583 2585 1.0
2669 2670 1.0
2681 2683 1.0
2685 2686 1.0
2689 2692 1.0
2704 2705 1.0
2711 2711 1.0
2806 2806 1.0
2825 2827 1.0
2838 2838 1.0
2840 2842 1.0
2851 2851 1.0
2853 2856 1.0
2859 2861 1.0
2884 2888 1.0
2899 2900 1.0
2989 2992 1.0
2997 2997 1.0
3003 3004 1.0
3066 3068 1.0
3080 3080 1.0
3176 3184 1.0
3196 3206 1.0
3208 3209 1.0
3850 3850 1.0
