33 48 1.0
64 75 1.0
90 92 1.0
94 96 1.0
106 106 1.0
109 109 1.0
111 116 1.0
125 127 1.0
133 134 1.0
139 139 1.0
142 142 1.0
154 164 1.0
183 190 1.0
204 208 1.0
211 214 1.0
220 221 1.0
224 224 1.0
226 227 1.0
239 243 1.0
258 261 1.0
264 264 1.0
278 278 1.0
280 281 1.0
292 296 1.0
299 299 1.0
301 303 1.0
311 311 1.0
315 319 1.0
333 334 1.0
337 337 1.0
351 351 1.0
368 378 1.0
389 395 1.0
410 419 1.0
429 436 1.0
449 459 1.0
474 477 1.0
488 496 1.0
508 509 1.0
511 512 1.0
546 552 1.0
554 555 1.0
562 569 1.0
582 589 1.0
591 601 1.0
615 625 1.0
631 632 1.0
644 646 1.0
659 667 1.0
676 676 1.0
678 679 1.0
683 684 1.0
703 716 1.0
735 744 1.0
759 759 1.0
761 761 1.0
773 777 1.0
780 783 1.0
786 790 1.0
809 815 1.0
817 818 1.0
831 842 1.0
861 870 1.0
872 872 1.0
887 890 1.0
893 893 1.0
895 895 1.0
909 909 1.0
911 912 1.0
914 914 1.0
921 921 1.0
930 930 1.0
937 937 1.0
939 939 1.0
945 945 1.0
951 955 1.0
957 961 1.0
964 967 1.0
970 970 1.0
988 996 1.0
1008 1015 1.0
1029 1036 1.0
1050 1060 1.0
1064 1066 1.0
1081 1089 1.0
1101 1104 1.0
1106 1111 1.0
1114 1116 1.0
1136 1145 1.0
1173 1183 1.0
1193 1193 1.0
1205 1212 1.0
1227 1238 1.0
1255 1261 1.0
1276 1285 1.0
1295 1304 1.0
1325 1334 1.0
1348 1358 1.0
1379 1379 1.0
1395 1403 1.0
1417 1417 1.0
1420 1425 1.0
1427 1427 1.0
1436 1437 1.0
1440 1440 1.0
1442 1442 1.0
1473 1479 1.0
1481 1484 1.0
1494 1496 1.0
1508 1511 1.0
1523 1524 1.0
1529 1529 1.0
1531 1531 1.0
1535 1538 1.0
1550 1557 1.0
1559 1559 1.0
1561 1561 1.0
1569 1569 1.0
1571 1571 1.0
1597 1597 1.0
1599 1605 1.0
1617 1621 1.0
1624 1624 1.0
1646 1646 1.0
1648 1649 1.0
1651 1653 1.0
1670 1670 1.0
1673 1677 1.0
1694 1706 1.0
1720 1722 1.0
1727 1729 1.0
1739 1742 1.0
1757 1770 1.0
1788 1795 1.0
1797 1797 1.0
1810 1814 1.0
1828 1840 1.0
1861 1867 1.0
1885 1894 1.0
1904 1906 1.0
1912 1913 1.0
1920 1920 1.0
1934 1935 1.0
1939 1942 1.0
1947 1948 1.0
1961 1967 1.0
1978 1978 1.0
1982 1987 1.0
1990 1992 1.0
2003 2005 1.0
2008 2012 1.0
2026 2026 1.0
2028 2035 1.0
2044 2045 1.0
2047 2051 1.0
2063 2067 1.0
2069 2070 1.0
2072 2073 1.0
2076 2078 1.0
2089 2096 1.0
2098 2098 1.0
2116 2117 1.0
2122 2122 1.0
2134 2140 1.0
2142 2142 1.0
2151 2151 1.0
2155 2155 1.0
2157 2158 1.0
2167 2167 1.0
2170 2171 1.0
2184 2193 1.0
2197 2198 1.0
2207 2207 1.0
2211 2212 1.0
2214 2214 1.0
2226 2229 1.0
2231 2235 1.0
2239 2242 1.0
2246 2248 1.0
2263 2267 1.0
2270 2273 1.0
2275 2275 1.0
2277 2277 1.0
2284 2285 1.0
2292 2292 1.0
2310 2310 1.0
2312 2319 1.0
2331 2337 1.0
2351 2364 1.0
2385 2385 1.0
2387 2388 1.0
2390 2391 1.0
2404 2405 1.0
2417 2423 1.0
2426 2427 1.0
2431 2432 1.0
2435 2435 1.0
2448 2452 1.0
2454 2458 1.0
2461 2464 1.0
2477 2480 1.0
2482 2485 1.0
2499 2501 1.0
2513 2515 1.0
2526 2536 1.0
2549 2559 1.0
2578 2586 1.0
2588 2588 1.0
2596 2596 1.0
2603 2603 1.0
2616 2626 1.0
2628 2628 1.0
2633 2633 1.0
2650 2657 1.0
2669 2674 1.0
2676 2679 1.0
2691 2693 1.0
2700 2700 1.0
2704 2706 1.0
2720 2723 1.0
2725 2727 1.0
2739 2743 1.0
2745 2749 1.0
2765 2765 1.0
2767 2768 1.0
2771 2771 1.0
2791 2800 1.0
2810 2816 1.0
2831 2831 1.0
2843 2849 1.0
2863 2866 1.0
2868 2870 1.0
2886 2886 1.0
2889 2894 1.0
2907 2909 1.0
2913 2917 1.0
2920 2922 1.0
2934 2934 1.0
2936 2937 1.0
2949 2953 1.0
2965 2967 1.0
2979 2981 1.0
2985 2988 1.0
2991 2994 1.0
3000 3000 1.0
3008 3009 1.0
3025 3031 1.0
3033 3035 1.0
3039 3041 1.0
3055 3055 1.0
3057 3062 1.0
3074 3082 1.0
3084 3084 1.0
3089 3089 1.0
3092 3094 1.0
3109 3109 1.0
3113 3116 1.0
3121 3123 1.0
3127 3129 1.0
3134 3135 1.0
3150 3150 1.0
3152 3155 1.0
3157 3157 1.0
3159 3160 1.0
3162 3162 1.0
3178 3187 1.0
3199 3206 1.0
3212 3212 1.0
3216 3219 1.0
3232 3235 1.0
3238 3238 1.0
3253 3268 1.0
3289 3292 1.0
3294 3295 1.0
3304 3304 1.0
3306 3313 1.0
3323 3332 1.0
3345 3346 1.0
3358 3366 1.0
3381 3392 1.0
3414 3420 1.0
3433 3443 1.0
3456 3458 1.0
3464 3466 1.0
3468 3473 1.0
3488 3490 1.0
3506 3506 1.0
3512 3516 1.0
3518 3521 1.0
3531 3537 1.0
3540 3540 1.0
3555 3562 1.0
3574 3580 1.0
3588 3593 1.0
3596 3596 1.0
3613 3615 1.0
3620 3623 1.0
3627 3627 1.0
3629 3630 1.0
3632 3636 1.0
3648 3648 1.0
3651 3655 1.0
3657 3657 1.0
