24 24 1.0
28 29 1.0
31 31 1.0
33 37 1.0
41 41 1.0
50 50 1.0
56 65 1.0
76 84 1.0
95 101 1.0
103 103 1.0
113 113 1.0
115 118 1.0
125 125 1.0
144 151 1.0
161 161 1.0
163 166 1.0
180 187 1.0
197 207 1.0
229 233 1.0
248 254 1.0
256 257 1.0
272 272 1.0
274 280 1.0
301 310 1.0
336 347 1.0
358 365 1.0
383 387 1.0
389 389 1.0
402 404 1.0
415 416 1.0
418 423 1.0
431 436 1.0
450 459 1.0
473 473 1.0
478 482 1.0
488 488 1.0
490 497 1.0
532 532 1.0
535 538 1.0
541 541 1.0
543 546 1.0
550 551 1.0
553 553 1.0
569 579 1.0
591 600 1.0
618 620 1.0
625 629 1.0
632 636 1.0
640 640 1.0
659 668 1.0
678 688 1.0
708 714 1.0
721 722 1.0
735 735 1.0
737 737 1.0
739 739 1.0
752 759 1.0
761 762 1.0
787 792 1.0
806 806 1.0
812 816 1.0
820 821 1.0
837 840 1.0
842 843 1.0
857 857 1.0
859 867 1.0
879 882 1.0
911 921 1.0
931 933 1.0
945 948 1.0
950 951 1.0
963 963 1.0
967 968 1.0
987 990 1.0
1001 1004 1.0
1007 1007 1.0
1009 1009 1.0
1016 1016 1.0
1019 1019 1.0
1021 1021 1.0
1035 1042 1.0
1050 1050 1.0
1056 1058 1.0
1060 1060 1.0
1064 1066 1.0
1074 1074 1.0
1086 1096 1.0
1105 1107 1.0
1119 1129 1.0
1155 1155 1.0
1170 1171 1.0
1188 1188 1.0
1190 1195 1.0
1212 1215 1.0
1229 1233 1.0
1247 1248 1.0
1250 1250 1.0
1253 1256 1.0
1262 1263 1.0
1266 1269 1.0
1284 1293 1.0
1320 1321 1.0
1326 1329 1.0
1341 1341 1.0
1388 1389 1.0
1391 1391 1.0
1393 1394 1.0
1396 1396 1.0
1406 1406 1.0
1408 1412 1.0
1424 1432 1.0
1447 1458 1.0
1465 1465 1.0
1471 1474 1.0
1477 1480 1.0
1489 1489 1.0
1491 1492 1.0
1508 1516 1.0
1518 1518 1.0
1528 1528 1.0
1540 1540 1.0
1553 1561 1.0
1579 1580 1.0
1603 1610 1.0
1624 1631 1.0
1647 1648 1.0
1650 1653 1.0
1655 1658 1.0
1663 1665 1.0
1680 1683 1.0
1695 1705 1.0
1707 1710 1.0
1759 1759 1.0
1761 1764 1.0
1774 1778 1.0
1780 1784 1.0
1790 1790 1.0
1806 1814 1.0
1825 1835 1.0
1841 1841 1.0
1862 1863 1.0
1870 1872 1.0
1882 1885 1.0
1888 1888 1.0
1904 1905 1.0
1920 1920 1.0
1923 1923 1.0
1925 1926 1.0
1971 1981 1.0
1983 1986 1.0
2003 2003 1.0
2006 2006 1.0
2009 2009 1.0
2027 2033 1.0
2047 2056 1.0
2075 2084 1.0
2093 2095 1.0
2099 2099 1.0
2107 2109 1.0
2111 2111 1.0
2129 2138 1.0
2141 2141 1.0
2157 2166 1.0
2190 2207 1.0
2219 2221 1.0
3573 3573 1.0
