37 47 1.0
60 71 1.0
89 98 1.0
105 114 1.0
126 137 1.0
140 142 1.0
144 150 1.0
158 168 1.0
171 171 1.0
180 181 1.0
183 191 1.0
193 193 1.0
195 196 1.0
201 212 1.0
214 214 1.0
216 216 1.0
221 235 1.0
237 237 1.0
249 259 1.0
268 278 1.0
287 297 1.0
301 305 1.0
317 328 1.0
341 351 1.0
354 355 1.0
371 382 1.0
393 399 1.0
406 407 1.0
409 409 1.0
411 413 1.0
415 416 1.0
418 418 1.0
425 425 1.0
428 428 1.0
430 430 1.0
432 435 1.0
437 442 1.0
445 445 1.0
447 448 1.0
463 474 1.0
476 477 1.0
485 494 1.0
506 515 1.0
519 520 1.0
524 524 1.0
527 529 1.0
531 541 1.0
543 544 1.0
556 566 1.0
575 581 1.0
598 606 1.0
608 609 1.0
613 623 1.0
631 639 1.0
651 661 1.0
664 665 1.0
677 684 1.0
689 689 1.0
691 691 1.0
696 700 1.0
702 704 1.0
706 712 1.0
716 728 1.0
742 752 1.0
754 754 1.0
756 759 1.0
761 764 1.0
770 780 1.0
796 809 1.0
820 830 1.0
843 855 1.0
857 858 1.0
874 884 1.0
896 896 1.0
898 913 1.0
926 936 1.0
945 956 1.0
958 960 1.0
962 963 1.0
965 965 1.0
968 970 1.0
972 972 1.0
977 979 1.0
981 987 1.0
998 1007 1.0
1016 1023 1.0
1025 1026 1.0
3333 3333 1.0
