24 26 1.0
45 57 1.0
64 65 1.0
69 74 1.0
76 78 1.0
92 102 1.0
110 110 1.0
117 117 1.0
122 132 1.0
134 134 1.0
152 163 1.0
173 173 1.0
185 188 1.0
200 204 1.0
217 221 1.0
236 240 1.0
245 246 1.0
251 256 1.0
258 258 1.0
260 261 1.0
264 266 1.0
270 270 1.0
284 289 1.0
300 306 1.0
319 326 1.0
335 335 1.0
337 343 1.0
347 347 1.0
352 355 1.0
368 379 1.0
394 404 1.0
418 418 1.0
421 421 1.0
423 424 1.0
431 431 1.0
438 441 1.0
443 449 1.0
462 462 1.0
464 464 1.0
471 472 1.0
474 474 1.0
476 481 1.0
486 486 1.0
490 493 1.0
505 505 1.0
508 516 1.0
518 518 1.0
534 540 1.0
548 548 1.0
550 556 1.0
573 578 1.0
580 581 1.0
590 590 1.0
592 597 1.0
610 611 1.0
616 616 1.0
618 618 1.0
625 625 1.0
631 635 1.0
638 638 1.0
651 652 1.0
656 658 1.0
665 666 1.0
674 675 1.0
678 678 1.0
680 684 1.0
686 686 1.0
691 691 1.0
694 696 1.0
708 708 1.0
710 714 1.0
716 716 1.0
730 741 1.0
756 756 1.0
758 758 1.0
760 763 1.0
765 766 1.0
768 768 1.0
775 775 1.0
777 787 1.0
793 794 1.0
796 796 1.0
802 803 1.0
809 813 1.0
825 825 1.0
833 840 1.0
853 862 1.0
874 875 1.0
878 880 1.0
884 884 1.0
896 896 1.0
903 912 1.0
922 930 1.0
938 938 1.0
944 947 1.0
951 951 1.0
959 961 1.0
963 966 1.0
981 992 1.0
1011 1011 1.0
1013 1017 1.0
1020 1021 1.0
1036 1036 1.0
1038 1046 1.0
1048 1048 1.0
1061 1063 1.0
1066 1066 1.0
1068 1072 1.0
1074 1078 1.0
1091 1091 1.0
1093 1098 1.0
1110 1119 1.0
1131 1131 1.0
1152 1152 1.0
1155 1165 1.0
1178 1183 1.0
1190 1191 1.0
1193 1199 1.0
1213 1217 1.0
1221 1221 1.0
1231 1231 1.0
1233 1237 1.0
1240 1241 1.0
1246 1246 1.0
1249 1249 1.0
1252 1255 1.0
1267 1277 1.0
1289 1292 1.0
1297 1299 1.0
1302 1305 1.0
1317 1319 1.0
1321 1322 1.0
1324 1325 1.0
1337 1337 1.0
1339 1341 1.0
1343 1343 1.0
1357 1357 1.0
1359 1363 1.0
1365 1365 1.0
1367 1367 1.0
1375 1375 1.0
1389 1399 1.0
1409 1413 1.0
1416 1416 1.0
1425 1425 1.0
1428 1432 1.0
1441 1449 1.0
1466 1471 1.0
1473 1473 1.0
1483 1483 1.0
1487 1491 1.0
1503 1513 1.0
1538 1548 1.0
1559 1560 1.0
1572 1576 1.0
1578 1579 1.0
1586 1586 1.0
1588 1589 1.0
1591 1595 1.0
1608 1608 1.0
1611 1611 1.0
1613 1615 1.0
1628 1638 1.0
1654 1665 1.0
1667 1667 1.0
1670 1673 1.0
1675 1677 1.0
1679 1679 1.0
1691 1692 1.0
1695 1701 1.0
1713 1720 1.0
1733 1745 1.0
1763 1771 1.0
1782 1792 1.0
1795 1795 1.0
1805 1805 1.0
1822 1823 1.0
1826 1832 1.0
1837 1837 1.0
1841 1841 1.0
1843 1844 1.0
1846 1846 1.0
1858 1872 1.0
1893 1904 1.0
1909 1909 1.0
1927 1937 1.0
1944 1944 1.0
1950 1952 1.0
1956 1957 1.0
1959 1959 1.0
1968 1969 1.0
1974 1976 1.0
1988 1993 1.0
1995 1995 1.0
2004 2005 1.0
2007 2007 1.0
2020 2029 1.0
2031 2031 1.0
2046 2052 1.0
2054 2059 1.0
2073 2077 1.0
2090 2098 1.0
2108 2118 1.0
2141 2155 1.0
2159 2159 1.0
2172 2179 1.0
2181 2182 1.0
2191 2191 1.0
2194 2200 1.0
2211 2219 1.0
2231 2241 1.0
2251 2255 1.0
2266 2275 1.0
2302 2306 1.0
2312 2312 1.0
2324 2324 1.0
2327 2327 1.0
2329 2329 1.0
2341 2350 1.0
2354 2357 1.0
2362 2362 1.0
2375 2381 1.0
2383 2383 1.0
2389 2389 1.0
2391 2397 1.0
2400 2400 1.0
2406 2406 1.0
2413 2413 1.0
2418 2419 1.0
2421 2421 1.0
2425 2434 1.0
2446 2446 1.0
2448 2448 1.0
2450 2450 1.0
2463 2464 1.0
2466 2471 1.0
2473 2473 1.0
2485 2495 1.0
2497 2497 1.0
2515 2523 1.0
2534 2536 1.0
2538 2538 1.0
2540 2542 1.0
2548 2550 1.0
2552 2552 1.0
2555 2556 1.0
2568 2574 1.0
2586 2586 1.0
2588 2588 1.0
2590 2595 1.0
2607 2615 1.0
2617 2617 1.0
2637 2644 1.0
2646 2648 1.0
2650 2650 1.0
2666 2666 1.0
2668 2668 1.0
2670 2676 1.0
2678 2678 1.0
2680 2680 1.0
2693 2699 1.0
2708 2708 1.0
2711 2718 1.0
2733 2735 1.0
2738 2739 1.0
2741 2743 1.0
2746 2748 1.0
2750 2751 1.0
2753 2753 1.0
2755 2755 1.0
2763 2763 1.0
