26 35 1.0
47 48 1.0
50 51 1.0
63 63 1.0
65 65 1.0
69 69 1.0
77 77 1.0
79 81 1.0
83 87 1.0
99 100 1.0
103 104 1.0
113 113 1.0
116 117 1.0
119 119 1.0
123 123 1.0
132 132 1.0
136 137 1.0
152 159 1.0
172 172 1.0
174 174 1.0
179 179 1.0
194 195 1.0
208 208 1.0
211 216 1.0
231 231 1.0
234 245 1.0
261 261 1.0
263 270 1.0
273 273 1.0
278 278 1.0
280 280 1.0
287 287 1.0
295 296 1.0
300 300 1.0
303 303 1.0
310 310 1.0
313 313 1.0
315 316 1.0
318 320 1.0
325 325 1.0
334 335 1.0
339 339 1.0
342 343 1.0
351 352 1.0
355 357 1.0
359 359 1.0
361 361 1.0
378 379 1.0
384 385 1.0
387 388 1.0
391 394 1.0
398 398 1.0
414 423 1.0
425 425 1.0
447 451 1.0
455 455 1.0
457 457 1.0
464 464 1.0
469 469 1.0
471 474 1.0
481 481 1.0
489 489 1.0
497 498 1.0
503 503 1.0
506 507 1.0
510 510 1.0
512 512 1.0
515 516 1.0
520 520 1.0
542 549 1.0
570 570 1.0
573 574 1.0
588 590 1.0
592 596 1.0
602 603 1.0
608 609 1.0
622 623 1.0
626 626 1.0
629 630 1.0
635 635 1.0
644 645 1.0
662 664 1.0
676 681 1.0
685 686 1.0
693 695 1.0
711 711 1.0
714 716 1.0
718 718 1.0
731 731 1.0
734 734 1.0
736 739 1.0
752 757 1.0
759 759 1.0
776 776 1.0
778 779 1.0
782 783 1.0
785 786 1.0
791 792 1.0
799 799 1.0
804 804 1.0
806 806 1.0
812 812 1.0
817 822 1.0
824 824 1.0
826 826 1.0
839 840 1.0
843 844 1.0
846 847 1.0
849 849 1.0
853 853 1.0
887 887 1.0
891 891 1.0
897 897 1.0
910 910 1.0
914 916 1.0
918 918 1.0
936 936 1.0
938 940 1.0
953 953 1.0
974 980 1.0
994 994 1.0
1000 1001 1.0
1007 1007 1.0
1009 1009 1.0
1013 1014 1.0
1016 1016 1.0
1031 1032 1.0
1034 1036 1.0
1038 1038 1.0
1048 1048 1.0
1050 1054 1.0
1056 1056 1.0
1072 1072 1.0
1074 1074 1.0
1080 1081 1.0
1088 1088 1.0
1093 1095 1.0
1098 1098 1.0
1112 1112 1.0
1114 1114 1.0
1116 1116 1.0
1118 1118 1.0
1125 1126 1.0
1128 1128 1.0
1130 1133 1.0
1146 1153 1.0
1155 1155 1.0
1164 1165 1.0
1167 1167 1.0
1169 1179 1.0
1193 1193 1.0
1195 1195 1.0
1197 1197 1.0
1211 1212 1.0
1215 1216 1.0
1224 1224 1.0
1228 1228 1.0
1230 1230 1.0
1245 1255 1.0
1268 1268 1.0
1292 1295 1.0
1297 1297 1.0
1307 1307 1.0
1309 1315 1.0
1317 1317 1.0
1328 1329 1.0
1331 1331 1.0
1334 1335 1.0
1342 1344 1.0
1350 1350 1.0
1358 1360 1.0
1362 1364 1.0
1367 1368 1.0
1372 1372 1.0
1380 1380 1.0
1382 1382 1.0
1386 1386 1.0
1392 1392 1.0
1395 1395 1.0
1400 1400 1.0
1412 1412 1.0
1414 1414 1.0
1416 1416 1.0
1419 1420 1.0
1422 1422 1.0
1428 1428 1.0
1435 1435 1.0
1437 1438 1.0
1440 1441 1.0
1444 1445 1.0
1454 1454 1.0
1461 1461 1.0
1463 1464 1.0
1467 1467 1.0
1469 1469 1.0
1473 1473 1.0
1477 1477 1.0
1483 1483 1.0
1486 1486 1.0
1489 1490 1.0
1507 1508 1.0
1510 1511 1.0
1516 1517 1.0
1524 1525 1.0
1533 1533 1.0
1538 1539 1.0
1542 1542 1.0
1562 1572 1.0
1581 1581 1.0
1586 1586 1.0
1589 1590 1.0
1596 1596 1.0
1598 1600 1.0
1602 1603 1.0
1617 1627 1.0
1647 1648 1.0
1650 1651 1.0
1654 1654 1.0
1656 1657 1.0
1664 1664 1.0
1666 1666 1.0
1675 1676 1.0
1678 1680 1.0
1692 1693 1.0
1695 1695 1.0
1697 1698 1.0
1700 1700 1.0
1710 1710 1.0
1712 1713 1.0
1717 1717 1.0
1732 1735 1.0
1737 1739 1.0
1741 1741 1.0
1747 1747 1.0
1761 1762 1.0
1764 1767 1.0
1790 1798 1.0
1817 1819 1.0
1821 1821 1.0
1823 1823 1.0
1825 1826 1.0
1839 1844 1.0
1846 1849 1.0
1870 1874 1.0
1886 1886 1.0
1892 1892 1.0
1898 1899 1.0
1901 1901 1.0
1906 1906 1.0
1914 1914 1.0
1918 1918 1.0
1924 1924 1.0
1926 1927 1.0
1934 1934 1.0
1940 1940 1.0
1951 1951 1.0
1953 1954 1.0
1956 1959 1.0
1973 1979 1.0
1993 1994 1.0
1999 1999 1.0
2001 2003 1.0
2006 2006 1.0
2008 2009 1.0
2032 2041 1.0
2050 2054 1.0
2066 2066 1.0
2068 2070 1.0
2072 2072 1.0
2074 2076 1.0
2098 2100 1.0
2102 2102 1.0
2104 2109 1.0
2132 2133 1.0
2135 2135 1.0
2138 2138 1.0
2141 2142 1.0
2145 2145 1.0
2148 2148 1.0
2150 2151 1.0
2157 2158 1.0
2166 2166 1.0
2174 2174 1.0
2179 2184 1.0
2186 2187 1.0
2189 2189 1.0
2196 2196 1.0
2201 2201 1.0
2210 2210 1.0
2213 2219 1.0
3372 3372 1.0
