24 30 1.0
41 47 1.0
62 66 1.0
79 82 1.0
92 103 1.0
119 129 1.0
132 133 1.0
136 142 1.0
159 159 1.0
162 162 1.0
176 183 1.0
195 206 1.0
220 226 1.0
237 244 1.0
255 264 1.0
278 288 1.0
294 294 1.0
307 318 1.0
336 345 1.0
355 355 1.0
357 360 1.0
375 382 1.0
385 385 1.0
388 389 1.0
410 421 1.0
438 448 1.0
467 478 1.0
495 507 1.0
529 542 1.0
564 576 1.0
595 601 1.0
609 617 1.0
630 633 1.0
653 663 1.0
667 667 1.0
673 677 1.0
681 688 1.0
708 718 1.0
734 742 1.0
754 762 1.0
791 791 1.0
794 794 1.0
812 812 1.0
815 818 1.0
834 837 1.0
848 853 1.0
858 858 1.0
866 866 1.0
892 893 1.0
895 897 1.0
902 902 1.0
918 918 1.0
930 938 1.0
960 963 1.0
970 971 1.0
975 980 1.0
993 993 1.0
996 998 1.0
1005 1007 1.0
1010 1010 1.0
1013 1015 1.0
1034 1034 1.0
1053 1053 1.0
1055 1055 1.0
1067 1068 1.0
1074 1077 1.0
1079 1082 1.0
1098 1098 1.0
1104 1104 1.0
1112 1112 1.0
1116 1119 1.0
1122 1122 1.0
1142 1142 1.0
1145 1150 1.0
1154 1154 1.0
1169 1177 1.0
1179 1179 1.0
1195 1195 1.0
1197 1197 1.0
1199 1200 1.0
1202 1202 1.0
1207 1207 1.0
1209 1209 1.0
1214 1214 1.0
1219 1219 1.0
1226 1226 1.0
1228 1228 1.0
1246 1255 1.0
1265 1272 1.0
1317 1317 1.0
1320 1320 1.0
1323 1326 1.0
1345 1346 1.0
1351 1353 1.0
1355 1355 1.0
1369 1379 1.0
1388 1388 1.0
1411 1412 1.0
1419 1421 1.0
1429 1429 1.0
1431 1431 1.0
1433 1440 1.0
1462 1473 1.0
1489 1498 1.0
1510 1510 1.0
1513 1515 1.0
1518 1518 1.0
1531 1532 1.0
1534 1538 1.0
1552 1558 1.0
1560 1562 1.0
1587 1591 1.0
1604 1604 1.0
1621 1629 1.0
1641 1654 1.0
1675 1689 1.0
1707 1717 1.0
1733 1742 1.0
1755 1757 1.0
1763 1763 1.0
1773 1773 1.0
1775 1779 1.0
1788 1788 1.0
1790 1796 1.0
1816 1816 1.0
1818 1818 1.0
1821 1822 1.0
1834 1836 1.0
1838 1839 1.0
1853 1858 1.0
1860 1860 1.0
1876 1885 1.0
1905 1915 1.0
1928 1938 1.0
1950 1950 1.0
1964 1966 1.0
1980 1988 1.0
2006 2017 1.0
2033 2033 1.0
2035 2041 1.0
2043 2043 1.0
2045 2045 1.0
2048 2048 1.0
2060 2060 1.0
2067 2067 1.0
2069 2069 1.0
2072 2075 1.0
2097 2105 1.0
2123 2130 1.0
2132 2133 1.0
2151 2157 1.0
2173 2173 1.0
2175 2175 1.0
2178 2180 1.0
2196 2196 1.0
2199 2201 1.0
2220 2220 1.0
2223 2230 1.0
2256 2260 1.0
2262 2264 1.0
2272 2273 1.0
2278 2281 1.0
2288 2288 1.0
2309 2309 1.0
2313 2319 1.0
2322 2323 1.0
2340 2348 1.0
2357 2363 1.0
2376 2376 1.0
2380 2380 1.0
2383 2383 1.0
2385 2386 1.0
2408 2409 1.0
2422 2425 1.0
2439 2440 1.0
2455 2455 1.0
2472 2482 1.0
2498 2505 1.0
2517 2520 1.0
2522 2522 1.0
2526 2526 1.0
2543 2548 1.0
2551 2551 1.0
2561 2561 1.0
2563 2568 1.0
2575 2575 1.0
2579 2579 1.0
2582 2583 1.0
2585 2585 1.0
2588 2588 1.0
2603 2611 1.0
2622 2624 1.0
2639 2647 1.0
2667 2679 1.0
2681 2681 1.0
2700 2710 1.0
2723 2723 1.0
2747 2757 1.0
2773 2773 1.0
2778 2781 1.0
2785 2788 1.0
2805 2814 1.0
2826 2826 1.0
2830 2830 1.0
2842 2842 1.0
2845 2845 1.0
2860 2860 1.0
2862 2864 1.0
2866 2867 1.0
2872 2872 1.0
2875 2876 1.0
2878 2880 1.0
2897 2904 1.0
2920 2927 1.0
2943 2943 1.0
2952 2961 1.0
2977 2979 1.0
2990 3000 1.0
3019 3029 1.0
3045 3052 1.0
3063 3068 1.0
3081 3088 1.0
3098 3098 1.0
3100 3102 1.0
3114 3116 1.0
3127 3132 1.0
3137 3137 1.0
3149 3150 1.0
3172 3183 1.0
3199 3209 1.0
3223 3223 1.0
3225 3225 1.0
3228 3229 1.0
3231 3231 1.0
3235 3235 1.0
3237 3238 1.0
3254 3254 1.0
3269 3280 1.0
3314 3322 1.0
3333 3338 1.0
3346 3346 1.0
3349 3352 1.0
3367 3378 1.0
3394 3394 1.0
3396 3399 1.0
3401 3401 1.0
3423 3434 1.0
3447 3447 1.0
3464 3472 1.0
3484 3490 1.0
3500 3508 1.0
3522 3523 1.0
3525 3525 1.0
3531 3532 1.0
3535 3535 1.0
3537 3537 1.0
3539 3539 1.0
3544 3544 1.0
3558 3568 1.0
3583 3593 1.0
3606 3606 1.0
3610 3610 1.0
3627 3632 1.0
3634 3634 1.0
3637 3637 1.0
3649 3650 1.0
3652 3652 1.0
