24 27 1.0
41 54 1.0
71 83 1.0
93 101 1.0
113 131 1.0
154 164 1.0
173 180 1.0
195 207 1.0
228 228 1.0
230 233 1.0
235 245 1.0
249 249 1.0
256 256 1.0
261 261 1.0
265 266 1.0
269 275 1.0
286 294 1.0
305 312 1.0
326 326 1.0
328 328 1.0
335 336 1.0
338 338 1.0
340 345 1.0
356 367 1.0
369 369 1.0
373 373 1.0
386 387 1.0
389 389 1.0
392 399 1.0
402 402 1.0
406 406 1.0
408 409 1.0
411 412 1.0
415 416 1.0
418 418 1.0
421 424 1.0
433 442 1.0
454 456 1.0
458 461 1.0
463 464 1.0
473 473 1.0
480 491 1.0
494 495 1.0
497 497 1.0
499 500 1.0
514 525 1.0
529 529 1.0
534 534 1.0
536 538 1.0
551 563 1.0
580 590 1.0
599 605 1.0
612 621 1.0
631 631 1.0
634 634 1.0
643 643 1.0
648 648 1.0
653 653 1.0
655 655 1.0
657 657 1.0
659 661 1.0
663 663 1.0
665 665 1.0
669 669 1.0
675 675 1.0
678 679 1.0
681 683 1.0
685 685 1.0
687 687 1.0
691 691 1.0
701 701 1.0
703 711 1.0
721 721 1.0
726 727 1.0
739 739 1.0
745 746 1.0
751 753 1.0
761 762 1.0
764 772 1.0
787 797 1.0
805 809 1.0
814 814 1.0
821 824 1.0
826 827 1.0
830 830 1.0
833 833 1.0
837 837 1.0
839 842 1.0
845 845 1.0
849 849 1.0
854 855 1.0
858 859 1.0
861 861 1.0
863 863 1.0
867 867 1.0
875 877 1.0
879 885 1.0
899 909 1.0
916 916 1.0
921 922 1.0
925 926 1.0
928 931 1.0
934 935 1.0
938 938 1.0
940 940 1.0
942 943 1.0
956 957 1.0
959 966 1.0
968 970 1.0
972 980 1.0
982 982 1.0
996 1007 1.0
1035 1045 1.0
1054 1063 1.0
1076 1078 1.0
1082 1085 1.0
1090 1093 1.0
1097 1099 1.0
1102 1102 1.0
1105 1105 1.0
1120 1124 1.0
1127 1127 1.0
1132 1142 1.0
1157 1160 1.0
1163 1170 1.0
1180 1180 1.0
1186 1188 1.0
1192 1196 1.0
1200 1200 1.0
1202 1202 1.0
1207 1207 1.0
1219 1225 1.0
1227 1227 1.0
1231 1231 1.0
1243 1243 1.0
1245 1250 1.0
1252 1252 1.0
1257 1257 1.0
1270 1270 1.0
1272 1276 1.0
1278 1278 1.0
1290 1298 1.0
1307 1307 1.0
1309 1313 1.0
1317 1332 1.0
1348 1358 1.0
1372 1379 1.0
1381 1381 1.0
1389 1394 1.0
1403 1403 1.0
1405 1406 1.0
1409 1413 1.0
1417 1418 1.0
1425 1425 1.0
1427 1427 1.0
1429 1432 1.0
1437 1437 1.0
1439 1439 1.0
1445 1445 1.0
1449 1449 1.0
1452 1455 1.0
1457 1459 1.0
1461 1462 1.0
1468 1468 1.0
1471 1471 1.0
1473 1476 1.0
1491 1492 1.0
1494 1497 1.0
1509 1517 1.0
1523 1524 1.0
1526 1526 1.0
1528 1532 1.0
1536 1536 1.0
1545 1545 1.0
1552 1555 1.0
1557 1559 1.0
1562 1562 1.0
1567 1567 1.0
1569 1569 1.0
1572 1572 1.0
1575 1575 1.0
1579 1579 1.0
1581 1583 1.0
1587 1587 1.0
1605 1605 1.0
1607 1613 1.0
1622 1622 1.0
1624 1630 1.0
1634 1634 1.0
1644 1644 1.0
1646 1655 1.0
1657 1657 1.0
1662 1662 1.0
1680 1688 1.0
1692 1692 1.0
1696 1696 1.0
1698 1700 1.0
1702 1702 1.0
1712 1712 1.0
1714 1714 1.0
1717 1726 1.0
1736 1744 1.0
1754 1761 1.0
1766 1766 1.0
1775 1776 1.0
1778 1781 1.0
1783 1783 1.0
1793 1793 1.0
1795 1796 1.0
1798 1812 1.0
1827 1836 1.0
1847 1854 1.0
1862 1862 1.0
1864 1864 1.0
1866 1867 1.0
1873 1874 1.0
1876 1888 1.0
1903 1914 1.0
1929 1930 1.0
1934 1934 1.0
1938 1938 1.0
1942 1942 1.0
1944 1944 1.0
1946 1948 1.0
1951 1951 1.0
1956 1956 1.0
1958 1958 1.0
1963 1966 1.0
1970 1976 1.0
1978 1980 1.0
1983 1983 1.0
1996 1997 1.0
1999 2000 1.0
2002 2005 1.0
2007 2010 1.0
2012 2012 1.0
2027 2037 1.0
2045 2045 1.0
2048 2048 1.0
2051 2052 1.0
2057 2058 1.0
2060 2060 1.0
2065 2065 1.0
2067 2068 1.0
2070 2070 1.0
2075 2075 1.0
2077 2077 1.0
2080 2080 1.0
2083 2084 1.0
2087 2087 1.0
2089 2089 1.0
2092 2092 1.0
2096 2096 1.0
2099 2099 1.0
2101 2102 1.0
2104 2104 1.0
2108 2109 1.0
2111 2111 1.0
2114 2114 1.0
2116 2117 1.0
2120 2121 1.0
2134 2139 1.0
2141 2141 1.0
2145 2145 1.0
2147 2147 1.0
2149 2155 1.0
2159 2159 1.0
2171 2171 1.0
2177 2180 1.0
2183 2183 1.0
2195 2199 1.0
2201 2203 1.0
2213 2213 1.0
2215 2223 1.0
2231 2231 1.0
2235 2235 1.0
2244 2244 1.0
2257 2257 1.0
2259 2267 1.0
2269 2271 1.0
2274 2281 1.0
2284 2284 1.0
2308 2319 1.0
2331 2331 1.0
2333 2340 1.0
2352 2357 1.0
2359 2360 1.0
2368 2377 1.0
2387 2388 1.0
2392 2392 1.0
2396 2406 1.0
2408 2408 1.0
2415 2416 1.0
2418 2418 1.0
2421 2422 1.0
2428 2428 1.0
2431 2431 1.0
2436 2438 1.0
2440 2440 1.0
2442 2442 1.0
2444 2454 1.0
2473 2473 1.0
2475 2481 1.0
2485 2485 1.0
2489 2490 1.0
2492 2495 1.0
2497 2497 1.0
2510 2515 1.0
2517 2520 1.0
2533 2533 1.0
2536 2538 1.0
2540 2546 1.0
2548 2554 1.0
2556 2556 1.0
2558 2558 1.0
2566 2566 1.0
2570 2570 1.0
2578 2578 1.0
2582 2588 1.0
2590 2591 1.0
2593 2593 1.0
2596 2596 1.0
2598 2598 1.0
2610 2621 1.0
2623 2624 1.0
2626 2626 1.0
2628 2633 1.0
2635 2635 1.0
2638 2638 1.0
2647 2647 1.0
2650 2659 1.0
2663 2664 1.0
2666 2673 1.0
2676 2676 1.0
2685 2686 1.0
2688 2688 1.0
2690 2690 1.0
2692 2692 1.0
2703 2713 1.0
2720 2720 1.0
2734 2743 1.0
2747 2748 1.0
2750 2751 1.0
2755 2756 1.0
2763 2763 1.0
2769 2772 1.0
2775 2776 1.0
2779 2779 1.0
2784 2784 1.0
2788 2788 1.0
2790 2792 1.0
2794 2794 1.0
2796 2797 1.0
2800 2800 1.0
2804 2804 1.0
2807 2807 1.0
2812 2813 1.0
2817 2817 1.0
2819 2823 1.0
2825 2829 1.0
2835 2835 1.0
2845 2845 1.0
2847 2848 1.0
2852 2853 1.0
2855 2855 1.0
2860 2861 1.0
2865 2865 1.0
2868 2870 1.0
2872 2874 1.0
2876 2876 1.0
2882 2882 1.0
2889 2889 1.0
2891 2892 1.0
2894 2894 1.0
2896 2897 1.0
2899 2899 1.0
2901 2901 1.0
2907 2907 1.0
2909 2909 1.0
2911 2920 1.0
2934 2934 1.0
2936 2941 1.0
2944 2944 1.0
2952 2955 1.0
2957 2958 1.0
2961 2963 1.0
2965 2971 1.0
2985 2993 1.0
3002 3007 1.0
3009 3012 1.0
3018 3018 1.0
3024 3025 1.0
3032 3032 1.0
3034 3034 1.0
3037 3041 1.0
3047 3047 1.0
3049 3049 1.0
3051 3057 1.0
3070 3076 1.0
3086 3096 1.0
3102 3102 1.0
3104 3105 1.0
3108 3108 1.0
3111 3111 1.0
3117 3117 1.0
3128 3128 1.0
3130 3130 1.0
3132 3132 1.0
3134 3135 1.0
3138 3138 1.0
3142 3145 1.0
3147 3148 1.0
3150 3152 1.0
3157 3157 1.0
3159 3160 1.0
3162 3167 1.0
3179 3179 1.0
3189 3191 1.0
3193 3198 1.0
3203 3204 1.0
3208 3213 1.0
3216 3217 1.0
3333 3333 1.0
