30 30 1.0
32 42 1.0
52 52 1.0
54 60 1.0
62 62 1.0
72 72 1.0
74 82 1.0
84 84 1.0
88 88 1.0
92 98 1.0
106 106 1.0
109 114 1.0
118 118 1.0
124 132 1.0
145 155 1.0
159 159 1.0
167 168 1.0
175 175 1.0
180 183 1.0
188 189 1.0
192 192 1.0
195 201 1.0
204 204 1.0
213 213 1.0
216 220 1.0
232 243 1.0
255 255 1.0
259 259 1.0
261 262 1.0
264 268 1.0
274 274 1.0
277 277 1.0
279 281 1.0
283 284 1.0
286 286 1.0
298 298 1.0
300 308 1.0
310 312 1.0
314 314 1.0
316 320 1.0
332 342 1.0
356 356 1.0
358 366 1.0
368 368 1.0
372 372 1.0
382 382 1.0
387 395 1.0
402 402 1.0
407 416 1.0
418 418 1.0
420 421 1.0
424 424 1.0
428 428 1.0
438 438 1.0
440 449 1.0
455 456 1.0
469 477 1.0
479 479 1.0
482 482 1.0
488 489 1.0
494 494 1.0
498 499 1.0
501 509 1.0
511 511 1.0
526 536 1.0
548 558 1.0
566 568 1.0
572 572 1.0
576 576 1.0
580 586 1.0
588 590 1.0
595 595 1.0
604 605 1.0
608 608 1.0
610 614 1.0
626 633 1.0
638 638 1.0
640 641 1.0
645 647 1.0
653 653 1.0
659 663 1.0
665 665 1.0
667 668 1.0
682 692 1.0
697 697 1.0
699 700 1.0
709 709 1.0
711 716 1.0
719 719 1.0
731 731 1.0
733 733 1.0
738 738 1.0
741 751 1.0
757 758 1.0
775 775 1.0
777 782 1.0
784 784 1.0
787 788 1.0
792 792 1.0
794 797 1.0
802 802 1.0
804 804 1.0
809 810 1.0
814 814 1.0
816 816 1.0
819 819 1.0
823 823 1.0
835 844 1.0
846 846 1.0
848 849 1.0
851 851 1.0
858 858 1.0
863 868 1.0
870 870 1.0
875 875 1.0
878 885 1.0
887 887 1.0
899 907 1.0
909 909 1.0
913 913 1.0
915 917 1.0
919 919 1.0
929 932 1.0
934 936 1.0
938 940 1.0
944 944 1.0
956 965 1.0
979 990 1.0
1003 1004 1.0
1007 1007 1.0
1011 1011 1.0
1017 1017 1.0
1020 1020 1.0
1024 1024 1.0
1032 1032 1.0
1034 1034 1.0
1036 1041 1.0
1052 1059 1.0
1062 1062 1.0
1072 1082 1.0
1095 1096 1.0
1098 1098 1.0
1102 1103 1.0
1105 1108 1.0
1120 1123 1.0
1125 1125 1.0
1127 1127 1.0
1130 1130 1.0
1135 1135 1.0
1137 1137 1.0
1139 1145 1.0
1161 1163 1.0
1165 1171 1.0
1174 1175 1.0
1183 1183 1.0
1187 1187 1.0
1195 1195 1.0
1197 1205 1.0
1210 1210 1.0
1212 1214 1.0
1216 1216 1.0
1218 1220 1.0
1222 1223 1.0
1226 1232 1.0
1234 1235 1.0
1250 1253 1.0
1255 1259 1.0
1275 1287 1.0
1289 1289 1.0
1305 1305 1.0
1307 1315 1.0
1327 1327 1.0
1329 1329 1.0
1331 1331 1.0
1333 1335 1.0
1341 1343 1.0
1345 1351 1.0
1366 1377 1.0
1394 1404 1.0
1406 1412 1.0
1414 1414 1.0
1427 1439 1.0
1455 1464 1.0
1478 1480 1.0
1482 1487 1.0
1490 1490 1.0
1492 1492 1.0
1496 1497 1.0
1499 1502 1.0
1505 1505 1.0
1508 1508 1.0
1510 1510 1.0
1513 1515 1.0
1518 1518 1.0
1520 1520 1.0
1522 1522 1.0
1528 1528 1.0
1532 1538 1.0
1541 1541 1.0
1555 1559 1.0
1561 1561 1.0
1568 1578 1.0
1583 1585 1.0
1588 1588 1.0
1597 1597 1.0
1600 1600 1.0
1603 1605 1.0
1607 1607 1.0
1609 1610 1.0
1612 1613 1.0
1616 1619 1.0
1624 1625 1.0
1637 1637 1.0
1639 1642 1.0
1646 1646 1.0
1653 1662 1.0
1674 1679 1.0
1684 1685 1.0
1688 1694 1.0
1697 1697 1.0
1700 1700 1.0
1704 1710 1.0
1712 1712 1.0
1714 1714 1.0
1729 1738 1.0
1742 1743 1.0
1745 1745 1.0
1747 1752 1.0
1755 1755 1.0
1762 1762 1.0
1764 1771 1.0
1787 1797 1.0
1820 1827 1.0
1829 1830 1.0
1839 1839 1.0
1845 1849 1.0
1851 1857 1.0
1860 1860 1.0
1875 1876 1.0
1878 1885 1.0
1887 1889 1.0
1902 1902 1.0
1904 1913 1.0
1916 1916 1.0
1920 1920 1.0
1925 1925 1.0
1932 1942 1.0
1957 1965 1.0
1968 1968 1.0
1971 1971 1.0
1977 1979 1.0
1986 1987 1.0
1989 1989 1.0
1991 1991 1.0
1993 1995 1.0
1999 1999 1.0
2001 2001 1.0
2003 2004 1.0
2006 2010 1.0
2013 2013 1.0
2019 2019 1.0
2022 2022 1.0
2025 2025 1.0
2027 2027 1.0
2035 2035 1.0
2040 2050 1.0
2062 2062 1.0
2067 2069 1.0
2071 2072 1.0
2074 2075 1.0
2086 2094 1.0
2105 2110 1.0
2117 2117 1.0
2119 2126 1.0
2137 2147 1.0
2158 2164 1.0
2171 2171 1.0
2176 2176 1.0
2180 2180 1.0
2188 2188 1.0
2192 2198 1.0
2200 2203 1.0
2205 2206 1.0
2209 2209 1.0
2215 2215 1.0
2218 2220 1.0
2222 2229 1.0
2232 2233 1.0
2248 2252 1.0
2254 2259 1.0
2264 2264 1.0
2273 2274 1.0
2276 2281 1.0
2291 2291 1.0
2293 2294 1.0
2296 2296 1.0
2306 2307 1.0
2309 2311 1.0
2328 2338 1.0
2342 2342 1.0
2344 2346 1.0
2348 2348 1.0
2350 2350 1.0
2355 2355 1.0
2358 2360 1.0
2362 2362 1.0
2367 2370 1.0
2372 2374 1.0
2376 2376 1.0
2392 2403 1.0
2407 2407 1.0
2409 2409 1.0
2421 2423 1.0
2426 2429 1.0
2441 2449 1.0
2454 2454 1.0
2456 2457 1.0
2459 2459 1.0
2461 2461 1.0
2466 2466 1.0
2470 2473 1.0
2475 2475 1.0
2480 2480 1.0
2485 2485 1.0
2487 2487 1.0
2490 2490 1.0
2494 2495 1.0
2497 2497 1.0
2510 2520 1.0
2525 2525 1.0
2529 2529 1.0
2541 2553 1.0
2565 2577 1.0
2581 2581 1.0
2583 2583 1.0
2595 2603 1.0
2611 2618 1.0
2630 2640 1.0
2643 2643 1.0
2651 2651 1.0
2655 2655 1.0
2661 2661 1.0
2664 2664 1.0
2666 2672 1.0
2674 2674 1.0
2682 2682 1.0
2684 2686 1.0
2688 2689 1.0
2694 2694 1.0
2698 2704 1.0
2719 2728 1.0
2734 2735 1.0
2739 2741 1.0
2743 2744 1.0
2747 2747 1.0
2759 2761 1.0
2763 2763 1.0
3850 3850 1.0
