30 30 1.0
33 43 1.0
55 55 1.0
61 61 1.0
64 71 1.0
73 74 1.0
76 76 1.0
86 86 1.0
93 94 1.0
98 108 1.0
110 111 1.0
115 115 1.0
128 134 1.0
136 136 1.0
138 138 1.0
142 142 1.0
144 144 1.0
150 151 1.0
160 160 1.0
162 175 1.0
194 204 1.0
217 226 1.0
229 230 1.0
233 239 1.0
242 242 1.0
256 257 1.0
259 266 1.0
268 270 1.0
273 275 1.0
277 278 1.0
281 284 1.0
296 306 1.0
309 309 1.0
313 313 1.0
316 316 1.0
319 319 1.0
321 322 1.0
325 325 1.0
328 328 1.0
331 331 1.0
333 334 1.0
337 338 1.0
340 343 1.0
346 346 1.0
354 355 1.0
357 364 1.0
378 388 1.0
390 390 1.0
398 398 1.0
403 403 1.0
406 408 1.0
410 411 1.0
414 415 1.0
420 420 1.0
422 424 1.0
427 430 1.0
432 432 1.0
436 437 1.0
439 446 1.0
449 449 1.0
452 452 1.0
455 455 1.0
458 458 1.0
461 462 1.0
464 468 1.0
481 486 1.0
488 489 1.0
491 491 1.0
500 508 1.0
514 514 1.0
518 518 1.0
520 522 1.0
530 530 1.0
533 540 1.0
542 543 1.0
551 551 1.0
553 561 1.0
575 590 1.0
592 592 1.0
600 604 1.0
607 608 1.0
616 617 1.0
619 619 1.0
621 622 1.0
626 626 1.0
631 631 1.0
633 636 1.0
638 641 1.0
643 643 1.0
646 646 1.0
653 653 1.0
655 661 1.0
663 663 1.0
665 665 1.0
677 679 1.0
681 687 1.0
691 691 1.0
699 708 1.0
711 711 1.0
720 721 1.0
723 726 1.0
728 731 1.0
733 735 1.0
748 748 1.0
750 753 1.0
755 760 1.0
763 763 1.0
773 773 1.0
775 776 1.0
778 780 1.0
782 785 1.0
787 788 1.0
803 803 1.0
808 813 1.0
820 820 1.0
823 828 1.0
832 832 1.0
834 834 1.0
840 841 1.0
846 850 1.0
853 855 1.0
860 861 1.0
863 865 1.0
867 867 1.0
869 869 1.0
872 872 1.0
875 877 1.0
882 882 1.0
884 884 1.0
889 890 1.0
892 893 1.0
895 895 1.0
897 897 1.0
907 907 1.0
909 920 1.0
922 922 1.0
942 942 1.0
944 949 1.0
954 954 1.0
957 965 1.0
977 986 1.0
996 1005 1.0
1014 1015 1.0
1019 1019 1.0
1025 1025 1.0
1027 1028 1.0
1032 1033 1.0
1035 1035 1.0
1044 1054 1.0
1056 1058 1.0
1062 1062 1.0
1074 1085 1.0
1097 1097 1.0
1099 1102 1.0
1106 1107 1.0
1109 1110 1.0
1112 1118 1.0
1131 1141 1.0
1143 1144 1.0
1146 1149 1.0
1151 1151 1.0
1153 1153 1.0
1155 1156 1.0
1168 1177 1.0
1190 1200 1.0
1208 1215 1.0
1217 1218 1.0
1220 1220 1.0
1224 1226 1.0
1233 1233 1.0
1238 1242 1.0
1246 1246 1.0
1248 1248 1.0
1255 1255 1.0
1258 1258 1.0
1260 1260 1.0
1262 1267 1.0
1271 1272 1.0
1275 1276 1.0
1279 1279 1.0
1288 1289 1.0
1291 1297 1.0
1299 1300 1.0
1303 1303 1.0
1307 1307 1.0
1309 1309 1.0
1312 1312 1.0
1326 1337 1.0
1342 1344 1.0
1348 1352 1.0
1356 1356 1.0
1362 1362 1.0
1365 1365 1.0
1368 1368 1.0
1379 1379 1.0
1381 1388 1.0
1396 1406 1.0
1409 1410 1.0
1412 1414 1.0
1428 1438 1.0
1454 1464 1.0
1472 1474 1.0
1476 1478 1.0
1480 1481 1.0
1490 1499 1.0
1511 1521 1.0
1524 1531 1.0
1543 1553 1.0
1561 1561 1.0
1567 1568 1.0
1571 1571 1.0
1575 1577 1.0
1580 1580 1.0
1584 1585 1.0
1589 1589 1.0
1592 1593 1.0
1597 1598 1.0
1601 1602 1.0
1611 1611 1.0
1614 1615 1.0
1619 1620 1.0
1624 1629 1.0
1632 1632 1.0
1640 1642 1.0
1644 1644 1.0
1646 1646 1.0
1648 1648 1.0
1650 1650 1.0
1653 1660 1.0
1662 1663 1.0
1680 1690 1.0
1702 1715 1.0
1717 1717 1.0
1730 1741 1.0
1744 1744 1.0
1748 1748 1.0
1750 1750 1.0
1753 1753 1.0
1757 1758 1.0
1763 1763 1.0
1765 1767 1.0
1779 1786 1.0
1788 1789 1.0
1791 1791 1.0
1797 1806 1.0
1817 1827 1.0
1829 1829 1.0
1845 1845 1.0
1847 1855 1.0
1857 1858 1.0
1866 1866 1.0
1869 1869 1.0
1873 1884 1.0
1886 1887 1.0
1891 1891 1.0
1893 1896 1.0
1899 1900 1.0
1908 1909 1.0
1911 1914 1.0
1916 1918 1.0
1933 1944 1.0
1953 1956 1.0
1958 1962 1.0
1976 1986 1.0
1995 1995 1.0
1998 2004 1.0
