31 47 1.0
70 82 1.0
92 99 1.0
109 119 1.0
131 141 1.0
156 167 1.0
170 170 1.0
173 180 1.0
193 203 1.0
208 209 1.0
211 218 1.0
225 225 1.0
227 234 1.0
244 251 1.0
260 264 1.0
277 289 1.0
291 291 1.0
303 303 1.0
305 310 1.0
312 313 1.0
315 317 1.0
322 322 1.0
339 339 1.0
341 348 1.0
358 368 1.0
383 386 1.0
389 393 1.0
399 399 1.0
407 407 1.0
410 419 1.0
425 425 1.0
442 453 1.0
455 455 1.0
472 480 1.0
492 502 1.0
507 507 1.0
520 529 1.0
534 534 1.0
538 538 1.0
552 562 1.0
573 573 1.0
575 575 1.0
578 578 1.0
591 591 1.0
594 594 1.0
596 601 1.0
604 606 1.0
609 610 1.0
613 614 1.0
616 627 1.0
630 630 1.0
647 656 1.0
665 673 1.0
686 690 1.0
693 693 1.0
700 700 1.0
702 703 1.0
705 716 1.0
729 730 1.0
733 737 1.0
742 743 1.0
749 751 1.0
753 753 1.0
758 761 1.0
763 769 1.0
781 791 1.0
802 805 1.0
827 827 1.0
831 837 1.0
839 843 1.0
849 849 1.0
856 857 1.0
859 859 1.0
861 867 1.0
869 869 1.0
872 873 1.0
879 879 1.0
881 881 1.0
885 885 1.0
897 897 1.0
899 907 1.0
909 909 1.0
911 912 1.0
915 915 1.0
917 917 1.0
919 919 1.0
921 921 1.0
936 946 1.0
958 965 1.0
967 967 1.0
970 971 1.0
973 975 1.0
977 977 1.0
979 979 1.0
983 983 1.0
989 989 1.0
992 992 1.0
994 1004 1.0
1008 1008 1.0
3573 3573 1.0
