30 41 1.0
54 60 1.0
62 62 1.0
74 84 1.0
86 86 1.0
90 91 1.0
95 96 1.0
107 117 1.0
131 132 1.0
134 134 1.0
146 146 1.0
150 151 1.0
153 160 1.0
170 177 1.0
188 198 1.0
207 211 1.0
213 214 1.0
216 216 1.0
219 223 1.0
236 247 1.0
252 252 1.0
255 255 1.0
257 262 1.0
264 264 1.0
279 291 1.0
303 312 1.0
337 347 1.0
359 369 1.0
383 383 1.0
388 393 1.0
395 398 1.0
410 419 1.0
436 439 1.0
441 446 1.0
448 448 1.0
450 451 1.0
458 458 1.0
460 460 1.0
463 466 1.0
468 468 1.0
473 473 1.0
475 478 1.0
480 480 1.0
494 503 1.0
516 527 1.0
530 530 1.0
542 545 1.0
547 547 1.0
549 549 1.0
551 551 1.0
557 566 1.0
579 579 1.0
581 581 1.0
583 590 1.0
593 593 1.0
595 595 1.0
598 600 1.0
602 603 1.0
605 605 1.0
616 617 1.0
620 620 1.0
622 626 1.0
628 630 1.0
642 649 1.0
661 668 1.0
673 673 1.0
680 680 1.0
682 682 1.0
685 688 1.0
690 690 1.0
698 707 1.0
718 728 1.0
740 748 1.0
750 750 1.0
752 752 1.0
760 760 1.0
762 762 1.0
764 764 1.0
766 771 1.0
774 776 1.0
788 790 1.0
792 794 1.0
802 802 1.0
806 810 1.0
812 813 1.0
815 815 1.0
822 822 1.0
825 825 1.0
827 835 1.0
837 837 1.0
852 864 1.0
877 877 1.0
879 880 1.0
882 882 1.0
886 886 1.0
889 893 1.0
895 895 1.0
899 899 1.0
901 901 1.0
903 903 1.0
905 905 1.0
907 909 1.0
928 939 1.0
941 941 1.0
951 951 1.0
959 961 1.0
963 963 1.0
965 969 1.0
973 973 1.0
977 977 1.0
985 996 1.0
1011 1021 1.0
1030 1030 1.0
1032 1033 1.0
1035 1039 1.0
1055 1056 1.0
1059 1059 1.0
1061 1063 1.0
1065 1065 1.0
1068 1074 1.0
1089 1099 1.0
1109 1109 1.0
1119 1119 1.0
1121 1122 1.0
1126 1129 1.0
1131 1131 1.0
1134 1137 1.0
1139 1139 1.0
1152 1152 1.0
1154 1164 1.0
1178 1188 1.0
1198 1198 1.0
1200 1204 1.0
1214 1216 1.0
1218 1218 1.0
1233 1243 1.0
1246 1247 1.0
1255 1259 1.0
1263 1265 1.0
1268 1268 1.0
1293 1303 1.0
1310 1310 1.0
1312 1322 1.0
1331 1331 1.0
1336 1337 1.0
1339 1340 1.0
1352 1360 1.0
1377 1387 1.0
1390 1390 1.0
1408 1418 1.0
1426 1426 1.0
1430 1436 1.0
1438 1438 1.0
1451 1461 1.0
1478 1478 1.0
1480 1481 1.0
1487 1488 1.0
1490 1491 1.0
1493 1497 1.0
1508 1511 1.0
1513 1514 1.0
1520 1520 1.0
1523 1523 1.0
1526 1528 1.0
1530 1530 1.0
1532 1532 1.0
1536 1536 1.0
1540 1548 1.0
1559 1565 1.0
1575 1583 1.0
1595 1604 1.0
1616 1617 1.0
1619 1629 1.0
1642 1650 1.0
1662 1674 1.0
1685 1694 1.0
1707 1707 1.0
1709 1716 1.0
1719 1719 1.0
1723 1723 1.0
1727 1728 1.0
1731 1732 1.0
1735 1735 1.0
1754 1767 1.0
1769 1769 1.0
1787 1798 1.0
1800 1800 1.0
1817 1828 1.0
1831 1831 1.0
1837 1837 1.0
1844 1847 1.0
1849 1851 1.0
1864 1865 1.0
1867 1877 1.0
1889 1889 1.0
1891 1895 1.0
1897 1912 1.0
1929 1939 1.0
1944 1944 1.0
1962 1965 1.0
1967 1970 1.0
1972 1973 1.0
1975 1975 1.0
1982 1983 1.0
1985 1985 1.0
1987 1988 1.0
1998 2008 1.0
2013 2013 1.0
2015 2015 1.0
2025 2025 1.0
2031 2031 1.0
2033 2033 1.0
2035 2035 1.0
2038 2041 1.0
2053 2061 1.0
2063 2063 1.0
2070 2071 1.0
2073 2080 1.0
2093 2095 1.0
2097 2103 1.0
2105 2105 1.0
2107 2107 1.0
2128 2137 1.0
2147 2147 1.0
2149 2149 1.0
2152 2154 1.0
2156 2157 1.0
2159 2163 1.0
2166 2166 1.0
2179 2179 1.0
2181 2190 1.0
2204 2214 1.0
2227 2227 1.0
