38 45 1.0
58 58 1.0
62 68 1.0
70 71 1.0
84 93 1.0
105 112 1.0
119 119 1.0
128 128 1.0
132 132 1.0
134 136 1.0
147 149 1.0
161 164 1.0
170 170 1.0
177 180 1.0
182 182 1.0
198 207 1.0
231 235 1.0
237 237 1.0
239 240 1.0
247 248 1.0
261 266 1.0
281 281 1.0
283 294 1.0
310 315 1.0
326 335 1.0
348 359 1.0
363 363 1.0
365 369 1.0
389 392 1.0
408 412 1.0
418 418 1.0
425 427 1.0
440 440 1.0
442 449 1.0
464 464 1.0
466 467 1.0
484 494 1.0
512 525 1.0
538 547 1.0
557 562 1.0
564 564 1.0
580 580 1.0
606 616 1.0
634 644 1.0
660 669 1.0
672 673 1.0
689 698 1.0
706 708 1.0
721 726 1.0
728 728 1.0
745 755 1.0
774 784 1.0
796 802 1.0
805 806 1.0
809 809 1.0
814 815 1.0
843 851 1.0
853 853 1.0
863 864 1.0
869 870 1.0
877 878 1.0
884 884 1.0
893 893 1.0
899 899 1.0
901 901 1.0
905 905 1.0
908 909 1.0
911 911 1.0
913 915 1.0
929 929 1.0
931 933 1.0
937 937 1.0
946 947 1.0
949 954 1.0
956 956 1.0
964 964 1.0
966 966 1.0
969 969 1.0
973 973 1.0
988 989 1.0
991 991 1.0
998 998 1.0
1001 1008 1.0
1032 1032 1.0
1034 1035 1.0
1050 1052 1.0
1054 1054 1.0
1056 1056 1.0
1058 1058 1.0
1066 1066 1.0
1068 1068 1.0
1080 1081 1.0
1085 1085 1.0
1087 1087 1.0
1090 1090 1.0
1093 1093 1.0
1095 1100 1.0
1103 1103 1.0
1113 1113 1.0
1116 1118 1.0
1121 1121 1.0
1123 1123 1.0
1139 1142 1.0
1152 1152 1.0
1154 1157 1.0
1159 1159 1.0
1166 1166 1.0
1169 1169 1.0
1176 1176 1.0
1181 1184 1.0
1186 1186 1.0
1196 1202 1.0
1216 1216 1.0
1218 1223 1.0
1225 1225 1.0
1227 1227 1.0
1237 1237 1.0
1242 1242 1.0
1249 1250 1.0
1259 1259 1.0
1264 1274 1.0
1276 1276 1.0
1297 1307 1.0
1315 1315 1.0
1331 1332 1.0
1334 1334 1.0
1336 1337 1.0
1340 1341 1.0
1343 1344 1.0
1357 1367 1.0
1382 1392 1.0
1416 1421 1.0
1425 1425 1.0
1435 1435 1.0
1437 1438 1.0
1440 1440 1.0
1452 1452 1.0
1455 1456 1.0
1458 1460 1.0
1472 1479 1.0
1490 1500 1.0
1502 1506 1.0
1509 1509 1.0
1528 1539 1.0
1549 1549 1.0
1566 1566 1.0
1568 1580 1.0
1594 1594 1.0
1596 1603 1.0
1616 1625 1.0
1627 1627 1.0
1635 1637 1.0
1640 1640 1.0
1660 1673 1.0
1687 1691 1.0
1694 1694 1.0
1699 1700 1.0
1702 1704 1.0
1706 1706 1.0
1716 1716 1.0
1719 1719 1.0
1728 1729 1.0
1731 1732 1.0
1746 1746 1.0
1749 1756 1.0
1758 1758 1.0
1781 1781 1.0
1789 1789 1.0
1791 1791 1.0
1795 1797 1.0
1809 1809 1.0
1812 1821 1.0
1837 1847 1.0
1860 1862 1.0
1868 1870 1.0
1873 1875 1.0
1877 1877 1.0
1890 1892 1.0
1894 1896 1.0
1914 1922 1.0
1933 1937 1.0
1956 1967 1.0
1986 1990 1.0
1992 1994 1.0
2002 2002 1.0
2014 2017 1.0
2019 2020 1.0
2037 2040 1.0
2042 2042 1.0
2044 2044 1.0
2046 2047 1.0
2054 2054 1.0
2068 2068 1.0
2078 2078 1.0
2085 2087 1.0
2092 2092 1.0
2108 2115 1.0
2133 2133 1.0
2147 2151 1.0
2153 2154 1.0
2167 2168 1.0
2180 2180 1.0
2182 2182 1.0
2196 2202 1.0
2204 2204 1.0
2212 2212 1.0
2218 2218 1.0
2233 2244 1.0
2258 2270 1.0
2285 2296 1.0
2321 2330 1.0
2341 2349 1.0
2353 2353 1.0
2368 2368 1.0
2370 2370 1.0
2372 2378 1.0
2382 2382 1.0
2400 2410 1.0
2428 2428 1.0
2432 2432 1.0
2437 2437 1.0
2452 2452 1.0
2454 2456 1.0
2458 2463 1.0
2485 2494 1.0
2503 2506 1.0
2508 2509 1.0
2513 2513 1.0
2537 2547 1.0
2560 2560 1.0
2568 2568 1.0
2572 2572 1.0
2577 2577 1.0
2585 2585 1.0
2587 2587 1.0
2590 2590 1.0
2592 2597 1.0
2599 2599 1.0
2611 2611 1.0
2617 2617 1.0
2626 2626 1.0
2631 2640 1.0
2659 2665 1.0
2667 2667 1.0
2676 2684 1.0
2689 2692 1.0
2696 2696 1.0
2711 2713 1.0
2725 2728 1.0
2739 2745 1.0
2747 2747 1.0
2754 2754 1.0
2756 2757 1.0
2761 2761 1.0
2770 2771 1.0
2776 2776 1.0
2778 2778 1.0
2780 2786 1.0
2800 2809 1.0
2817 2822 1.0
2824 2824 1.0
2836 2844 1.0
2855 2862 1.0
2895 2902 1.0
2919 2926 1.0
2928 2929 1.0
2935 2935 1.0
2937 2937 1.0
2941 2946 1.0
2949 2949 1.0
2961 2966 1.0
2968 2971 1.0
2976 2978 1.0
2997 2997 1.0
2999 3006 1.0
3018 3020 1.0
3026 3032 1.0
3043 3051 1.0
3072 3082 1.0
3097 3108 1.0
3123 3133 1.0
3145 3145 1.0
3147 3155 1.0
3157 3157 1.0
3171 3177 1.0
3179 3179 1.0
3181 3181 1.0
3198 3204 1.0
3206 3206 1.0
3216 3216 1.0
