35 45 1.0
58 69 1.0
81 81 1.0
85 85 1.0
100 112 1.0
114 114 1.0
129 138 1.0
150 159 1.0
169 173 1.0
189 189 1.0
191 191 1.0
197 198 1.0
207 211 1.0
213 214 1.0
226 226 1.0
228 232 1.0
242 248 1.0
261 268 1.0
286 293 1.0
307 307 1.0
309 309 1.0
311 311 1.0
324 324 1.0
336 351 1.0
353 353 1.0
369 377 1.0
388 397 1.0
407 412 1.0
429 437 1.0
447 447 1.0
449 454 1.0
456 459 1.0
462 464 1.0
477 487 1.0
499 501 1.0
503 504 1.0
516 516 1.0
525 526 1.0
535 544 1.0
556 557 1.0
559 566 1.0
569 573 1.0
580 580 1.0
584 589 1.0
601 603 1.0
621 621 1.0
623 629 1.0
651 651 1.0
653 654 1.0
656 657 1.0
659 659 1.0
669 669 1.0
676 678 1.0
683 683 1.0
685 686 1.0
688 696 1.0
698 698 1.0
716 727 1.0
740 750 1.0
757 758 1.0
771 781 1.0
802 812 1.0
824 827 1.0
847 848 1.0
850 850 1.0
855 857 1.0
860 860 1.0
862 865 1.0
878 878 1.0
882 883 1.0
890 891 1.0
906 911 1.0
920 929 1.0
944 956 1.0
959 961 1.0
974 984 1.0
996 998 1.0
1002 1006 1.0
1008 1012 1.0
1025 1025 1.0
1031 1031 1.0
1034 1034 1.0
1038 1038 1.0
1043 1043 1.0
1046 1048 1.0
1050 1052 1.0
1068 1080 1.0
1095 1103 1.0
1112 1120 1.0
1133 1133 1.0
1135 1137 1.0
1140 1141 1.0
1153 1163 1.0
1182 1188 1.0
1193 1194 1.0
1196 1203 1.0
1220 1220 1.0
1228 1228 1.0
1241 1243 1.0
1255 1262 1.0
1273 1279 1.0
1282 1282 1.0
1291 1293 1.0
1311 1319 1.0
1330 1333 1.0
1335 1337 1.0
1343 1343 1.0
1345 1345 1.0
1349 1349 1.0
1362 1372 1.0
1374 1384 1.0
1406 1416 1.0
1418 1418 1.0
1424 1424 1.0
1427 1428 1.0
1430 1430 1.0
1443 1450 1.0
1463 1463 1.0
1466 1466 1.0
1479 1489 1.0
1498 1498 1.0
1500 1505 1.0
1507 1507 1.0
1519 1529 1.0
1531 1531 1.0
1552 1562 1.0
1575 1576 1.0
1590 1598 1.0
1611 1611 1.0
1613 1625 1.0
1643 1653 1.0
1665 1674 1.0
1676 1678 1.0
1694 1695 1.0
1697 1701 1.0
1704 1704 1.0
1707 1708 1.0
1724 1728 1.0
1732 1732 1.0
1750 1750 1.0
1758 1760 1.0
1762 1763 1.0
1765 1766 1.0
1785 1786 1.0
1788 1791 1.0
1803 1810 1.0
1825 1836 1.0
1859 1869 1.0
1884 1884 1.0
1887 1887 1.0
1889 1894 1.0
1896 1896 1.0
1899 1904 1.0
1906 1906 1.0
1919 1925 1.0
1935 1935 1.0
1937 1943 1.0
1952 1952 1.0
1958 1958 1.0
1971 1981 1.0
1984 1984 1.0
2004 2014 1.0
2017 2019 1.0
2031 2036 1.0
2046 2051 1.0
2053 2054 1.0
2063 2063 1.0
2068 2073 1.0
2075 2077 1.0
2094 2103 1.0
2115 2123 1.0
2137 2140 1.0
2144 2145 1.0
2151 2153 1.0
2157 2158 1.0
2170 2170 1.0
2172 2174 1.0
2176 2176 1.0
2178 2179 1.0
2194 2199 1.0
2203 2203 1.0
2209 2209 1.0
2211 2211 1.0
2226 2231 1.0
2233 2233 1.0
2235 2235 1.0
2241 2241 1.0
2243 2243 1.0
2255 2256 1.0
2258 2259 1.0
2262 2263 1.0
2268 2272 1.0
2288 2289 1.0
2297 2298 1.0
2300 2300 1.0
2302 2302 1.0
2306 2307 1.0
2324 2334 1.0
2347 2356 1.0
2368 2369 1.0
2374 2374 1.0
2377 2383 1.0
2394 2397 1.0
2409 2412 1.0
2414 2422 1.0
2424 2424 1.0
2438 2438 1.0
2453 2456 1.0
2458 2459 1.0
2461 2462 1.0
2477 2487 1.0
2493 2493 1.0
2501 2501 1.0
2521 2530 1.0
2545 2555 1.0
2557 2557 1.0
2564 2570 1.0
2584 2595 1.0
2607 2616 1.0
2632 2644 1.0
2649 2649 1.0
2666 2671 1.0
2673 2673 1.0
2675 2675 1.0
2680 2680 1.0
2682 2683 1.0
2685 2685 1.0
2691 2695 1.0
2709 2715 1.0
2717 2717 1.0
2722 2722 1.0
2724 2725 1.0
2727 2730 1.0
2742 2743 1.0
2746 2746 1.0
2751 2751 1.0
2754 2754 1.0
2756 2759 1.0
2761 2761 1.0
2773 2777 1.0
2789 2797 1.0
2809 2812 1.0
2835 2842 1.0
2844 2845 1.0
2856 2866 1.0
2879 2885 1.0
2887 2887 1.0
2894 2894 1.0
2897 2904 1.0
2906 2907 1.0
2920 2927 1.0
2939 2945 1.0
2963 2963 1.0
2965 2972 1.0
2987 2997 1.0
3019 3027 1.0
3046 3047 1.0
3049 3049 1.0
3053 3053 1.0
3055 3055 1.0
3062 3063 1.0
3067 3069 1.0
3076 3076 1.0
3081 3082 1.0
3084 3084 1.0
3101 3111 1.0
3120 3127 1.0
3140 3148 1.0
3157 3158 1.0
3163 3163 1.0
3170 3179 1.0
3191 3196 1.0
3208 3217 1.0
3227 3232 1.0
3249 3259 1.0
3275 3275 1.0
3278 3284 1.0
3287 3288 1.0
3295 3298 1.0
3315 3320 1.0
3332 3335 1.0
3342 3342 1.0
3345 3348 1.0
3358 3364 1.0
3376 3376 1.0
3378 3378 1.0
3392 3408 1.0
3422 3434 1.0
3439 3442 1.0
3446 3449 1.0
3467 3475 1.0
3484 3484 1.0
3496 3498 1.0
3504 3506 1.0
3509 3518 1.0
3548 3548 1.0
3550 3560 1.0
3572 3581 1.0
3605 3613 1.0
3627 3637 1.0
3661 3661 1.0
3663 3663 1.0
