54 65 1.0
76 87 1.0
103 112 1.0
120 125 1.0
137 142 1.0
152 158 1.0
169 177 1.0
189 194 1.0
196 197 1.0
208 214 1.0
216 216 1.0
218 218 1.0
239 242 1.0
253 263 1.0
277 285 1.0
296 305 1.0
309 309 1.0
317 319 1.0
321 324 1.0
338 346 1.0
348 348 1.0
366 367 1.0
371 374 1.0
376 376 1.0
379 381 1.0
383 386 1.0
388 388 1.0
407 416 1.0
427 434 1.0
436 436 1.0
453 463 1.0
465 466 1.0
468 469 1.0
492 499 1.0
514 523 1.0
535 543 1.0
555 563 1.0
572 572 1.0
575 577 1.0
599 604 1.0
612 620 1.0
631 640 1.0
653 661 1.0
668 675 1.0
686 696 1.0
710 721 1.0
725 725 1.0
727 727 1.0
730 731 1.0
745 749 1.0
751 751 1.0
768 768 1.0
774 774 1.0
778 781 1.0
800 801 1.0
803 810 1.0
823 833 1.0
846 855 1.0
867 877 1.0
894 902 1.0
915 925 1.0
944 956 1.0
974 983 1.0
989 989 1.0
991 997 1.0
1015 1022 1.0
1037 1043 1.0
1045 1051 1.0
1055 1055 1.0
1074 1079 1.0
1091 1098 1.0
1109 1114 1.0
1123 1129 1.0
1146 1155 1.0
1165 1165 1.0
1167 1172 1.0
1187 1197 1.0
1220 1224 1.0
1228 1230 1.0
1236 1240 1.0
1243 1246 1.0
1257 1268 1.0
1289 1298 1.0
1310 1315 1.0
1325 1325 1.0
1327 1328 1.0
1330 1330 1.0
1332 1332 1.0
1334 1334 1.0
1358 1365 1.0
1369 1369 1.0
1371 1373 1.0
1376 1377 1.0
1385 1393 1.0
1408 1416 1.0
1428 1431 1.0
1444 1445 1.0
1458 1467 1.0
1480 1480 1.0
1482 1490 1.0
1507 1510 1.0
1512 1512 1.0
1522 1526 1.0
1528 1529 1.0
1538 1539 1.0
1541 1544 1.0
1551 1551 1.0
1556 1557 1.0
1565 1565 1.0
1567 1567 1.0
1570 1571 1.0
1573 1573 1.0
1580 1580 1.0
1582 1593 1.0
1614 1625 1.0
1638 1638 1.0
1640 1641 1.0
1648 1656 1.0
1665 1665 1.0
1667 1670 1.0
1682 1688 1.0
1690 1690 1.0
1699 1704 1.0
1713 1723 1.0
1731 1731 1.0
1733 1739 1.0
1741 1741 1.0
1743 1743 1.0
1758 1767 1.0
1793 1804 1.0
1817 1821 1.0
1827 1827 1.0
1830 1830 1.0
1842 1842 1.0
1844 1845 1.0
1848 1852 1.0
1854 1854 1.0
1867 1876 1.0
1895 1907 1.0
1911 1911 1.0
1929 1937 1.0
1947 1950 1.0
1952 1952 1.0
1954 1954 1.0
1968 1977 1.0
1989 1993 1.0
1998 1998 1.0
2004 2007 1.0
2020 2031 1.0
2055 2055 1.0
2063 2063 1.0
2072 2078 1.0
2087 2087 1.0
2089 2095 1.0
2109 2109 1.0
2111 2111 1.0
2113 2119 1.0
2132 2142 1.0
2154 2164 1.0
2178 2181 1.0
2183 2183 1.0
2188 2188 1.0
2193 2193 1.0
2196 2196 1.0
2202 2202 1.0
2217 2217 1.0
2219 2226 1.0
3372 3372 1.0
