24 32 1.0
35 40 1.0
54 65 1.0
78 88 1.0
99 103 1.0
112 122 1.0
134 143 1.0
151 151 1.0
153 160 1.0
163 167 1.0
180 180 1.0
182 192 1.0
199 200 1.0
204 205 1.0
207 208 1.0
214 214 1.0
220 231 1.0
248 248 1.0
250 258 1.0
260 260 1.0
262 263 1.0
275 282 1.0
285 285 1.0
290 300 1.0
318 319 1.0
327 328 1.0
331 337 1.0
340 342 1.0
344 344 1.0
347 348 1.0
354 354 1.0
356 362 1.0
369 369 1.0
371 377 1.0
388 393 1.0
397 397 1.0
399 411 1.0
413 413 1.0
427 436 1.0
442 442 1.0
444 452 1.0
461 461 1.0
464 468 1.0
470 470 1.0
474 474 1.0
480 482 1.0
484 484 1.0
486 491 1.0
503 513 1.0
524 531 1.0
540 540 1.0
542 559 1.0
570 579 1.0
591 591 1.0
594 594 1.0
596 597 1.0
610 619 1.0
622 623 1.0
625 625 1.0
627 627 1.0
629 629 1.0
638 639 1.0
641 642 1.0
651 651 1.0
653 661 1.0
668 668 1.0
674 684 1.0
697 699 1.0
706 706 1.0
711 712 1.0
715 722 1.0
724 725 1.0
727 727 1.0
729 729 1.0
731 733 1.0
745 750 1.0
755 755 1.0
761 763 1.0
769 772 1.0
774 775 1.0
777 779 1.0
781 786 1.0
798 798 1.0
800 810 1.0
830 837 1.0
845 845 1.0
848 852 1.0
862 862 1.0
865 865 1.0
870 870 1.0
872 872 1.0
874 875 1.0
877 878 1.0
882 882 1.0
898 904 1.0
906 908 1.0
912 912 1.0
914 916 1.0
933 946 1.0
970 985 1.0
987 987 1.0
989 995 1.0
997 997 1.0
1016 1026 1.0
1029 1030 1.0
1047 1047 1.0
1050 1057 1.0
1059 1059 1.0
1068 1075 1.0
1078 1078 1.0
1083 1083 1.0
1087 1087 1.0
1092 1092 1.0
1096 1101 1.0
1113 1115 1.0
1117 1117 1.0
1127 1127 1.0
1129 1137 1.0
1139 1139 1.0
1150 1160 1.0
1173 1182 1.0
1192 1203 1.0
1219 1229 1.0
1242 1242 1.0
1245 1247 1.0
1249 1251 1.0
1254 1254 1.0
1259 1259 1.0
1261 1271 1.0
1275 1285 1.0
1298 1308 1.0
1318 1318 1.0
1320 1320 1.0
1328 1328 1.0
1330 1336 1.0
1348 1353 1.0
1355 1355 1.0
1357 1358 1.0
1362 1362 1.0
1366 1368 1.0
1370 1372 1.0
1374 1374 1.0
1376 1376 1.0
1386 1395 1.0
1407 1408 1.0
1412 1412 1.0
1416 1417 1.0
1420 1420 1.0
1425 1425 1.0
1432 1435 1.0
1437 1442 1.0
1445 1445 1.0
1447 1447 1.0
1462 1463 1.0
1471 1472 1.0
1475 1481 1.0
1493 1493 1.0
1495 1501 1.0
1504 1505 1.0
1508 1514 1.0
1529 1540 1.0
1553 1559 1.0
1562 1563 1.0
1566 1566 1.0
1571 1572 1.0
1576 1576 1.0
1578 1581 1.0
1584 1584 1.0
1597 1605 1.0
1616 1624 1.0
1634 1642 1.0
1654 1655 1.0
1657 1658 1.0
1661 1661 1.0
1663 1664 1.0
1667 1667 1.0
1676 1682 1.0
1684 1684 1.0
1693 1699 1.0
1701 1701 1.0
1703 1703 1.0
1709 1709 1.0
1713 1713 1.0
1715 1716 1.0
1718 1718 1.0
1720 1725 1.0
1728 1728 1.0
1730 1730 1.0
1732 1733 1.0
1737 1738 1.0
1757 1759 1.0
1761 1762 1.0
1770 1783 1.0
1796 1805 1.0
1816 1822 1.0
1824 1824 1.0
1830 1831 1.0
1839 1847 1.0
1849 1849 1.0
1866 1874 1.0
1885 1894 1.0
1906 1916 1.0
1921 1921 1.0
1923 1923 1.0
1926 1926 1.0
1930 1930 1.0
1942 1942 1.0
1947 1947 1.0
1955 1956 1.0
1958 1959 1.0
1961 1965 1.0
1967 1967 1.0
1970 1971 1.0
1977 1977 1.0
1979 1989 1.0
2002 2012 1.0
2021 2028 1.0
2040 2051 1.0
2057 2065 1.0
2081 2091 1.0
2105 2109 1.0
2115 2116 1.0
2118 2120 1.0
2132 2148 1.0
2150 2150 1.0
2156 2156 1.0
2158 2159 1.0
2174 2184 1.0
2186 2187 1.0
2190 2190 1.0
2193 2195 1.0
2200 2200 1.0
2202 2203 1.0
2205 2205 1.0
2208 2209 1.0
2212 2213 1.0
2215 2222 1.0
2225 2225 1.0
2239 2251 1.0
2267 2281 1.0
2293 2293 1.0
2303 2303 1.0
2305 2313 1.0
2317 2317 1.0
2319 2319 1.0
2322 2332 1.0
2344 2350 1.0
2354 2354 1.0
2356 2356 1.0
2360 2365 1.0
2368 2368 1.0
2377 2378 1.0
2380 2381 1.0
2383 2383 1.0
2393 2393 1.0
2396 2399 1.0
2401 2401 1.0
2403 2403 1.0
2405 2406 1.0
2408 2409 1.0
2411 2411 1.0
2413 2413 1.0
2415 2415 1.0
2423 2425 1.0
2427 2432 1.0
2437 2437 1.0
2440 2441 1.0
2454 2469 1.0
2482 2488 1.0
2490 2500 1.0
2515 2524 1.0
2526 2526 1.0
2533 2536 1.0
2541 2542 1.0
2546 2551 1.0
2566 2576 1.0
2591 2602 1.0
2626 2636 1.0
2651 2666 1.0
2668 2670 1.0
2672 2673 1.0
2689 2699 1.0
2709 2715 1.0
2726 2736 1.0
2739 2739 1.0
2744 2744 1.0
2751 2751 1.0
2753 2763 1.0
3372 3372 1.0
