24 25 1.0
32 32 1.0
34 35 1.0
37 38 1.0
61 73 1.0
90 101 1.0
112 116 1.0
127 132 1.0
134 134 1.0
143 151 1.0
170 173 1.0
176 182 1.0
184 188 1.0
190 191 1.0
194 194 1.0
207 207 1.0
210 214 1.0
216 216 1.0
231 242 1.0
255 264 1.0
270 276 1.0
287 288 1.0
292 294 1.0
297 297 1.0
306 307 1.0
309 313 1.0
326 335 1.0
348 357 1.0
372 373 1.0
375 378 1.0
380 382 1.0
385 385 1.0
390 390 1.0
392 392 1.0
394 396 1.0
399 399 1.0
402 402 1.0
404 404 1.0
408 408 1.0
410 410 1.0
412 412 1.0
424 428 1.0
440 443 1.0
445 446 1.0
448 448 1.0
451 451 1.0
454 455 1.0
457 458 1.0
480 480 1.0
483 483 1.0
485 490 1.0
492 493 1.0
505 505 1.0
508 512 1.0
517 519 1.0
521 521 1.0
523 527 1.0
535 535 1.0
539 542 1.0
551 551 1.0
554 555 1.0
567 573 1.0
584 592 1.0
606 607 1.0
610 617 1.0
631 638 1.0
641 641 1.0
648 648 1.0
650 651 1.0
653 654 1.0
671 681 1.0
685 686 1.0
700 708 1.0
710 710 1.0
716 716 1.0
718 724 1.0
745 753 1.0
763 765 1.0
767 768 1.0
776 785 1.0
796 803 1.0
814 816 1.0
818 819 1.0
822 824 1.0
838 839 1.0
841 841 1.0
843 843 1.0
848 851 1.0
853 858 1.0
873 879 1.0
889 896 1.0
898 899 1.0
904 909 1.0
924 933 1.0
937 937 1.0
940 940 1.0
957 957 1.0
962 962 1.0
966 977 1.0
991 996 1.0
1010 1010 1.0
1012 1018 1.0
1021 1021 1.0
1027 1027 1.0
1040 1049 1.0
1064 1074 1.0
1086 1095 1.0
1107 1110 1.0
1120 1122 1.0
1125 1125 1.0
1134 1134 1.0
1137 1147 1.0
1160 1170 1.0
1185 1196 1.0
1204 1204 1.0
1208 1208 1.0
1217 1218 1.0
1220 1220 1.0
1222 1222 1.0
1224 1224 1.0
1226 1232 1.0
1245 1245 1.0
1248 1251 1.0
1254 1254 1.0
1257 1258 1.0
1260 1260 1.0
1263 1263 1.0
1266 1266 1.0
1275 1275 1.0
1278 1278 1.0
1281 1281 1.0
1285 1285 1.0
1289 1295 1.0
1297 1297 1.0
1310 1321 1.0
1333 1338 1.0
1340 1340 1.0
1350 1350 1.0
1353 1357 1.0
1362 1363 1.0
1367 1372 1.0
1386 1396 1.0
1407 1410 1.0
1414 1417 1.0
1429 1433 1.0
1445 1453 1.0
1457 1465 1.0
1478 1484 1.0
1494 1502 1.0
1517 1525 1.0
1528 1528 1.0
1535 1535 1.0
1537 1539 1.0
1541 1541 1.0
1557 1560 1.0
1562 1563 1.0
1565 1567 1.0
1577 1584 1.0
1586 1586 1.0
1596 1596 1.0
1600 1606 1.0
1608 1611 1.0
1613 1613 1.0
1618 1618 1.0
1628 1628 1.0
1631 1636 1.0
1638 1638 1.0
1641 1641 1.0
1643 1643 1.0
1657 1658 1.0
1661 1673 1.0
1688 1697 1.0
1710 1715 1.0
1717 1717 1.0
1719 1720 1.0
1724 1724 1.0
1727 1735 1.0
1749 1759 1.0
1769 1777 1.0
1779 1779 1.0
1787 1789 1.0
1791 1791 1.0
1793 1793 1.0
1808 1817 1.0
1820 1820 1.0
1837 1844 1.0
1848 1857 1.0
1867 1873 1.0
1892 1897 1.0
1899 1900 1.0
1909 1910 1.0
1912 1915 1.0
1925 1934 1.0
1946 1956 1.0
1973 1974 1.0
1976 1977 1.0
1979 1980 1.0
1982 1983 1.0
1986 1990 1.0
2002 2002 1.0
2004 2004 1.0
3372 3372 1.0
