42 50 1.0
56 65 1.0
69 69 1.0
85 85 1.0
89 93 1.0
107 117 1.0
129 138 1.0
145 152 1.0
167 177 1.0
192 201 1.0
213 214 1.0
217 232 1.0
248 258 1.0
270 270 1.0
272 272 1.0
284 284 1.0
286 292 1.0
303 303 1.0
305 312 1.0
315 315 1.0
321 321 1.0
324 324 1.0
340 343 1.0
345 345 1.0
352 359 1.0
373 383 1.0
399 409 1.0
421 421 1.0
423 424 1.0
426 426 1.0
443 448 1.0
450 451 1.0
454 454 1.0
459 461 1.0
463 471 1.0
485 485 1.0
487 498 1.0
520 529 1.0
542 552 1.0
565 573 1.0
585 585 1.0
588 595 1.0
597 598 1.0
610 610 1.0
612 612 1.0
614 620 1.0
631 634 1.0
636 636 1.0
638 641 1.0
646 646 1.0
669 679 1.0
696 704 1.0
706 706 1.0
723 734 1.0
747 750 1.0
762 764 1.0
777 777 1.0
779 785 1.0
787 787 1.0
789 789 1.0
803 811 1.0
823 831 1.0
845 845 1.0
860 870 1.0
872 876 1.0
896 907 1.0
918 920 1.0
936 941 1.0
955 965 1.0
980 992 1.0
1006 1006 1.0
1008 1008 1.0
1010 1010 1.0
1013 1016 1.0
1018 1023 1.0
1036 1045 1.0
1057 1067 1.0
1080 1082 1.0
1087 1087 1.0
1095 1095 1.0
1099 1099 1.0
1102 1103 1.0
1123 1134 1.0
1152 1161 1.0
1172 1177 1.0
1179 1179 1.0
1199 1199 1.0
1202 1205 1.0
1209 1209 1.0
1211 1212 1.0
1214 1221 1.0
1237 1248 1.0
1259 1259 1.0
1261 1265 1.0
1268 1269 1.0
1283 1294 1.0
1296 1296 1.0
1298 1302 1.0
1304 1306 1.0
1325 1336 1.0
1349 1357 1.0
1364 1364 1.0
1366 1372 1.0
1383 1397 1.0
1410 1420 1.0
1446 1450 1.0
1452 1453 1.0
1460 1460 1.0
1462 1463 1.0
1477 1480 1.0
1482 1485 1.0
1498 1498 1.0
1501 1503 1.0
1505 1505 1.0
1511 1511 1.0
1513 1513 1.0
1525 1525 1.0
1527 1535 1.0
1537 1537 1.0
1549 1557 1.0
1564 1564 1.0
1567 1573 1.0
1575 1575 1.0
1590 1598 1.0
1610 1613 1.0
1626 1634 1.0
1650 1658 1.0
1665 1674 1.0
1679 1679 1.0
1684 1684 1.0
1696 1708 1.0
1710 1710 1.0
1725 1739 1.0
1747 1747 1.0
1752 1752 1.0
1754 1755 1.0
1760 1760 1.0
1774 1791 1.0
1811 1822 1.0
1834 1834 1.0
1848 1855 1.0
1858 1858 1.0
1868 1877 1.0
1890 1901 1.0
1924 1924 1.0
1926 1929 1.0
1931 1934 1.0
1936 1936 1.0
1946 1946 1.0
1948 1948 1.0
1950 1961 1.0
1976 1985 1.0
1994 2001 1.0
2014 2014 1.0
2016 2016 1.0
2019 2020 1.0
2022 2022 1.0
2026 2026 1.0
2029 2029 1.0
2032 2033 1.0
2035 2035 1.0
2038 2038 1.0
2051 2051 1.0
2053 2055 1.0
2057 2057 1.0
2060 2061 1.0
2067 2070 1.0
2075 2076 1.0
2082 2085 1.0
2097 2105 1.0
2115 2115 1.0
2117 2122 1.0
2139 2139 1.0
2141 2144 1.0
2148 2148 1.0
2155 2163 1.0
2182 2192 1.0
2206 2217 1.0
2219 2219 1.0
2221 2221 1.0
2223 2224 1.0
2226 2227 1.0
2684 2684 1.0
