24 24 1.0
36 45 1.0
52 61 1.0
75 75 1.0
80 80 1.0
82 82 1.0
84 89 1.0
101 102 1.0
104 108 1.0
110 111 1.0
114 114 1.0
120 120 1.0
123 134 1.0
149 151 1.0
162 173 1.0
191 201 1.0
215 226 1.0
228 230 1.0
233 233 1.0
246 253 1.0
256 256 1.0
268 278 1.0
302 312 1.0
324 332 1.0
334 334 1.0
343 343 1.0
356 359 1.0
361 367 1.0
379 387 1.0
389 389 1.0
405 416 1.0
428 428 1.0
431 431 1.0
438 441 1.0
445 448 1.0
454 454 1.0
463 474 1.0
488 498 1.0
516 527 1.0
529 534 1.0
537 539 1.0
561 572 1.0
584 584 1.0
587 591 1.0
596 601 1.0
613 620 1.0
622 622 1.0
643 653 1.0
666 676 1.0
683 684 1.0
686 691 1.0
703 712 1.0
729 740 1.0
754 754 1.0
756 764 1.0
766 766 1.0
768 768 1.0
770 773 1.0
776 776 1.0
778 778 1.0
781 781 1.0
794 804 1.0
817 827 1.0
829 829 1.0
831 831 1.0
848 853 1.0
855 856 1.0
865 865 1.0
868 870 1.0
875 875 1.0
877 879 1.0
881 890 1.0
904 915 1.0
927 928 1.0
940 946 1.0
948 951 1.0
958 958 1.0
960 960 1.0
963 963 1.0
970 970 1.0
972 978 1.0
990 1002 1.0
1009 1009 1.0
1024 1035 1.0
1045 1047 1.0
1049 1057 1.0
1069 1080 1.0
1093 1093 1.0
1095 1104 1.0
1116 1128 1.0
1130 1131 1.0
1143 1150 1.0
1163 1168 1.0
1170 1170 1.0
1172 1181 1.0
1198 1209 1.0
1222 1232 1.0
1244 1248 1.0
1250 1250 1.0
1258 1265 1.0
1267 1267 1.0
1274 1274 1.0
1286 1294 1.0
1301 1301 1.0
1303 1303 1.0
1306 1306 1.0
1315 1323 1.0
1335 1343 1.0
1345 1345 1.0
1347 1354 1.0
1367 1377 1.0
1389 1389 1.0
1391 1399 1.0
1401 1401 1.0
1421 1428 1.0
1431 1431 1.0
1440 1441 1.0
1453 1460 1.0
1462 1463 1.0
1469 1472 1.0
1474 1474 1.0
1491 1503 1.0
1507 1507 1.0
1521 1529 1.0
1539 1545 1.0
1557 1561 1.0
1563 1563 1.0
1573 1573 1.0
1575 1579 1.0
1590 1590 1.0
1592 1595 1.0
1604 1604 1.0
1606 1609 1.0
1612 1612 1.0
1616 1616 1.0
1621 1622 1.0
1631 1631 1.0
1633 1640 1.0
1651 1662 1.0
1674 1684 1.0
1689 1698 1.0
1714 1723 1.0
1728 1729 1.0
1732 1738 1.0
1741 1742 1.0
1757 1769 1.0
1771 1771 1.0
1773 1773 1.0
1795 1795 1.0
1798 1815 1.0
1837 1843 1.0
1853 1859 1.0
1868 1876 1.0
1883 1891 1.0
1900 1900 1.0
1902 1904 1.0
1924 1933 1.0
1937 1937 1.0
1939 1939 1.0
1942 1947 1.0
1949 1949 1.0
1951 1951 1.0
1955 1959 1.0
1972 1983 1.0
1996 1996 1.0
1999 2008 1.0
2021 2032 1.0
2044 2049 1.0
2051 2054 1.0
2058 2058 1.0
2074 2075 1.0
2080 2097 1.0
2099 2100 1.0
2112 2122 1.0
2132 2142 1.0
2154 2162 1.0
2164 2164 1.0
2175 2175 1.0
2177 2178 1.0
2183 2185 1.0
2187 2187 1.0
2191 2191 1.0
2197 2197 1.0
2205 2206 1.0
2211 2221 1.0
2231 2239 1.0
2251 2251 1.0
2253 2254 1.0
2263 2263 1.0
2265 2273 1.0
2275 2275 1.0
2285 2287 1.0
2289 2289 1.0
2301 2302 1.0
2304 2310 1.0
2322 2329 1.0
2342 2342 1.0
2344 2349 1.0
2351 2352 1.0
2354 2355 1.0
2357 2359 1.0
2361 2362 1.0
2375 2386 1.0
2391 2392 1.0
2396 2396 1.0
2408 2417 1.0
2423 2424 1.0
2427 2427 1.0
2429 2429 1.0
2442 2444 1.0
2446 2451 1.0
2454 2456 1.0
2468 2478 1.0
2490 2491 1.0
2498 2498 1.0
2500 2500 1.0
2503 2503 1.0
2505 2506 1.0
2510 2510 1.0
2513 2519 1.0
2532 2541 1.0
2552 2561 1.0
2574 2585 1.0
2599 2599 1.0
2601 2601 1.0
2611 2622 1.0
2629 2630 1.0
2634 2634 1.0
2636 2636 1.0
2638 2638 1.0
2650 2658 1.0
2669 2679 1.0
2682 2683 1.0
2688 2691 1.0
2695 2697 1.0
2709 2717 1.0
2726 2736 1.0
2738 2745 1.0
2761 2777 1.0
2782 2782 1.0
2792 2792 1.0
2794 2802 1.0
2813 2814 1.0
2816 2816 1.0
2823 2832 1.0
2843 2852 1.0
2864 2873 1.0
2884 2892 1.0
2902 2909 1.0
2919 2919 1.0
2921 2922 1.0
2926 2927 1.0
2929 2929 1.0
2948 2949 1.0
2951 2951 1.0
2953 2955 1.0
2957 2958 1.0
2971 2979 1.0
2988 2995 1.0
2997 2997 1.0
3007 3007 1.0
3009 3009 1.0
3012 3016 1.0
3021 3021 1.0
3029 3037 1.0
3051 3061 1.0
3074 3075 1.0
3077 3078 1.0
3080 3080 1.0
3082 3082 1.0
3089 3089 1.0
3091 3092 1.0
3094 3096 1.0
3098 3099 1.0
3101 3101 1.0
3107 3108 1.0
3110 3111 1.0
3113 3120 1.0
3134 3144 1.0
3152 3152 1.0
3154 3158 1.0
3161 3161 1.0
3164 3164 1.0
3178 3187 1.0
3200 3211 1.0
3226 3226 1.0
3231 3231 1.0
3233 3234 1.0
3241 3241 1.0
3246 3250 1.0
3253 3254 1.0
3262 3271 1.0
3280 3283 1.0
3296 3307 1.0
3317 3326 1.0
3336 3336 1.0
3338 3338 1.0
3344 3344 1.0
3348 3359 1.0
3373 3383 1.0
3394 3401 1.0
3403 3403 1.0
3420 3436 1.0
3449 3461 1.0
3463 3463 1.0
3485 3497 1.0
3511 3511 1.0
3523 3525 1.0
3527 3529 1.0
3531 3531 1.0
3535 3539 1.0
3541 3541 1.0
3553 3560 1.0
3578 3588 1.0
3598 3606 1.0
3620 3632 1.0
3646 3646 1.0
3648 3656 1.0
3658 3658 1.0
3668 3668 1.0
3672 3675 1.0
3677 3677 1.0
3679 3684 1.0
3687 3687 1.0
3691 3691 1.0
3696 3697 1.0
3700 3700 1.0
3703 3703 1.0
3705 3705 1.0
3722 3733 1.0
3740 3749 1.0
3760 3762 1.0
3764 3770 1.0
3774 3774 1.0
3781 3782 1.0
3786 3787 1.0
3804 3814 1.0
3826 3833 1.0
3847 3857 1.0
3870 3870 1.0
3879 3883 1.0
3886 3887 1.0
3894 3896 1.0
3908 3908 1.0
3911 3911 1.0
3913 3913 1.0
3915 3925 1.0
3941 3947 1.0
3949 3951 1.0
3957 3957 1.0
3959 3959 1.0
3962 3966 1.0
3976 3983 1.0
3993 3999 1.0
4009 4013 1.0
4016 4017 1.0
4019 4019 1.0
4041 4056 1.0
4058 4061 1.0
4075 4081 1.0
4083 4084 1.0
4089 4089 1.0
4096 4096 1.0
4101 4102 1.0
4117 4118 1.0
4123 4125 1.0
4127 4127 1.0
4130 4130 1.0
4132 4132 1.0
4142 4149 1.0
4161 4162 1.0
4164 4164 1.0
4168 4168 1.0
4171 4171 1.0
4173 4174 1.0
4187 4195 1.0
4207 4214 1.0
4222 4222 1.0
4224 4229 1.0
4238 4243 1.0
4255 4261 1.0
4264 4265 1.0
4280 4280 1.0
4282 4289 1.0
4302 4302 1.0
4304 4305 1.0
4319 4319 1.0
4321 4324 1.0
