24 25 1.0
37 49 1.0
67 77 1.0
88 96 1.0
112 129 1.0
131 131 1.0
140 141 1.0
143 148 1.0
150 150 1.0
169 169 1.0
171 171 1.0
188 197 1.0
209 212 1.0
217 218 1.0
236 245 1.0
261 262 1.0
264 264 1.0
274 274 1.0
276 276 1.0
278 282 1.0
284 284 1.0
286 286 1.0
289 289 1.0
291 291 1.0
294 294 1.0
296 296 1.0
298 298 1.0
313 313 1.0
318 323 1.0
325 328 1.0
331 331 1.0
333 340 1.0
360 363 1.0
370 370 1.0
375 381 1.0
394 397 1.0
403 404 1.0
422 422 1.0
424 432 1.0
446 454 1.0
470 474 1.0
486 495 1.0
515 518 1.0
521 521 1.0
524 524 1.0
541 541 1.0
546 546 1.0
549 549 1.0
554 554 1.0
558 558 1.0
561 561 1.0
573 573 1.0
578 579 1.0
582 582 1.0
588 588 1.0
597 597 1.0
613 622 1.0
633 635 1.0
659 670 1.0
678 679 1.0
690 698 1.0
700 700 1.0
723 730 1.0
739 739 1.0
743 746 1.0
751 752 1.0
765 770 1.0
782 782 1.0
784 785 1.0
789 789 1.0
792 792 1.0
794 794 1.0
801 806 1.0
818 828 1.0
837 841 1.0
858 862 1.0
874 884 1.0
895 903 1.0
916 928 1.0
943 950 1.0
963 975 1.0
990 996 1.0
1008 1018 1.0
1022 1025 1.0
1040 1050 1.0
1064 1074 1.0
1086 1094 1.0
1103 1112 1.0
1134 1135 1.0
1140 1151 1.0
1165 1176 1.0
1195 1196 1.0
1201 1205 1.0
1207 1213 1.0
1216 1218 1.0
1235 1245 1.0
1252 1252 1.0
1266 1274 1.0
1287 1299 1.0
1310 1316 1.0
1328 1338 1.0
1355 1360 1.0
1364 1364 1.0
1369 1369 1.0
1379 1379 1.0
1382 1389 1.0
1402 1410 1.0
1412 1413 1.0
1421 1430 1.0
1446 1456 1.0
1459 1459 1.0
1462 1466 1.0
1479 1486 1.0
1498 1498 1.0
1502 1502 1.0
1505 1505 1.0
1507 1508 1.0
1510 1512 1.0
1514 1517 1.0
1534 1546 1.0
1559 1559 1.0
1563 1568 1.0
1585 1597 1.0
1609 1609 1.0
1629 1641 1.0
1643 1644 1.0
1660 1671 1.0
1691 1691 1.0
1696 1706 1.0
1719 1724 1.0
1733 1740 1.0
1742 1742 1.0
1758 1768 1.0
1770 1771 1.0
1773 1774 1.0
1776 1776 1.0
1778 1780 1.0
1801 1802 1.0
1806 1816 1.0
1827 1835 1.0
1843 1843 1.0
1845 1845 1.0
1851 1851 1.0
1853 1853 1.0
1855 1855 1.0
1865 1865 1.0
1867 1874 1.0
1897 1907 1.0
1922 1923 1.0
1928 1928 1.0
1930 1930 1.0
1932 1939 1.0
1942 1942 1.0
1951 1952 1.0
1954 1954 1.0
1957 1958 1.0
1970 1981 1.0
1997 2007 1.0
2009 2010 1.0
2022 2030 1.0
2040 2040 1.0
2042 2042 1.0
2046 2046 1.0
2054 2063 1.0
2083 2093 1.0
2095 2095 1.0
2108 2118 1.0
2120 2122 1.0
2134 2144 1.0
2156 2165 1.0
2168 2168 1.0
2170 2170 1.0
2172 2173 1.0
2180 2180 1.0
2182 2182 1.0
2187 2188 1.0
2190 2193 1.0
2195 2197 1.0
2213 2224 1.0
2236 2237 1.0
2240 2246 1.0
2248 2254 1.0
2257 2258 1.0
2261 2262 1.0
2287 2303 1.0
2321 2336 1.0
2361 2371 1.0
2381 2381 1.0
2383 2386 1.0
2406 2416 1.0
2431 2437 1.0
2441 2441 1.0
2444 2444 1.0
2447 2451 1.0
2459 2459 1.0
2461 2461 1.0
2463 2463 1.0
2488 2496 1.0
2498 2498 1.0
2517 2517 1.0
2523 2533 1.0
2547 2547 1.0
2550 2550 1.0
2557 2557 1.0
2560 2560 1.0
2562 2563 1.0
2574 2575 1.0
2578 2580 1.0
2582 2584 1.0
2586 2587 1.0
2590 2590 1.0
2592 2592 1.0
2608 2610 1.0
2612 2619 1.0
2631 2631 1.0
2634 2635 1.0
2637 2637 1.0
2639 2640 1.0
2642 2643 1.0
2647 2647 1.0
2649 2649 1.0
2655 2655 1.0
2659 2659 1.0
2661 2664 1.0
2669 2672 1.0
2675 2679 1.0
2691 2691 1.0
2701 2701 1.0
2707 2717 1.0
2719 2719 1.0
2732 2732 1.0
2734 2744 1.0
2762 2762 1.0
2764 2771 1.0
2780 2789 1.0
2805 2815 1.0
2820 2820 1.0
2828 2829 1.0
2833 2833 1.0
2845 2845 1.0
2847 2858 1.0
2876 2887 1.0
2889 2889 1.0
2899 2899 1.0
2901 2901 1.0
2905 2905 1.0
2921 2932 1.0
2943 2951 1.0
2955 2955 1.0
2972 2972 1.0
2986 2986 1.0
2988 3001 1.0
3003 3004 1.0
3008 3008 1.0
3023 3023 1.0
3025 3025 1.0
3027 3038 1.0
3040 3040 1.0
3050 3050 1.0
3053 3053 1.0
3072 3072 1.0
3074 3085 1.0
3100 3112 1.0
3124 3125 1.0
3127 3132 1.0
3149 3160 1.0
3175 3175 1.0
3177 3178 1.0
3183 3185 1.0
3187 3187 1.0
3193 3193 1.0
3195 3195 1.0
3197 3197 1.0
3201 3201 1.0
3205 3207 1.0
3209 3211 1.0
3213 3214 1.0
3216 3216 1.0
3236 3236 1.0
3238 3248 1.0
3260 3264 1.0
3275 3282 1.0
3293 3297 1.0
3303 3303 1.0
3306 3317 1.0
3332 3345 1.0
3357 3360 1.0
3362 3366 1.0
3388 3388 1.0
3390 3395 1.0
3401 3403 1.0
3405 3411 1.0
3424 3434 1.0
3449 3455 1.0
3461 3461 1.0
3475 3478 1.0
3480 3490 1.0
3502 3502 1.0
3514 3523 1.0
3535 3535 1.0
3541 3541 1.0
3543 3545 1.0
3547 3547 1.0
3550 3551 1.0
3553 3557 1.0
3559 3560 1.0
3578 3579 1.0
3581 3581 1.0
3593 3602 1.0
3614 3625 1.0
3627 3628 1.0
3637 3637 1.0
3644 3644 1.0
3654 3654 1.0
3657 3661 1.0
3663 3663 1.0
3666 3667 1.0
3671 3671 1.0
3673 3677 1.0
3693 3699 1.0
3702 3703 1.0
3711 3713 1.0
3715 3716 1.0
3719 3721 1.0
3723 3723 1.0
3736 3736 1.0
3741 3752 1.0
3771 3771 1.0
3773 3784 1.0
3794 3794 1.0
3796 3803 1.0
3816 3816 1.0
3819 3829 1.0
3845 3856 1.0
3858 3858 1.0
3872 3882 1.0
3887 3887 1.0
3902 3910 1.0
3912 3913 1.0
3915 3917 1.0
3920 3920 1.0
3922 3922 1.0
3936 3936 1.0
3939 3939 1.0
3941 3943 1.0
3945 3946 1.0
3948 3952 1.0
3964 3974 1.0
3988 3998 1.0
4003 4005 1.0
4026 4036 1.0
4048 4052 1.0
4064 4068 1.0
4076 4079 1.0
4081 4084 1.0
4099 4110 1.0
4130 4141 1.0
4148 4151 1.0
4153 4153 1.0
4175 4177 1.0
4181 4185 1.0
4187 4191 1.0
4193 4198 1.0
4215 4227 1.0
4235 4235 1.0
4238 4238 1.0
4242 4242 1.0
4256 4268 1.0
4270 4272 1.0
4296 4307 1.0
4327 4327 1.0
