24 37 1.0
61 68 1.0
82 92 1.0
100 101 1.0
103 107 1.0
120 120 1.0
133 143 1.0
163 171 1.0
185 202 1.0
227 241 1.0
265 275 1.0
289 289 1.0
291 293 1.0
302 309 1.0
323 333 1.0
335 338 1.0
359 359 1.0
364 375 1.0
401 424 1.0
443 450 1.0
453 453 1.0
456 456 1.0
460 460 1.0
462 466 1.0
470 470 1.0
472 473 1.0
476 480 1.0
499 509 1.0
521 523 1.0
538 550 1.0
570 581 1.0
583 585 1.0
587 587 1.0
589 589 1.0
610 621 1.0
634 634 1.0
642 652 1.0
667 669 1.0
676 677 1.0
696 696 1.0
698 710 1.0
723 723 1.0
727 728 1.0
730 731 1.0
733 733 1.0
735 735 1.0
747 749 1.0
751 751 1.0
760 764 1.0
768 768 1.0
785 795 1.0
807 808 1.0
811 811 1.0
826 836 1.0
845 845 1.0
849 850 1.0
852 852 1.0
859 863 1.0
877 887 1.0
898 908 1.0
925 925 1.0
927 939 1.0
941 941 1.0
953 961 1.0
982 985 1.0
987 987 1.0
1001 1001 1.0
1003 1005 1.0
1007 1007 1.0
1017 1017 1.0
3276 3276 1.0
