24 27 1.0
56 69 1.0
83 91 1.0
102 111 1.0
128 133 1.0
145 155 1.0
166 175 1.0
185 188 1.0
208 217 1.0
233 243 1.0
260 260 1.0
266 268 1.0
280 287 1.0
298 305 1.0
321 322 1.0
328 331 1.0
335 338 1.0
343 353 1.0
374 374 1.0
377 383 1.0
394 397 1.0
410 420 1.0
434 452 1.0
464 464 1.0
466 468 1.0
470 470 1.0
482 492 1.0
501 514 1.0
532 541 1.0
548 548 1.0
560 570 1.0
585 589 1.0
592 592 1.0
594 597 1.0
601 602 1.0
617 626 1.0
635 644 1.0
656 656 1.0
671 681 1.0
686 689 1.0
691 691 1.0
710 720 1.0
757 757 1.0
762 762 1.0
774 774 1.0
776 779 1.0
782 782 1.0
784 784 1.0
803 804 1.0
806 813 1.0
826 828 1.0
831 831 1.0
848 857 1.0
869 879 1.0
882 883 1.0
889 892 1.0
914 925 1.0
949 956 1.0
967 968 1.0
981 986 1.0
997 1003 1.0
1030 1030 1.0
1032 1033 1.0
1036 1048 1.0
1068 1082 1.0
1094 1094 1.0
1097 1098 1.0
1115 1117 1.0
1122 1122 1.0
1135 1135 1.0
1149 1149 1.0
1152 1162 1.0
1176 1176 1.0
1178 1186 1.0
1189 1189 1.0
1191 1191 1.0
1193 1193 1.0
1205 1207 1.0
1219 1229 1.0
1232 1233 1.0
1236 1236 1.0
1248 1268 1.0
1284 1296 1.0
1314 1323 1.0
1339 1349 1.0
1370 1374 1.0
1376 1376 1.0
1393 1393 1.0
1395 1395 1.0
1397 1403 1.0
1405 1405 1.0
1415 1415 1.0
1417 1423 1.0
1459 1469 1.0
1472 1475 1.0
1502 1503 1.0
1507 1511 1.0
1523 1527 1.0
1540 1541 1.0
1543 1543 1.0
1545 1545 1.0
1548 1548 1.0
1557 1558 1.0
1576 1588 1.0
1609 1617 1.0
1619 1623 1.0
1625 1626 1.0
1628 1629 1.0
1645 1649 1.0
1651 1653 1.0
1655 1655 1.0
1670 1680 1.0
1703 1703 1.0
1705 1705 1.0
1709 1709 1.0
1713 1713 1.0
1715 1715 1.0
1718 1719 1.0
1721 1721 1.0
1740 1750 1.0
1764 1764 1.0
1785 1794 1.0
1806 1807 1.0
1809 1809 1.0
1825 1832 1.0
1844 1852 1.0
1864 1870 1.0
1882 1892 1.0
1900 1906 1.0
1926 1941 1.0
1957 1957 1.0
1961 1962 1.0
1964 1964 1.0
1966 1967 1.0
1969 1969 1.0
1971 1971 1.0
1974 1974 1.0
1989 1989 1.0
1991 1999 1.0
2001 2001 1.0
2006 2006 1.0
2034 2044 1.0
2056 2056 1.0
2070 2080 1.0
2095 2109 1.0
2112 2113 1.0
2129 2139 1.0
2145 2153 1.0
2169 2176 1.0
2178 2178 1.0
2188 2188 1.0
2190 2199 1.0
2216 2227 1.0
