29 34 1.0
53 59 1.0
61 61 1.0
85 85 1.0
88 88 1.0
134 138 1.0
141 141 1.0
143 143 1.0
150 150 1.0
163 172 1.0
178 178 1.0
192 198 1.0
250 252 1.0
346 351 1.0
372 380 1.0
397 406 1.0
420 420 1.0
422 423 1.0
450 455 1.0
467 467 1.0
587 595 1.0
654 659 1.0
746 750 1.0
762 762 1.0
781 789 1.0
810 814 1.0
816 818 1.0
838 843 1.0
856 862 1.0
879 883 1.0
885 886 1.0
904 914 1.0
945 952 1.0
1091 1095 1.0
1107 1116 1.0
1150 1150 1.0
1177 1184 1.0
1213 1216 1.0
1292 1298 1.0
1321 1333 1.0
1395 1395 1.0
1401 1401 1.0
1440 1443 1.0
1460 1461 1.0
1500 1505 1.0
1524 1533 1.0
1545 1555 1.0
1569 1579 1.0
1590 1592 1.0
1604 1609 1.0
1692 1698 1.0
1717 1718 1.0
1744 1747 1.0
1757 1763 1.0
1783 1787 1.0
1797 1797 1.0
1816 1825 1.0
1921 1922 1.0
2013 2013 1.0
2069 2073 1.0
2178 2184 1.0
2251 2254 1.0
2260 2261 1.0
2264 2270 1.0
2283 2291 1.0
2379 2384 1.0
2400 2402 1.0
2405 2406 1.0
2468 2470 1.0
2483 2489 1.0
2504 2504 1.0
2506 2506 1.0
2535 2547 1.0
2560 2563 1.0
2565 2569 1.0
2588 2594 1.0
2614 2614 1.0
2616 2625 1.0
2643 2651 1.0
2667 2676 1.0
2720 2721 1.0
2764 2768 1.0
2779 2781 1.0
2784 2784 1.0
2805 2814 1.0
2873 2874 1.0
2917 2928 1.0
2950 2958 1.0
2975 2978 1.0
2989 2990 1.0
3005 3006 1.0
3085 3088 1.0
3090 3090 1.0
3182 3182 1.0
3204 3211 1.0
3248 3253 1.0
3290 3300 1.0
3329 3330 1.0
3397 3397 1.0
3434 3439 1.0
3481 3482 1.0
3484 3484 1.0
3514 3522 1.0
3553 3559 1.0
