24 24 1.0
26 31 1.0
33 33 1.0
35 35 1.0
51 55 1.0
57 58 1.0
72 79 1.0
81 81 1.0
84 84 1.0
91 91 1.0
112 120 1.0
126 126 1.0
129 129 1.0
131 135 1.0
146 154 1.0
172 172 1.0
179 181 1.0
184 187 1.0
189 189 1.0
199 199 1.0
201 208 1.0
220 227 1.0
237 237 1.0
239 249 1.0
266 267 1.0
269 271 1.0
279 279 1.0
283 293 1.0
304 305 1.0
307 311 1.0
317 326 1.0
339 350 1.0
366 366 1.0
368 376 1.0
398 412 1.0
419 419 1.0
433 444 1.0
460 466 1.0
478 488 1.0
505 505 1.0
513 513 1.0
515 515 1.0
519 520 1.0
525 532 1.0
546 555 1.0
565 574 1.0
584 595 1.0
610 621 1.0
632 639 1.0
657 657 1.0
661 669 1.0
671 671 1.0
678 678 1.0
681 681 1.0
690 691 1.0
693 694 1.0
703 704 1.0
721 722 1.0
726 729 1.0
731 741 1.0
762 775 1.0
787 789 1.0
796 804 1.0
807 807 1.0
821 831 1.0
852 852 1.0
854 862 1.0
884 894 1.0
901 901 1.0
914 914 1.0
918 918 1.0
920 924 1.0
926 927 1.0
930 930 1.0
939 940 1.0
942 949 1.0
964 975 1.0
990 1001 1.0
1013 1013 1.0
1016 1029 1.0
1031 1033 1.0
1051 1051 1.0
1053 1060 1.0
1072 1075 1.0
1079 1082 1.0
1087 1089 1.0
1104 1109 1.0
1111 1111 1.0
1113 1113 1.0
1123 1123 1.0
1125 1126 1.0
1128 1132 1.0
1145 1153 1.0
1155 1155 1.0
1165 1168 1.0
1181 1191 1.0
1205 1215 1.0
1217 1217 1.0
1234 1243 1.0
1255 1257 1.0
1259 1264 1.0
1269 1269 1.0
1272 1275 1.0
1281 1282 1.0
1294 1294 1.0
1300 1300 1.0
1302 1304 1.0
1306 1314 1.0
1316 1316 1.0
1333 1339 1.0
1341 1341 1.0
1349 1349 1.0
1351 1351 1.0
1353 1353 1.0
1355 1355 1.0
1358 1358 1.0
1361 1363 1.0
1365 1365 1.0
1367 1368 1.0
1370 1370 1.0
1375 1375 1.0
1387 1396 1.0
1407 1413 1.0
1423 1433 1.0
1451 1452 1.0
1454 1455 1.0
1457 1461 1.0
1467 1467 1.0
1474 1485 1.0
1497 1497 1.0
1499 1503 1.0
1518 1529 1.0
1531 1531 1.0
1534 1534 1.0
1536 1538 1.0
1553 1553 1.0
1555 1562 1.0
1570 1580 1.0
1598 1598 1.0
1600 1612 1.0
1625 1637 1.0
1639 1639 1.0
1659 1673 1.0
1685 1690 1.0
1693 1693 1.0
1700 1700 1.0
1702 1702 1.0
1715 1729 1.0
1755 1765 1.0
1767 1767 1.0
1775 1775 1.0
1777 1777 1.0
1787 1787 1.0
1789 1799 1.0
1815 1828 1.0
1834 1838 1.0
1850 1859 1.0
1871 1882 1.0
1886 1889 1.0
1901 1912 1.0
1914 1915 1.0
1935 1948 1.0
1960 1960 1.0
1962 1962 1.0
1974 1985 1.0
2010 2020 1.0
2033 2036 1.0
2041 2043 1.0
2048 2049 1.0
2065 2074 1.0
2084 2094 1.0
2096 2096 1.0
2117 2117 1.0
2121 2122 1.0
2134 2145 1.0
2163 2173 1.0
2190 2203 1.0
2216 2216 1.0
2222 2235 1.0
