28 28 1.0
33 34 1.0
37 37 1.0
56 64 1.0
74 83 1.0
116 116 1.0
162 168 1.0
179 186 1.0
199 205 1.0
222 227 1.0
239 239 1.0
241 241 1.0
243 244 1.0
263 267 1.0
278 286 1.0
304 304 1.0
328 337 1.0
350 360 1.0
370 378 1.0
392 392 1.0
409 418 1.0
428 436 1.0
450 451 1.0
479 479 1.0
481 481 1.0
485 486 1.0
503 503 1.0
522 522 1.0
524 524 1.0
554 554 1.0
615 615 1.0
630 634 1.0
644 644 1.0
646 647 1.0
661 672 1.0
694 703 1.0
721 723 1.0
738 747 1.0
765 772 1.0
774 776 1.0
784 784 1.0
792 803 1.0
817 817 1.0
819 819 1.0
846 850 1.0
859 866 1.0
881 890 1.0
912 915 1.0
937 941 1.0
953 959 1.0
962 963 1.0
984 990 1.0
993 993 1.0
1014 1020 1.0
1023 1024 1.0
1028 1030 1.0
1056 1056 1.0
1058 1066 1.0
1091 1102 1.0
1104 1106 1.0
1129 1129 1.0
1135 1136 1.0
1149 1156 1.0
1199 1205 1.0
1220 1220 1.0
1286 1294 1.0
1312 1321 1.0
1333 1333 1.0
1346 1346 1.0
1360 1370 1.0
1387 1390 1.0
1392 1392 1.0
1402 1402 1.0
1404 1406 1.0
1409 1410 1.0
1443 1453 1.0
1479 1479 1.0
1481 1483 1.0
1486 1486 1.0
1490 1490 1.0
1523 1523 1.0
1525 1525 1.0
1547 1552 1.0
1565 1575 1.0
1577 1583 1.0
1599 1610 1.0
1622 1626 1.0
1643 1643 1.0
1645 1651 1.0
1679 1688 1.0
1708 1708 1.0
1710 1713 1.0
1730 1738 1.0
1740 1740 1.0
1759 1770 1.0
1782 1784 1.0
1803 1803 1.0
1817 1827 1.0
1841 1844 1.0
1847 1847 1.0
1900 1900 1.0
1902 1902 1.0
1918 1918 1.0
1943 1944 1.0
1964 1964 1.0
1983 1993 1.0
2007 2007 1.0
2027 2028 1.0
2030 2030 1.0
2050 2056 1.0
2077 2077 1.0
2079 2087 1.0
2099 2099 1.0
2107 2107 1.0
2130 2137 1.0
2161 2162 1.0
2164 2165 1.0
2191 2191 1.0
2208 2216 1.0
2246 2253 1.0
2275 2285 1.0
2305 2312 1.0
2323 2327 1.0
2364 2374 1.0
2393 2405 1.0
2421 2429 1.0
2440 2448 1.0
2464 2470 1.0
2472 2473 1.0
2495 2502 1.0
2528 2538 1.0
2552 2560 1.0
2572 2576 1.0
2590 2590 1.0
2616 2616 1.0
2642 2642 1.0
2648 2650 1.0
2671 2676 1.0
2712 2718 1.0
2734 2734 1.0
2737 2737 1.0
2739 2740 1.0
2742 2742 1.0
3431 3431 1.0
