24 30 1.0
42 43 1.0
46 54 1.0
68 70 1.0
82 84 1.0
96 98 1.0
100 102 1.0
113 114 1.0
116 116 1.0
145 154 1.0
169 177 1.0
186 186 1.0
203 203 1.0
205 209 1.0
221 230 1.0
250 250 1.0
252 253 1.0
270 276 1.0
293 295 1.0
307 313 1.0
325 325 1.0
327 328 1.0
352 363 1.0
393 396 1.0
398 399 1.0
401 401 1.0
422 423 1.0
443 443 1.0
445 451 1.0
472 472 1.0
475 478 1.0
503 503 1.0
505 507 1.0
511 511 1.0
557 565 1.0
588 588 1.0
592 592 1.0
607 615 1.0
629 629 1.0
649 654 1.0
656 656 1.0
659 659 1.0
682 692 1.0
721 731 1.0
750 753 1.0
785 793 1.0
808 811 1.0
828 833 1.0
858 858 1.0
860 860 1.0
863 865 1.0
894 899 1.0
916 916 1.0
925 925 1.0
942 942 1.0
947 947 1.0
949 949 1.0
963 963 1.0
993 1003 1.0
1047 1047 1.0
1057 1057 1.0
1072 1072 1.0
1086 1092 1.0
1096 1096 1.0
1100 1102 1.0
1113 1123 1.0
1125 1130 1.0
1150 1159 1.0
1171 1181 1.0
1208 1208 1.0
1230 1235 1.0
1247 1253 1.0
1256 1256 1.0
1265 1266 1.0
1268 1269 1.0
1309 1310 1.0
1322 1329 1.0
1355 1357 1.0
1360 1361 1.0
1384 1384 1.0
1413 1418 1.0
1422 1422 1.0
1430 1430 1.0
1445 1454 1.0
1475 1486 1.0
1520 1526 1.0
1528 1530 1.0
1574 1574 1.0
1597 1605 1.0
1619 1619 1.0
1621 1625 1.0
1627 1627 1.0
1648 1660 1.0
1677 1688 1.0
1700 1711 1.0
1713 1713 1.0
1728 1729 1.0
1758 1764 1.0
1802 1802 1.0
1804 1806 1.0
1817 1824 1.0
1844 1855 1.0
1876 1885 1.0
1915 1920 1.0
1922 1923 1.0
1937 1938 1.0
1940 1940 1.0
1979 1979 1.0
1994 1997 1.0
2000 2003 1.0
2015 2021 1.0
2035 2037 1.0
2049 2056 1.0
2078 2087 1.0
2098 2104 1.0
2116 2125 1.0
2137 2142 1.0
2164 2172 1.0
2174 2174 1.0
2194 2201 1.0
2214 2222 1.0
2224 2224 1.0
2232 2232 1.0
2234 2234 1.0
2236 2237 1.0
2252 2263 1.0
2287 2298 1.0
2311 2311 1.0
2314 2314 1.0
2318 2318 1.0
2333 2343 1.0
2359 2370 1.0
2395 2395 1.0
2414 2414 1.0
2416 2416 1.0
2430 2430 1.0
2432 2438 1.0
2460 2462 1.0
2465 2465 1.0
2467 2467 1.0
2474 2474 1.0
2492 2492 1.0
2506 2509 1.0
2516 2516 1.0
2519 2523 1.0
2539 2539 1.0
2541 2544 1.0
2547 2547 1.0
2571 2580 1.0
2596 2605 1.0
2619 2619 1.0
2621 2622 1.0
2639 2645 1.0
2648 2648 1.0
2668 2671 1.0
2696 2696 1.0
2700 2706 1.0
2709 2710 1.0
2715 2716 1.0
2750 2760 1.0
2776 2776 1.0
2788 2788 1.0
2819 2828 1.0
2858 2868 1.0
2888 2899 1.0
2922 2923 1.0
2925 2925 1.0
2928 2928 1.0
2930 2930 1.0
2938 2938 1.0
2945 2945 1.0
2952 2952 1.0
2972 2980 1.0
2982 2982 1.0
2987 2987 1.0
3006 3017 1.0
3031 3032 1.0
3036 3036 1.0
3039 3039 1.0
3046 3046 1.0
3077 3090 1.0
3113 3124 1.0
3141 3145 1.0
3147 3150 1.0
3157 3157 1.0
3164 3166 1.0
3169 3173 1.0
3175 3175 1.0
3178 3178 1.0
3185 3185 1.0
3193 3193 1.0
3197 3197 1.0
