33 34 1.0
37 38 1.0
53 64 1.0
76 79 1.0
92 92 1.0
94 101 1.0
104 114 1.0
125 136 1.0
152 163 1.0
166 176 1.0
193 193 1.0
195 195 1.0
197 203 1.0
205 205 1.0
217 217 1.0
222 232 1.0
248 258 1.0
275 278 1.0
290 298 1.0
308 308 1.0
310 312 1.0
315 318 1.0
320 320 1.0
324 325 1.0
330 330 1.0
337 339 1.0
341 344 1.0
351 351 1.0
368 379 1.0
400 400 1.0
402 413 1.0
416 416 1.0
418 418 1.0
426 426 1.0
428 428 1.0
431 432 1.0
434 436 1.0
438 438 1.0
440 440 1.0
448 448 1.0
464 476 1.0
492 502 1.0
511 512 1.0
514 519 1.0
521 521 1.0
531 531 1.0
533 539 1.0
553 563 1.0
576 578 1.0
594 594 1.0
596 596 1.0
600 600 1.0
602 602 1.0
604 604 1.0
606 610 1.0
612 612 1.0
