34 43 1.0
56 56 1.0
58 58 1.0
66 66 1.0
68 68 1.0
70 76 1.0
78 78 1.0
81 81 1.0
83 91 1.0
93 93 1.0
114 126 1.0
156 166 1.0
178 185 1.0
188 188 1.0
198 198 1.0
206 208 1.0
210 216 1.0
238 238 1.0
255 265 1.0
277 277 1.0
286 286 1.0
289 289 1.0
296 296 1.0
313 323 1.0
325 325 1.0
335 345 1.0
351 351 1.0
363 373 1.0
382 382 1.0
390 392 1.0
394 398 1.0
400 400 1.0
404 407 1.0
410 410 1.0
412 414 1.0
422 423 1.0
435 439 1.0
450 456 1.0
470 477 1.0
479 485 1.0
487 487 1.0
501 502 1.0
504 509 1.0
517 517 1.0
520 526 1.0
538 538 1.0
541 541 1.0
548 548 1.0
550 552 1.0
555 556 1.0
558 558 1.0
574 584 1.0
595 599 1.0
607 607 1.0
610 614 1.0
616 616 1.0
631 631 1.0
639 641 1.0
643 650 1.0
652 652 1.0
672 672 1.0
684 684 1.0
686 687 1.0
689 689 1.0
692 698 1.0
700 703 1.0
710 710 1.0
718 720 1.0
725 726 1.0
733 741 1.0
753 760 1.0
769 776 1.0
797 797 1.0
801 807 1.0
809 811 1.0
816 820 1.0
835 835 1.0
839 840 1.0
859 871 1.0
874 874 1.0
893 893 1.0
895 904 1.0
922 922 1.0
938 939 1.0
941 951 1.0
953 953 1.0
957 957 1.0
988 999 1.0
1022 1022 1.0
1024 1034 1.0
1044 1046 1.0
1069 1069 1.0
1072 1079 1.0
1081 1081 1.0
1086 1086 1.0
1094 1096 1.0
1099 1099 1.0
1102 1102 1.0
1120 1133 1.0
1149 1159 1.0
1170 1178 1.0
1191 1199 1.0
1201 1201 1.0
1213 1222 1.0
1228 1229 1.0
1232 1232 1.0
1234 1236 1.0
1241 1242 1.0
1259 1267 1.0
1269 1269 1.0
1273 1274 1.0
1278 1279 1.0
1281 1282 1.0
1288 1288 1.0
1291 1291 1.0
1293 1293 1.0
1305 1313 1.0
1315 1315 1.0
1328 1328 1.0
1333 1338 1.0
1340 1340 1.0
1347 1347 1.0
1349 1350 1.0
1352 1353 1.0
1355 1355 1.0
1365 1365 1.0
1367 1370 1.0
1372 1375 1.0
1395 1404 1.0
1413 1413 1.0
1415 1418 1.0
1431 1440 1.0
1457 1467 1.0
1478 1488 1.0
1506 1516 1.0
1534 1534 1.0
1536 1546 1.0
1562 1562 1.0
1576 1589 1.0
1601 1601 1.0
1608 1608 1.0
1611 1611 1.0
1620 1620 1.0
1623 1634 1.0
1666 1666 1.0
1669 1678 1.0
1690 1697 1.0
1706 1706 1.0
1708 1711 1.0
1728 1728 1.0
1730 1735 1.0
1737 1738 1.0
1747 1747 1.0
1752 1752 1.0
1764 1764 1.0
1766 1766 1.0
1768 1769 1.0
1778 1779 1.0
1781 1783 1.0
1795 1796 1.0
1798 1799 1.0
1814 1820 1.0
1823 1823 1.0
1828 1828 1.0
1833 1833 1.0
1843 1843 1.0
1847 1847 1.0
1853 1853 1.0
1855 1855 1.0
1857 1857 1.0
1860 1860 1.0
1862 1862 1.0
1880 1881 1.0
1887 1888 1.0
1892 1897 1.0
1899 1900 1.0
1920 1920 1.0
1924 1935 1.0
1954 1967 1.0
1980 1987 1.0
1997 1997 1.0
1999 2004 1.0
3351 3351 1.0
