24 24 1.0
34 34 1.0
47 47 1.0
50 50 1.0
59 60 1.0
62 62 1.0
65 71 1.0
73 73 1.0
87 96 1.0
100 100 1.0
107 109 1.0
114 117 1.0
121 123 1.0
130 131 1.0
135 138 1.0
154 165 1.0
167 167 1.0
183 190 1.0
204 204 1.0
206 214 1.0
216 216 1.0
226 226 1.0
233 234 1.0
236 236 1.0
239 239 1.0
241 241 1.0
249 249 1.0
257 257 1.0
259 259 1.0
261 266 1.0
273 273 1.0
278 280 1.0
286 289 1.0
291 296 1.0
309 309 1.0
311 313 1.0
316 316 1.0
318 318 1.0
326 326 1.0
328 331 1.0
343 343 1.0
345 353 1.0
367 369 1.0
373 373 1.0
375 375 1.0
377 377 1.0
381 383 1.0
396 401 1.0
405 406 1.0
411 415 1.0
417 417 1.0
427 427 1.0
431 432 1.0
435 435 1.0
437 437 1.0
439 439 1.0
441 441 1.0
453 464 1.0
476 485 1.0
498 499 1.0
502 503 1.0
506 506 1.0
508 508 1.0
511 511 1.0
515 518 1.0
521 523 1.0
531 531 1.0
535 537 1.0
548 557 1.0
568 577 1.0
591 601 1.0
605 605 1.0
609 609 1.0
626 631 1.0
643 652 1.0
661 661 1.0
665 665 1.0
670 675 1.0
681 681 1.0
699 708 1.0
719 727 1.0
742 754 1.0
756 756 1.0
778 778 1.0
780 783 1.0
787 788 1.0
790 790 1.0
792 792 1.0
800 802 1.0
804 809 1.0
817 817 1.0
821 821 1.0
831 831 1.0
833 837 1.0
839 839 1.0
849 849 1.0
851 854 1.0
857 857 1.0
865 867 1.0
872 873 1.0
880 880 1.0
887 887 1.0
890 890 1.0
892 897 1.0
902 902 1.0
917 926 1.0
945 946 1.0
948 954 1.0
963 973 1.0
980 981 1.0
984 987 1.0
1005 1013 1.0
1024 1024 1.0
1027 1037 1.0
1055 1057 1.0
1059 1066 1.0
1068 1069 1.0
1081 1082 1.0
1084 1084 1.0
1090 1090 1.0
1093 1093 1.0
1096 1096 1.0
1098 1098 1.0
1100 1103 1.0
1106 1106 1.0
1108 1108 1.0
1110 1115 1.0
1117 1118 1.0
1133 1133 1.0
1136 1137 1.0
1140 1145 1.0
1147 1151 1.0
1165 1167 1.0
1169 1172 1.0
1174 1175 1.0
1187 1197 1.0
1207 1207 1.0
1210 1210 1.0
1220 1226 1.0
1228 1228 1.0
1238 1246 1.0
1253 1256 1.0
1259 1260 1.0
1262 1262 1.0
1265 1265 1.0
1267 1272 1.0
1287 1287 1.0
1289 1289 1.0
1297 1307 1.0
1317 1322 1.0
1332 1337 1.0
1339 1341 1.0
1346 1346 1.0
1349 1350 1.0
1364 1369 1.0
1373 1373 1.0
1379 1385 1.0
1399 1409 1.0
1414 1414 1.0
1420 1422 1.0
1424 1424 1.0
1436 1439 1.0
1441 1442 1.0
1457 1467 1.0
1479 1482 1.0
1484 1485 1.0
1489 1489 1.0
1492 1492 1.0
1494 1494 1.0
1497 1507 1.0
1524 1536 1.0
1548 1548 1.0
1558 1559 1.0
1561 1567 1.0
1571 1572 1.0
1575 1575 1.0
1579 1579 1.0
1581 1581 1.0
1584 1585 1.0
1587 1587 1.0
1591 1591 1.0
1603 1608 1.0
1610 1610 1.0
1616 1625 1.0
1640 1650 1.0
1656 1656 1.0
1663 1663 1.0
1669 1669 1.0
1679 1679 1.0
1681 1682 1.0
1689 1689 1.0
1694 1704 1.0
1709 1709 1.0
1723 1726 1.0
1734 1734 1.0
1737 1744 1.0
1746 1746 1.0
1752 1754 1.0
1757 1759 1.0
1767 1767 1.0
1771 1771 1.0
1776 1777 1.0
1779 1780 1.0
1782 1785 1.0
1797 1807 1.0
1820 1820 1.0
1822 1832 1.0
1841 1841 1.0
1843 1846 1.0
1850 1850 1.0
1862 1872 1.0
1889 1897 1.0
1899 1899 1.0
1908 1918 1.0
1943 1955 1.0
1968 1981 1.0
1998 2008 1.0
2010 2010 1.0
2020 2020 1.0
2023 2023 1.0
2025 2025 1.0
2029 2029 1.0
2033 2035 1.0
2038 2038 1.0
2042 2043 1.0
2055 2058 1.0
2060 2060 1.0
2062 2064 1.0
2067 2067 1.0
2070 2070 1.0
2072 2072 1.0
2076 2076 1.0
2079 2079 1.0
2082 2082 1.0
2084 2085 1.0
2088 2088 1.0
2091 2091 1.0
2097 2098 1.0
2100 2101 1.0
2114 2124 1.0
2137 2141 1.0
2143 2143 1.0
2145 2145 1.0
2147 2147 1.0
2150 2151 1.0
2153 2153 1.0
2155 2155 1.0
2157 2157 1.0
2171 2178 1.0
2180 2180 1.0
2193 2193 1.0
2195 2195 1.0
2197 2197 1.0
2201 2201 1.0
2203 2203 1.0
2205 2205 1.0
2215 2215 1.0
2217 2225 1.0
2227 2227 1.0
2230 2230 1.0
2232 2232 1.0
2244 2244 1.0
2246 2250 1.0
2259 2259 1.0
2261 2264 1.0
2266 2266 1.0
2278 2286 1.0
2298 2306 1.0
2312 2312 1.0
2318 2318 1.0
2326 2326 1.0
2328 2332 1.0
2334 2334 1.0
2337 2337 1.0
2340 2340 1.0
2354 2357 1.0
2359 2364 1.0
2369 2369 1.0
2376 2377 1.0
2379 2379 1.0
2381 2384 1.0
2389 2389 1.0
2391 2391 1.0
2393 2393 1.0
2397 2397 1.0
2403 2403 1.0
2405 2405 1.0
2407 2407 1.0
2409 2413 1.0
2415 2415 1.0
2417 2417 1.0
2425 2425 1.0
2427 2427 1.0
2429 2430 1.0
2433 2437 1.0
2450 2456 1.0
2458 2460 1.0
2462 2462 1.0
2464 2464 1.0
2476 2482 1.0
2491 2499 1.0
2512 2517 1.0
2521 2521 1.0
2533 2544 1.0
2551 2551 1.0
2553 2553 1.0
2555 2555 1.0
2570 2579 1.0
2593 2598 1.0
2610 2615 1.0
2617 2618 1.0
2620 2620 1.0
2625 2628 1.0
2642 2642 1.0
2646 2650 1.0
2652 2654 1.0
2678 2687 1.0
2699 2701 1.0
2711 2711 1.0
2713 2719 1.0
2734 2745 1.0
2758 2769 1.0
2788 2788 1.0
2790 2798 1.0
2805 2805 1.0
2807 2808 1.0
2811 2811 1.0
2823 2832 1.0
2844 2844 1.0
2847 2848 1.0
2856 2856 1.0
2859 2864 1.0
2868 2868 1.0
2876 2876 1.0
2882 2891 1.0
2903 2908 1.0
2910 2913 1.0
2920 2920 1.0
2923 2923 1.0
2925 2925 1.0
2928 2930 1.0
2935 2935 1.0
2937 2937 1.0
2945 2945 1.0
2947 2947 1.0
2951 2959 1.0
2961 2961 1.0
2971 2971 1.0
2973 2976 1.0
2978 2980 1.0
2982 2982 1.0
2996 3006 1.0
3010 3010 1.0
3018 3018 1.0
3020 3020 1.0
3023 3024 1.0
3033 3033 1.0
3036 3036 1.0
3038 3038 1.0
3049 3057 1.0
3075 3075 1.0
3077 3077 1.0
3079 3084 1.0
3087 3087 1.0
3096 3096 1.0
3101 3101 1.0
3105 3106 1.0
3108 3111 1.0
3128 3140 1.0
3160 3161 1.0
3163 3168 1.0
3180 3180 1.0
3185 3185 1.0
3188 3188 1.0
3193 3195 1.0
3200 3200 1.0
3207 3207 1.0
3213 3213 1.0
3220 3221 1.0
3223 3223 1.0
3225 3225 1.0
3227 3227 1.0
3229 3229 1.0
3233 3233 1.0
3235 3235 1.0
3239 3239 1.0
3241 3241 1.0
3246 3247 1.0
3249 3249 1.0
3251 3256 1.0
3259 3259 1.0
3269 3269 1.0
3272 3278 1.0
3281 3281 1.0
3283 3284 1.0
3286 3286 1.0
3298 3300 1.0
3302 3303 1.0
3306 3306 1.0
3315 3316 1.0
3321 3321 1.0
3325 3325 1.0
3327 3331 1.0
3334 3335 1.0
3347 3356 1.0
3366 3371 1.0
3374 3374 1.0
3386 3391 1.0
3393 3394 1.0
3413 3423 1.0
3428 3430 1.0
3432 3432 1.0
3442 3442 1.0
3446 3448 1.0
3451 3451 1.0
3455 3455 1.0
3459 3461 1.0
3473 3478 1.0
3490 3500 1.0
3512 3519 1.0
3525 3525 1.0
3529 3529 1.0
3537 3537 1.0
3546 3546 1.0
3550 3556 1.0
3560 3560 1.0
3569 3569 1.0
3572 3579 1.0
3581 3582 1.0
3584 3584 1.0
3586 3586 1.0
3591 3591 1.0
3594 3594 1.0
3596 3598 1.0
3610 3619 1.0
3621 3621 1.0
3633 3633 1.0
3639 3649 1.0
3666 3670 1.0
3672 3675 1.0
3684 3684 1.0
3687 3687 1.0
3689 3693 1.0
3696 3696 1.0
3698 3702 1.0
3704 3706 1.0
3708 3708 1.0
3720 3721 1.0
3723 3733 1.0
3745 3746 1.0
3749 3749 1.0
3751 3754 1.0
3758 3759 1.0
3761 3761 1.0
3766 3766 1.0
3768 3768 1.0
3775 3775 1.0
3778 3778 1.0
3780 3782 1.0
3784 3784 1.0
3787 3788 1.0
3790 3790 1.0
3796 3796 1.0
3800 3800 1.0
3802 3802 1.0
3806 3806 1.0
3815 3816 1.0
3818 3824 1.0
3832 3832 1.0
3835 3837 1.0
3839 3839 1.0
3847 3847 1.0
3850 3851 1.0
3853 3855 1.0
3857 3857 1.0
3859 3859 1.0
3875 3876 1.0
3878 3881 1.0
3883 3884 1.0
3891 3891 1.0
3898 3900 1.0
3902 3906 1.0
3908 3908 1.0
3917 3918 1.0
3921 3922 1.0
3924 3927 1.0
3934 3934 1.0
3943 3944 1.0
3946 3948 1.0
3951 3951 1.0
3957 3963 1.0
3965 3965 1.0
3974 3974 1.0
3976 3979 1.0
3981 3981 1.0
3984 3984 1.0
3990 3994 1.0
3997 3997 1.0
3999 4001 1.0
4013 4021 1.0
4023 4025 1.0
4033 4033 1.0
4039 4039 1.0
4044 4045 1.0
4047 4048 1.0
4052 4054 1.0
4057 4057 1.0
4060 4060 1.0
4062 4062 1.0
4067 4067 1.0
4070 4070 1.0
4072 4072 1.0
4074 4075 1.0
4077 4077 1.0
4079 4079 1.0
4087 4087 1.0
4089 4089 1.0
4092 4093 1.0
4099 4099 1.0
4102 4106 1.0
4109 4109 1.0
4111 4111 1.0
4118 4119 1.0
4121 4121 1.0
4134 4134 1.0
4137 4137 1.0
4141 4141 1.0
4144 4147 1.0
4149 4151 1.0
4154 4154 1.0
4162 4164 1.0
4166 4166 1.0
4168 4170 1.0
4172 4172 1.0
4174 4174 1.0
4187 4187 1.0
4189 4196 1.0
4198 4198 1.0
4204 4204 1.0
4216 4216 1.0
4218 4224 1.0
4229 4229 1.0
4231 4231 1.0
4236 4236 1.0
4244 4246 1.0
4248 4249 1.0
4251 4252 1.0
4254 4255 1.0
4258 4258 1.0
4261 4261 1.0
4264 4264 1.0
4268 4269 1.0
4274 4274 1.0
4276 4277 1.0
4289 4290 1.0
4292 4295 1.0
4299 4300 1.0
4303 4303 1.0
4308 4309 1.0
4312 4323 1.0
4325 4326 1.0
