28 28 1.0
31 31 1.0
35 35 1.0
48 48 1.0
62 72 1.0
92 96 1.0
99 99 1.0
101 101 1.0
115 125 1.0
138 143 1.0
145 145 1.0
147 150 1.0
153 154 1.0
157 157 1.0
178 181 1.0
183 183 1.0
185 186 1.0
201 201 1.0
203 203 1.0
205 205 1.0
207 207 1.0
209 212 1.0
215 215 1.0
230 230 1.0
232 235 1.0
242 242 1.0
247 247 1.0
251 251 1.0
260 260 1.0
265 272 1.0
280 282 1.0
284 286 1.0
299 310 1.0
313 315 1.0
321 321 1.0
328 329 1.0
351 361 1.0
373 376 1.0
389 393 1.0
404 415 1.0
432 442 1.0
456 467 1.0
469 469 1.0
481 491 1.0
493 493 1.0
507 515 1.0
536 546 1.0
564 566 1.0
568 568 1.0
570 570 1.0
583 583 1.0
585 586 1.0
588 589 1.0
591 593 1.0
595 595 1.0
607 617 1.0
621 624 1.0
639 640 1.0
646 646 1.0
653 653 1.0
656 656 1.0
662 662 1.0
675 675 1.0
678 681 1.0
695 695 1.0
699 705 1.0
725 730 1.0
732 732 1.0
735 735 1.0
741 745 1.0
757 761 1.0
763 763 1.0
776 785 1.0
798 800 1.0
802 804 1.0
806 808 1.0
816 816 1.0
820 826 1.0
840 850 1.0
863 867 1.0
869 869 1.0
885 886 1.0
890 893 1.0
913 919 1.0
926 929 1.0
933 933 1.0
936 936 1.0
941 943 1.0
957 967 1.0
980 980 1.0
987 988 1.0
994 994 1.0
996 996 1.0
1002 1002 1.0
1006 1006 1.0
1018 1018 1.0
1021 1023 1.0
1025 1025 1.0
2987 2987 1.0
3333 3333 1.0
