28 38 1.0
50 61 1.0
75 93 1.0
116 127 1.0
139 149 1.0
161 173 1.0
194 202 1.0
204 216 1.0
232 245 1.0
263 263 1.0
265 267 1.0
271 271 1.0
288 299 1.0
311 317 1.0
319 327 1.0
341 351 1.0
360 360 1.0
362 364 1.0
384 395 1.0
412 424 1.0
438 438 1.0
442 446 1.0
463 474 1.0
487 496 1.0
507 518 1.0
543 554 1.0
567 576 1.0
588 598 1.0
611 616 1.0
627 636 1.0
649 659 1.0
668 669 1.0
671 674 1.0
681 681 1.0
697 708 1.0
724 737 1.0
758 769 1.0
780 785 1.0
805 817 1.0
841 852 1.0
864 876 1.0
894 912 1.0
929 941 1.0
948 950 1.0
952 952 1.0
954 958 1.0
961 962 1.0
978 990 1.0
992 992 1.0
1017 1028 1.0
1040 1040 1.0
1047 1047 1.0
1061 1064 1.0
1080 1090 1.0
1102 1113 1.0
1125 1127 1.0
1144 1144 1.0
1148 1148 1.0
1160 1160 1.0
1162 1172 1.0
1188 1190 1.0
1194 1194 1.0
1196 1198 1.0
1200 1209 1.0
1225 1238 1.0
1259 1270 1.0
1282 1289 1.0
1292 1292 1.0
1310 1320 1.0
1341 1346 1.0
1358 1359 1.0
1363 1365 1.0
1368 1368 1.0
1370 1372 1.0
1384 1393 1.0
1406 1412 1.0
1432 1437 1.0
1450 1452 1.0
1454 1459 1.0
1462 1464 1.0
1476 1476 1.0
1478 1484 1.0
1486 1486 1.0
1498 1508 1.0
1523 1524 1.0
1526 1526 1.0
1528 1529 1.0
1536 1536 1.0
1538 1544 1.0
1546 1546 1.0
1562 1567 1.0
1569 1569 1.0
1571 1572 1.0
1575 1582 1.0
1599 1608 1.0
1611 1611 1.0
1623 1631 1.0
1645 1655 1.0
1679 1680 1.0
1682 1683 1.0
1686 1687 1.0
1694 1696 1.0
1698 1703 1.0
1706 1709 1.0
1727 1737 1.0
1746 1746 1.0
1749 1750 1.0
1766 1776 1.0
1784 1795 1.0
1810 1821 1.0
1846 1869 1.0
1889 1901 1.0
1925 1932 1.0
1940 1940 1.0
1944 1946 1.0
1958 1963 1.0
1976 1976 1.0
1978 1988 1.0
1990 1990 1.0
1992 1992 1.0
2012 2023 1.0
2037 2037 1.0
2040 2044 1.0
2046 2046 1.0
2065 2065 1.0
2067 2071 1.0
2083 2093 1.0
2106 2115 1.0
2117 2117 1.0
2129 2129 1.0
2131 2142 1.0
2155 2155 1.0
2157 2161 1.0
2163 2163 1.0
2170 2170 1.0
2172 2182 1.0
2195 2204 1.0
2206 2206 1.0
2223 2223 1.0
2225 2228 1.0
2230 2231 1.0
2241 2241 1.0
2243 2249 1.0
2265 2274 1.0
2286 2294 1.0
2309 2319 1.0
2333 2333 1.0
2342 2342 1.0
2354 2363 1.0
2376 2381 1.0
2395 2405 1.0
2418 2431 1.0
2433 2439 1.0
2458 2469 1.0
2481 2490 1.0
2505 2519 1.0
2543 2555 1.0
2562 2562 1.0
2567 2567 1.0
2569 2569 1.0
2583 2594 1.0
2612 2627 1.0
2645 2645 1.0
2647 2650 1.0
2664 2674 1.0
2687 2697 1.0
2705 2712 1.0
2731 2744 1.0
2765 2779 1.0
2787 2788 1.0
2790 2792 1.0
2811 2822 1.0
2844 2854 1.0
2866 2878 1.0
2896 2908 1.0
2919 2919 1.0
2921 2922 1.0
2935 2945 1.0
2963 2974 1.0
2988 3000 1.0
3022 3036 1.0
3067 3077 1.0
3103 3112 1.0
3123 3136 1.0
3156 3168 1.0
3191 3203 1.0
3205 3205 1.0
3211 3215 1.0
3218 3219 1.0
3242 3252 1.0
3270 3283 1.0
3295 3298 1.0
3310 3314 1.0
3328 3336 1.0
3350 3350 1.0
3352 3352 1.0
3354 3357 1.0
3359 3359 1.0
3372 3386 1.0
3404 3415 1.0
3430 3441 1.0
3459 3466 1.0
3481 3491 1.0
3503 3514 1.0
3542 3547 1.0
3549 3550 1.0
3552 3552 1.0
3556 3565 1.0
3582 3593 1.0
3604 3614 1.0
3629 3645 1.0
3647 3647 1.0
3663 3668 1.0
