25 35 1.0
46 57 1.0
74 85 1.0
95 105 1.0
107 110 1.0
126 137 1.0
152 154 1.0
156 156 1.0
169 177 1.0
189 198 1.0
210 216 1.0
232 244 1.0
268 277 1.0
289 294 1.0
296 297 1.0
302 303 1.0
306 306 1.0
323 333 1.0
338 338 1.0
345 355 1.0
364 365 1.0
367 367 1.0
369 369 1.0
371 371 1.0
373 373 1.0
381 381 1.0
384 389 1.0
402 411 1.0
422 422 1.0
434 441 1.0
453 456 1.0
471 489 1.0
505 517 1.0
525 531 1.0
552 564 1.0
575 575 1.0
593 602 1.0
604 604 1.0
606 606 1.0
610 610 1.0
614 614 1.0
629 629 1.0
633 638 1.0
650 650 1.0
652 657 1.0
659 660 1.0
662 662 1.0
669 669 1.0
672 672 1.0
676 676 1.0
689 694 1.0
707 716 1.0
737 747 1.0
759 767 1.0
769 770 1.0
791 802 1.0
816 816 1.0
818 819 1.0
821 821 1.0
839 851 1.0
876 886 1.0
911 921 1.0
928 931 1.0
933 933 1.0
935 935 1.0
957 967 1.0
982 992 1.0
1004 1004 1.0
1007 1007 1.0
1016 1016 1.0
1026 1026 1.0
1028 1028 1.0
1030 1030 1.0
1036 1036 1.0
1049 1060 1.0
1078 1087 1.0
1089 1089 1.0
1098 1099 1.0
1101 1101 1.0
1103 1113 1.0
1131 1144 1.0
1166 1178 1.0
1191 1202 1.0
1215 1216 1.0
1229 1239 1.0
1252 1252 1.0
1254 1258 1.0
1266 1276 1.0
1294 1309 1.0
1311 1311 1.0
1328 1338 1.0
1347 1356 1.0
1375 1393 1.0
1411 1423 1.0
1436 1449 1.0
1473 1483 1.0
1496 1504 1.0
1516 1522 1.0
1524 1525 1.0
1543 1555 1.0
1561 1561 1.0
1578 1589 1.0
1599 1604 1.0
1613 1613 1.0
1615 1618 1.0
1634 1634 1.0
1636 1639 1.0
1641 1644 1.0
1646 1646 1.0
1658 1661 1.0
1664 1665 1.0
1667 1679 1.0
1693 1694 1.0
1698 1698 1.0
1714 1724 1.0
1736 1736 1.0
1738 1742 1.0
1745 1745 1.0
1748 1749 1.0
1761 1765 1.0
1768 1768 1.0
1771 1771 1.0
1778 1778 1.0
1794 1794 1.0
1796 1811 1.0
1828 1840 1.0
1842 1842 1.0
1845 1846 1.0
1855 1855 1.0
1860 1861 1.0
1863 1863 1.0
1877 1878 1.0
1881 1882 1.0
1884 1885 1.0
1888 1888 1.0
1890 1892 1.0
1894 1894 1.0
1897 1898 1.0
1900 1900 1.0
1910 1910 1.0
1931 1942 1.0
1960 1960 1.0
1970 1982 1.0
2009 2010 1.0
2014 2025 1.0
2042 2051 1.0
2053 2053 1.0
2055 2067 1.0
2093 2104 1.0
2124 2137 1.0
2159 2174 1.0
2176 2178 1.0
2180 2183 1.0
2185 2185 1.0
2201 2211 1.0
2226 2227 1.0
2229 2229 1.0
2245 2257 1.0
2276 2288 1.0
2291 2291 1.0
2314 2326 1.0
2348 2364 1.0
2380 2390 1.0
2392 2392 1.0
2395 2395 1.0
2398 2404 1.0
2428 2442 1.0
2463 2476 1.0
2501 2513 1.0
2539 2552 1.0
2568 2578 1.0
2590 2600 1.0
2612 2613 1.0
2630 2640 1.0
2667 2679 1.0
2687 2693 1.0
2718 2727 1.0
2739 2749 1.0
2773 2785 1.0
2798 2808 1.0
2822 2828 1.0
2830 2830 1.0
2850 2860 1.0
2866 2866 1.0
2882 2890 1.0
2900 2909 1.0
2923 2932 1.0
2940 2940 1.0
2942 2947 1.0
2949 2949 1.0
2970 2985 1.0
2987 2989 1.0
3006 3023 1.0
3025 3027 1.0
3047 3061 1.0
3087 3100 1.0
3102 3102 1.0
3125 3137 1.0
3151 3152 1.0
3164 3176 1.0
3193 3205 1.0
3226 3240 1.0
3242 3253 1.0
3268 3280 1.0
3303 3314 1.0
3331 3351 1.0
3366 3373 1.0
3375 3375 1.0
3384 3394 1.0
3410 3422 1.0
3432 3432 1.0
3434 3434 1.0
3436 3436 1.0
3439 3439 1.0
3451 3460 1.0
3480 3491 1.0
3504 3514 1.0
3517 3517 1.0
3522 3522 1.0
3524 3532 1.0
3549 3562 1.0
3579 3590 1.0
3608 3608 1.0
3610 3626 1.0
3643 3653 1.0
3662 3670 1.0
3677 3678 1.0
3696 3706 1.0
3722 3732 1.0
3747 3747 1.0
3749 3756 1.0
3759 3759 1.0
3764 3767 1.0
3769 3772 1.0
3774 3774 1.0
3779 3779 1.0
3791 3799 1.0
3811 3815 1.0
3817 3817 1.0
3832 3834 1.0
3836 3840 1.0
3851 3858 1.0
3866 3866 1.0
3882 3894 1.0
3896 3896 1.0
3919 3930 1.0
3957 3968 1.0
3986 3990 1.0
4000 4010 1.0
4027 4039 1.0
4041 4042 1.0
4061 4073 1.0
4086 4095 1.0
4112 4128 1.0
4145 4146 1.0
4148 4149 1.0
4151 4151 1.0
4158 4158 1.0
4162 4173 1.0
4192 4205 1.0
4225 4236 1.0
4245 4255 1.0
4274 4285 1.0
4311 4311 1.0
4313 4323 1.0
