24 26 1.0
40 53 1.0
75 89 1.0
108 119 1.0
132 142 1.0
155 164 1.0
177 188 1.0
191 193 1.0
200 200 1.0
205 206 1.0
209 209 1.0
224 235 1.0
237 237 1.0
241 241 1.0
255 260 1.0
268 268 1.0
271 272 1.0
283 293 1.0
304 305 1.0
320 340 1.0
350 355 1.0
367 375 1.0
387 390 1.0
392 392 1.0
396 396 1.0
401 404 1.0
416 423 1.0
435 436 1.0
438 442 1.0
444 445 1.0
447 448 1.0
450 451 1.0
454 455 1.0
473 485 1.0
489 489 1.0
495 498 1.0
503 503 1.0
509 519 1.0
540 540 1.0
542 550 1.0
552 552 1.0
561 568 1.0
580 581 1.0
583 591 1.0
593 593 1.0
595 595 1.0
603 605 1.0
608 611 1.0
630 634 1.0
636 640 1.0
642 642 1.0
649 649 1.0
652 652 1.0
654 659 1.0
668 668 1.0
670 675 1.0
687 695 1.0
707 716 1.0
728 736 1.0
746 747 1.0
749 749 1.0
761 761 1.0
763 765 1.0
770 771 1.0
773 774 1.0
787 794 1.0
799 799 1.0
807 817 1.0
831 841 1.0
850 850 1.0
853 854 1.0
857 859 1.0
861 863 1.0
866 866 1.0
875 883 1.0
885 885 1.0
906 917 1.0
924 925 1.0
928 928 1.0
931 932 1.0
934 934 1.0
937 938 1.0
950 958 1.0
974 982 1.0
984 984 1.0
986 986 1.0
988 989 1.0
991 994 1.0
1006 1018 1.0
1025 1025 1.0
1027 1028 1.0
1030 1030 1.0
1045 1055 1.0
1064 1064 1.0
1067 1068 1.0
1070 1070 1.0
1083 1091 1.0
1101 1109 1.0
1128 1137 1.0
1146 1154 1.0
1164 1165 1.0
1170 1171 1.0
1180 1180 1.0
1182 1190 1.0
1192 1192 1.0
1205 1206 1.0
1218 1223 1.0
1233 1238 1.0
1248 1256 1.0
1267 1276 1.0
1282 1282 1.0
1294 1294 1.0
1301 1301 1.0
1309 1319 1.0
1331 1331 1.0
1333 1333 1.0
1335 1338 1.0
1340 1341 1.0
1343 1343 1.0
1345 1345 1.0
1350 1350 1.0
1352 1352 1.0
1355 1355 1.0
1369 1378 1.0
1388 1391 1.0
1394 1394 1.0
1397 1397 1.0
1401 1402 1.0
1409 1409 1.0
1414 1418 1.0
1420 1425 1.0
1439 1449 1.0
1460 1469 1.0
1483 1488 1.0
1490 1493 1.0
1498 1498 1.0
1508 1508 1.0
1510 1513 1.0
1515 1515 1.0
1517 1518 1.0
1520 1520 1.0
1534 1544 1.0
1553 1557 1.0
1559 1561 1.0
1563 1564 1.0
1585 1595 1.0
1598 1599 1.0
1604 1604 1.0
1607 1609 1.0
1626 1635 1.0
1644 1651 1.0
1654 1661 1.0
1674 1675 1.0
1677 1692 1.0
1706 1716 1.0
1725 1725 1.0
1728 1728 1.0
1741 1741 1.0
1743 1743 1.0
1750 1753 1.0
1756 1756 1.0
1758 1758 1.0
1766 1774 1.0
1786 1797 1.0
1816 1826 1.0
1839 1839 1.0
1841 1841 1.0
1845 1848 1.0
1851 1851 1.0
1866 1875 1.0
1886 1886 1.0
1888 1888 1.0
1890 1890 1.0
1898 1898 1.0
1900 1900 1.0
1912 1912 1.0
1921 1928 1.0
1930 1930 1.0
1942 1950 1.0
1958 1958 1.0
1960 1963 1.0
1977 1977 1.0
1979 1985 1.0
1989 1990 1.0
2007 2008 1.0
2017 2017 1.0
2021 2031 1.0
2043 2050 1.0
2065 2068 1.0
2070 2074 1.0
2088 2088 1.0
2101 2111 1.0
2113 2113 1.0
2115 2115 1.0
2117 2117 1.0
2119 2119 1.0
2132 2138 1.0
2140 2140 1.0
2148 2148 1.0
2150 2152 1.0
2158 2161 1.0
2163 2165 1.0
2180 2189 1.0
2199 2202 1.0
2213 2218 1.0
2221 2221 1.0
2230 2230 1.0
2236 2236 1.0
2238 2240 1.0
2251 2258 1.0
2267 2275 1.0
2285 2292 1.0
2305 2315 1.0
2327 2334 1.0
2349 2349 1.0
2351 2359 1.0
2361 2361 1.0
2373 2382 1.0
2393 2405 1.0
2426 2426 1.0
2435 2435 1.0
2438 2452 1.0
2454 2455 1.0
2470 2479 1.0
2491 2498 1.0
2508 2513 1.0
2515 2521 1.0
2523 2523 1.0
2525 2525 1.0
2536 2543 1.0
2555 2565 1.0
2567 2567 1.0
2592 2602 1.0
2614 2616 1.0
2619 2619 1.0
2624 2624 1.0
2626 2630 1.0
2636 2636 1.0
2641 2646 1.0
2648 2649 1.0
2651 2651 1.0
2666 2675 1.0
2688 2689 1.0
2691 2694 1.0
2696 2696 1.0
2698 2698 1.0
2701 2702 1.0
2714 2724 1.0
2735 2740 1.0
2752 2752 1.0
2754 2755 1.0
2758 2758 1.0
2764 2764 1.0
