28 34 1.0
47 59 1.0
80 93 1.0
106 111 1.0
113 114 1.0
123 123 1.0
140 150 1.0
152 152 1.0
161 170 1.0
187 196 1.0
208 212 1.0
216 216 1.0
222 229 1.0
242 248 1.0
250 250 1.0
260 269 1.0
283 294 1.0
306 307 1.0
314 314 1.0
316 316 1.0
318 318 1.0
320 322 1.0
344 354 1.0
356 368 1.0
383 396 1.0
420 433 1.0
446 456 1.0
467 470 1.0
473 476 1.0
491 499 1.0
509 509 1.0
511 519 1.0
521 521 1.0
537 547 1.0
558 564 1.0
587 597 1.0
610 610 1.0
612 618 1.0
622 624 1.0
640 647 1.0
662 665 1.0
676 685 1.0
695 699 1.0
711 721 1.0
726 729 1.0
746 748 1.0
751 756 1.0
758 760 1.0
775 787 1.0
790 790 1.0
814 824 1.0
836 844 1.0
847 848 1.0
866 876 1.0
887 899 1.0
926 938 1.0
961 977 1.0
990 1002 1.0
1030 1034 1.0
1565 1565 1.0
3431 3431 1.0
