24 26 1.0
38 45 1.0
50 59 1.0
88 97 1.0
124 124 1.0
127 128 1.0
152 159 1.0
199 199 1.0
201 201 1.0
203 203 1.0
240 242 1.0
244 244 1.0
264 265 1.0
267 267 1.0
269 270 1.0
274 274 1.0
276 277 1.0
303 311 1.0
323 333 1.0
347 349 1.0
386 387 1.0
389 389 1.0
393 393 1.0
414 418 1.0
423 423 1.0
430 430 1.0
449 449 1.0
452 452 1.0
454 454 1.0
485 485 1.0
501 507 1.0
525 532 1.0
544 544 1.0
564 572 1.0
596 605 1.0
621 621 1.0
660 660 1.0
662 662 1.0
684 691 1.0
703 703 1.0
723 723 1.0
726 727 1.0
731 731 1.0
747 748 1.0
772 772 1.0
776 776 1.0
842 849 1.0
857 865 1.0
873 883 1.0
903 911 1.0
918 928 1.0
949 953 1.0
993 993 1.0
1016 1025 1.0
1038 1038 1.0
1041 1043 1.0
1057 1057 1.0
1081 1088 1.0
1103 1111 1.0
1136 1140 1.0
1152 1152 1.0
1174 1179 1.0
1343 1343 1.0
1345 1345 1.0
1472 1477 1.0
1504 1504 1.0
1509 1511 1.0
1513 1513 1.0
1530 1533 1.0
1566 1566 1.0
1593 1597 1.0
1599 1599 1.0
1630 1630 1.0
1654 1654 1.0
1656 1662 1.0
1676 1683 1.0
1710 1717 1.0
1750 1750 1.0
1790 1795 1.0
1798 1798 1.0
1824 1835 1.0
1890 1893 1.0
1908 1908 1.0
1927 1935 1.0
1958 1961 1.0
1963 1963 1.0
1981 1990 1.0
2025 2026 1.0
2028 2028 1.0
2033 2033 1.0
2046 2054 1.0
2067 2069 1.0
2151 2158 1.0
2181 2187 1.0
2207 2207 1.0
2259 2259 1.0
