32 42 1.0
53 62 1.0
76 87 1.0
99 102 1.0
118 126 1.0
147 156 1.0
162 162 1.0
178 188 1.0
203 207 1.0
209 209 1.0
212 212 1.0
214 214 1.0
217 217 1.0
219 227 1.0
229 229 1.0
247 258 1.0
273 280 1.0
293 301 1.0
309 311 1.0
313 317 1.0
334 344 1.0
357 366 1.0
380 404 1.0
425 437 1.0
450 458 1.0
476 488 1.0
508 518 1.0
534 534 1.0
544 544 1.0
553 553 1.0
567 567 1.0
569 579 1.0
600 612 1.0
626 637 1.0
656 656 1.0
658 669 1.0
699 710 1.0
725 731 1.0
733 733 1.0
745 747 1.0
749 755 1.0
766 770 1.0
784 796 1.0
818 819 1.0
821 827 1.0
845 856 1.0
876 886 1.0
908 908 1.0
910 911 1.0
913 918 1.0
940 952 1.0
973 984 1.0
1004 1008 1.0
1022 1022 1.0
1027 1038 1.0
1059 1069 1.0
1083 1093 1.0
1105 1106 1.0
1114 1114 1.0
1118 1122 1.0
1137 1148 1.0
1172 1184 1.0
1198 1210 1.0
1231 1242 1.0
1265 1265 1.0
1268 1268 1.0
1270 1271 1.0
1273 1274 1.0
1277 1277 1.0
1283 1296 1.0
1298 1298 1.0
1318 1330 1.0
1345 1345 1.0
1361 1382 1.0
1402 1413 1.0
1426 1432 1.0
1448 1459 1.0
1484 1496 1.0
1516 1516 1.0
1520 1548 1.0
1569 1580 1.0
1601 1627 1.0
1647 1659 1.0
1674 1687 1.0
1699 1700 1.0
1704 1704 1.0
1706 1706 1.0
1708 1708 1.0
1714 1716 1.0
1734 1745 1.0
1771 1781 1.0
1790 1798 1.0
1817 1827 1.0
1844 1844 1.0
1846 1847 1.0
1854 1854 1.0
1861 1861 1.0
1864 1864 1.0
1866 1876 1.0
1878 1878 1.0
1894 1904 1.0
1918 1923 1.0
1951 1961 1.0
1983 1994 1.0
2015 2015 1.0
2017 2017 1.0
2021 2021 1.0
2030 2030 1.0
2034 2034 1.0
2051 2056 1.0
2058 2058 1.0
2071 2081 1.0
2097 2097 1.0
2099 2107 1.0
2109 2109 1.0
2129 2129 1.0
2131 2131 1.0
2133 2133 1.0
2135 2140 1.0
2143 2143 1.0
2145 2145 1.0
2168 2178 1.0
2198 2198 1.0
2201 2202 1.0
2204 2208 1.0
2224 2224 1.0
2231 2234 1.0
2236 2240 1.0
2260 2270 1.0
2292 2302 1.0
2319 2319 1.0
2321 2321 1.0
2358 2366 1.0
2368 2368 1.0
2396 2396 1.0
2399 2399 1.0
2401 2401 1.0
2403 2403 1.0
2406 2406 1.0
2408 2409 1.0
2430 2441 1.0
2460 2461 1.0
2463 2463 1.0
2465 2465 1.0
2467 2469 1.0
2487 2494 1.0
2496 2496 1.0
2516 2527 1.0
2558 2558 1.0
2563 2563 1.0
2575 2585 1.0
2603 2613 1.0
2645 2652 1.0
2655 2655 1.0
2667 2669 1.0
2671 2676 1.0
2694 2705 1.0
2724 2734 1.0
2755 2765 1.0
2780 2788 1.0
2803 2804 1.0
2819 2819 1.0
2822 2824 1.0
2836 2847 1.0
2865 2875 1.0
2890 2896 1.0
2909 2921 1.0
2947 2958 1.0
2982 2993 1.0
2996 2996 1.0
3013 3013 1.0
3030 3038 1.0
3052 3052 1.0
3055 3056 1.0
3072 3072 1.0
3074 3085 1.0
3087 3087 1.0
3103 3113 1.0
3132 3135 1.0
3137 3138 1.0
3154 3164 1.0
3166 3166 1.0
3190 3202 1.0
3241 3249 1.0
3251 3251 1.0
3272 3282 1.0
3298 3298 1.0
3300 3300 1.0
3309 3310 1.0
3312 3314 1.0
3316 3318 1.0
3326 3326 1.0
3347 3359 1.0
3383 3383 1.0
3395 3404 1.0
3406 3406 1.0
3435 3436 1.0
3438 3442 1.0
3448 3448 1.0
3452 3458 1.0
3460 3460 1.0
3473 3488 1.0
3509 3524 1.0
3540 3544 1.0
3548 3550 1.0
3556 3558 1.0
3568 3571 1.0
3585 3586 1.0
3590 3591 1.0
3607 3617 1.0
3632 3632 1.0
3634 3635 1.0
3637 3639 1.0
3648 3648 1.0
3652 3653 1.0
3656 3656 1.0
3660 3660 1.0
