40 48 1.0
55 63 1.0
74 83 1.0
102 104 1.0
116 124 1.0
133 142 1.0
152 152 1.0
155 159 1.0
172 173 1.0
175 185 1.0
189 194 1.0
216 226 1.0
240 240 1.0
246 250 1.0
252 258 1.0
260 260 1.0
262 262 1.0
267 267 1.0
277 277 1.0
279 279 1.0
285 296 1.0
301 301 1.0
309 309 1.0
316 316 1.0
319 319 1.0
323 326 1.0
328 333 1.0
338 338 1.0
347 347 1.0
354 357 1.0
360 360 1.0
369 378 1.0
396 408 1.0
410 411 1.0
424 425 1.0
427 427 1.0
433 433 1.0
437 447 1.0
463 476 1.0
481 481 1.0
497 504 1.0
511 519 1.0
531 540 1.0
542 542 1.0
544 545 1.0
547 547 1.0
550 550 1.0
552 553 1.0
573 575 1.0
577 582 1.0
587 597 1.0
609 619 1.0
638 648 1.0
664 676 1.0
691 703 1.0
705 705 1.0
708 708 1.0
721 732 1.0
735 735 1.0
753 763 1.0
773 780 1.0
783 783 1.0
790 793 1.0
796 803 1.0
805 806 1.0
820 830 1.0
832 832 1.0
834 835 1.0
851 861 1.0
885 895 1.0
907 915 1.0
924 930 1.0
940 948 1.0
962 967 1.0
979 996 1.0
1011 1021 1.0
1032 1038 1.0
1047 1048 1.0
1050 1058 1.0
1060 1060 1.0
1074 1084 1.0
1099 1109 1.0
1119 1127 1.0
1135 1144 1.0
1155 1162 1.0
1167 1169 1.0
1176 1177 1.0
1181 1181 1.0
1183 1186 1.0
1201 1203 1.0
1205 1211 1.0
1215 1215 1.0
1221 1221 1.0
1223 1234 1.0
1247 1255 1.0
1267 1280 1.0
1296 1306 1.0
1313 1316 1.0
1319 1320 1.0
1329 1329 1.0
1333 1336 1.0
1339 1339 1.0
1341 1343 1.0
1347 1349 1.0
1351 1351 1.0
1354 1356 1.0
1361 1363 1.0
1380 1390 1.0
1394 1394 1.0
1402 1402 1.0
1406 1416 1.0
1429 1440 1.0
1459 1468 1.0
1482 1492 1.0
1501 1501 1.0
1504 1511 1.0
1513 1513 1.0
1527 1527 1.0
1529 1539 1.0
1555 1566 1.0
1586 1599 1.0
1612 1619 1.0
1634 1644 1.0
1669 1678 1.0
1684 1684 1.0
1686 1686 1.0
1688 1688 1.0
1690 1691 1.0
1703 1713 1.0
1722 1722 1.0
1724 1732 1.0
1739 1739 1.0
1747 1758 1.0
1780 1791 1.0
1793 1793 1.0
1807 1807 1.0
1809 1814 1.0
1816 1817 1.0
1826 1826 1.0
1829 1839 1.0
1846 1847 1.0
1858 1867 1.0
1881 1881 1.0
1883 1883 1.0
1885 1898 1.0
1910 1915 1.0
1918 1918 1.0
1932 1940 1.0
1942 1942 1.0
1952 1952 1.0
1954 1954 1.0
1957 1957 1.0
1959 1963 1.0
1966 1967 1.0
1979 1979 1.0
1987 1988 1.0
1991 2002 1.0
3372 3372 1.0
