24 32 1.0
37 37 1.0
55 66 1.0
80 96 1.0
124 137 1.0
151 159 1.0
170 179 1.0
198 215 1.0
229 239 1.0
250 255 1.0
265 265 1.0
278 287 1.0
304 308 1.0
311 314 1.0
319 322 1.0
325 327 1.0
342 348 1.0
364 375 1.0
395 406 1.0
417 423 1.0
449 451 1.0
464 464 1.0
474 482 1.0
493 493 1.0
496 500 1.0
506 506 1.0
517 521 1.0
536 546 1.0
565 571 1.0
584 585 1.0
587 587 1.0
605 610 1.0
636 643 1.0
654 663 1.0
677 681 1.0
696 706 1.0
726 729 1.0
734 736 1.0
749 751 1.0
770 777 1.0
793 796 1.0
803 803 1.0
809 810 1.0
812 822 1.0
835 845 1.0
854 861 1.0
872 883 1.0
897 908 1.0
912 920 1.0
932 932 1.0
941 942 1.0
944 944 1.0
947 949 1.0
951 951 1.0
954 956 1.0
970 980 1.0
996 1001 1.0
1003 1010 1.0
1025 1034 1.0
1045 1054 1.0
1068 1068 1.0
1071 1072 1.0
1084 1094 1.0
1107 1117 1.0
1127 1129 1.0
1159 1165 1.0
1178 1184 1.0
1198 1206 1.0
1218 1228 1.0
1230 1230 1.0
1244 1253 1.0
1267 1278 1.0
1284 1287 1.0
1295 1304 1.0
1319 1329 1.0
1340 1346 1.0
1357 1366 1.0
1393 1404 1.0
1424 1433 1.0
1463 1473 1.0
1477 1477 1.0
1479 1479 1.0
1482 1482 1.0
1484 1489 1.0
1508 1518 1.0
1530 1533 1.0
1543 1553 1.0
1555 1556 1.0
1558 1565 1.0
1580 1591 1.0
1603 1612 1.0
1637 1646 1.0
1648 1650 1.0
1665 1665 1.0
1677 1687 1.0
1704 1704 1.0
1711 1712 1.0
1735 1747 1.0
1765 1774 1.0
1788 1788 1.0
1793 1802 1.0
1817 1827 1.0
1839 1842 1.0
1844 1844 1.0
1848 1853 1.0
1866 1875 1.0
1886 1893 1.0
1900 1903 1.0
1905 1905 1.0
1919 1930 1.0
1942 1942 1.0
1944 1946 1.0
1949 1949 1.0
1961 1973 1.0
1988 1998 1.0
2025 2040 1.0
2051 2060 1.0
2070 2077 1.0
2088 2093 1.0
2106 2106 1.0
2108 2115 1.0
2118 2119 1.0
2128 2128 1.0
2131 2132 1.0
2146 2152 1.0
2179 2190 1.0
2204 2207 1.0
2218 2227 1.0
2240 2241 1.0
2257 2269 1.0
2288 2293 1.0
2295 2298 1.0
2304 2305 1.0
2313 2323 1.0
2337 2340 1.0
2349 2357 1.0
2367 2373 1.0
2384 2390 1.0
2400 2409 1.0
2422 2422 1.0
2432 2437 1.0
2450 2453 1.0
2458 2460 1.0
2467 2467 1.0
2472 2473 1.0
2486 2486 1.0
2488 2493 1.0
2495 2496 1.0
2498 2498 1.0
2521 2531 1.0
2551 2562 1.0
2578 2578 1.0
2588 2602 1.0
2616 2627 1.0
2648 2660 1.0
2674 2685 1.0
2695 2697 1.0
2707 2713 1.0
2723 2731 1.0
2743 2753 1.0
2762 2762 1.0
2765 2767 1.0
2778 2786 1.0
2799 2808 1.0
2819 2828 1.0
2852 2863 1.0
2878 2887 1.0
2899 2908 1.0
2921 2922 1.0
2924 2924 1.0
2926 2926 1.0
2928 2928 1.0
2945 2959 1.0
2962 2964 1.0
2978 2979 1.0
2981 2981 1.0
2991 2997 1.0
3008 3018 1.0
3050 3056 1.0
3069 3070 1.0
3074 3078 1.0
3090 3099 1.0
3109 3112 1.0
3126 3137 1.0
3142 3143 1.0
3157 3159 1.0
3172 3182 1.0
3193 3203 1.0
3214 3217 1.0
3351 3351 1.0
