49 60 1.0
75 85 1.0
104 117 1.0
128 139 1.0
153 153 1.0
157 161 1.0
163 163 1.0
165 171 1.0
186 198 1.0
215 222 1.0
233 243 1.0
267 276 1.0
286 295 1.0
316 335 1.0
343 343 1.0
346 348 1.0
363 373 1.0
375 375 1.0
377 381 1.0
396 398 1.0
401 405 1.0
427 436 1.0
449 451 1.0
453 453 1.0
463 473 1.0
499 508 1.0
521 531 1.0
547 556 1.0
560 560 1.0
562 569 1.0
582 591 1.0
604 608 1.0
622 631 1.0
646 657 1.0
667 667 1.0
683 689 1.0
702 710 1.0
720 729 1.0
748 759 1.0
772 783 1.0
806 813 1.0
823 831 1.0
843 843 1.0
857 870 1.0
890 892 1.0
908 908 1.0
911 911 1.0
925 934 1.0
946 949 1.0
952 953 1.0
965 975 1.0
983 983 1.0
985 990 1.0
994 995 1.0
1002 1004 1.0
1016 1030 1.0
1041 1043 1.0
1065 1075 1.0
1096 1096 1.0
1098 1098 1.0
1111 1111 1.0
1118 1118 1.0
1120 1121 1.0
1130 1137 1.0
1150 1161 1.0
1183 1187 1.0
1192 1202 1.0
1215 1225 1.0
1236 1245 1.0
1258 1263 1.0
1273 1282 1.0
1294 1305 1.0
1319 1328 1.0
1339 1340 1.0
1342 1342 1.0
1356 1366 1.0
1382 1391 1.0
1400 1403 1.0
1405 1406 1.0
1408 1408 1.0
1421 1436 1.0
1448 1458 1.0
1463 1463 1.0
1465 1465 1.0
1468 1468 1.0
1470 1470 1.0
1485 1496 1.0
1500 1504 1.0
1514 1521 1.0
1533 1536 1.0
1550 1556 1.0
1568 1573 1.0
1578 1579 1.0
1595 1602 1.0
1613 1617 1.0
1628 1638 1.0
1656 1664 1.0
1687 1687 1.0
1689 1696 1.0
1707 1709 1.0
1723 1723 1.0
1725 1730 1.0
1756 1760 1.0
1763 1766 1.0
1772 1774 1.0
1776 1780 1.0
1789 1796 1.0
1817 1829 1.0
1842 1850 1.0
1864 1875 1.0
1888 1896 1.0
1906 1915 1.0
1927 1934 1.0
1947 1957 1.0
1972 1984 1.0
2001 2001 1.0
2003 2010 1.0
2022 2025 1.0
2039 2048 1.0
2060 2067 1.0
2085 2085 1.0
2087 2087 1.0
2089 2097 1.0
2113 2126 1.0
2153 2165 1.0
2180 2192 1.0
2196 2200 1.0
2218 2223 1.0
3573 3573 1.0
