29 36 1.0
50 61 1.0
73 83 1.0
93 101 1.0
112 117 1.0
123 126 1.0
128 133 1.0
138 138 1.0
152 163 1.0
177 186 1.0
195 203 1.0
217 227 1.0
240 249 1.0
259 267 1.0
284 292 1.0
302 302 1.0
304 318 1.0
334 344 1.0
354 359 1.0
373 383 1.0
392 401 1.0
413 418 1.0
420 423 1.0
436 441 1.0
453 462 1.0
474 475 1.0
491 492 1.0
494 494 1.0
496 506 1.0
522 531 1.0
539 540 1.0
545 548 1.0
552 555 1.0
560 569 1.0
575 584 1.0
597 610 1.0
628 637 1.0
647 655 1.0
665 671 1.0
684 691 1.0
699 706 1.0
709 719 1.0
734 744 1.0
755 762 1.0
774 777 1.0
780 783 1.0
789 792 1.0
795 801 1.0
816 827 1.0
830 832 1.0
835 842 1.0
862 873 1.0
887 893 1.0
900 910 1.0
925 935 1.0
944 944 1.0
946 946 1.0
953 963 1.0
971 981 1.0
996 1008 1.0
1020 1025 1.0
1027 1028 1.0
1042 1052 1.0
1059 1061 1.0
1064 1065 1.0
1074 1082 1.0
1094 1106 1.0
1128 1142 1.0
1145 1146 1.0
1163 1176 1.0
1193 1202 1.0
1211 1217 1.0
1229 1238 1.0
1241 1243 1.0
1247 1249 1.0
1256 1256 1.0
1261 1261 1.0
1270 1270 1.0
1276 1277 1.0
1279 1279 1.0
1293 1302 1.0
1317 1328 1.0
1353 1353 1.0
1356 1360 1.0
1365 1366 1.0
1368 1375 1.0
1377 1378 1.0
1391 1402 1.0
1418 1421 1.0
1433 1435 1.0
1437 1443 1.0
1447 1449 1.0
1460 1469 1.0
1480 1480 1.0
1484 1485 1.0
1487 1488 1.0
1491 1494 1.0
1497 1498 1.0
1500 1500 1.0
1506 1507 1.0
1520 1525 1.0
1527 1528 1.0
1530 1530 1.0
1537 1537 1.0
1540 1547 1.0
1560 1564 1.0
1575 1584 1.0
1598 1598 1.0
1600 1606 1.0
1608 1608 1.0
1620 1631 1.0
1646 1646 1.0
1648 1661 1.0
1677 1688 1.0
1704 1715 1.0
1719 1719 1.0
1737 1748 1.0
1759 1763 1.0
1779 1788 1.0
1794 1804 1.0
1816 1825 1.0
1844 1853 1.0
1868 1884 1.0
1900 1904 1.0
1916 1925 1.0
1936 1945 1.0
1957 1967 1.0
1984 1993 1.0
2005 2012 1.0
2024 2035 1.0
2038 2045 1.0
2051 2053 1.0
2058 2060 1.0
2067 2068 1.0
2084 2096 1.0
2111 2121 1.0
2133 2143 1.0
2156 2168 1.0
2171 2171 1.0
2185 2190 1.0
2199 2208 1.0
2219 2228 1.0
2239 2250 1.0
2252 2257 1.0
