25 38 1.0
52 63 1.0
72 82 1.0
97 108 1.0
123 123 1.0
128 130 1.0
141 152 1.0
166 171 1.0
174 184 1.0
197 206 1.0
217 224 1.0
247 257 1.0
259 260 1.0
265 269 1.0
272 272 1.0
274 282 1.0
295 305 1.0
314 320 1.0
333 344 1.0
359 369 1.0
382 393 1.0
408 428 1.0
430 430 1.0
443 452 1.0
463 463 1.0
465 469 1.0
472 472 1.0
481 497 1.0
499 501 1.0
515 528 1.0
545 546 1.0
550 550 1.0
552 563 1.0
573 573 1.0
575 583 1.0
594 602 1.0
616 621 1.0
626 626 1.0
633 633 1.0
635 637 1.0
639 645 1.0
649 649 1.0
651 651 1.0
653 653 1.0
668 677 1.0
683 691 1.0
700 706 1.0
716 720 1.0
736 744 1.0
753 758 1.0
766 775 1.0
794 794 1.0
797 799 1.0
804 804 1.0
806 807 1.0
810 821 1.0
837 849 1.0
863 875 1.0
897 905 1.0
917 927 1.0
941 944 1.0
948 948 1.0
957 965 1.0
979 989 1.0
998 1006 1.0
1013 1016 1.0
1018 1022 1.0
1037 1041 1.0
1043 1054 1.0
1070 1081 1.0
1093 1103 1.0
1115 1125 1.0
1142 1153 1.0
1166 1175 1.0
1189 1202 1.0
1214 1225 1.0
1238 1249 1.0
1260 1269 1.0
1273 1283 1.0
1296 1305 1.0
1316 1326 1.0
1336 1339 1.0
1349 1358 1.0
1368 1375 1.0
1387 1398 1.0
1410 1422 1.0
1426 1426 1.0
1441 1450 1.0
1462 1471 1.0
1483 1494 1.0
1510 1518 1.0
1528 1538 1.0
1557 1565 1.0
1577 1586 1.0
1597 1604 1.0
1606 1606 1.0
1609 1609 1.0
1625 1635 1.0
1649 1659 1.0
1671 1683 1.0
1708 1709 1.0
1715 1716 1.0
1718 1726 1.0
1728 1729 1.0
1742 1752 1.0
1759 1759 1.0
1762 1764 1.0
1775 1783 1.0
1793 1802 1.0
1815 1824 1.0
1827 1827 1.0
1829 1839 1.0
1856 1869 1.0
1882 1891 1.0
1909 1924 1.0
1940 1943 1.0
1945 1945 1.0
1950 1950 1.0
1953 1964 1.0
1980 1982 1.0
1984 1996 1.0
1999 2000 1.0
2002 2003 1.0
2024 2037 1.0
2051 2063 1.0
2072 2072 1.0
2077 2077 1.0
2092 2103 1.0
2119 2146 1.0
2148 2148 1.0
2150 2150 1.0
2166 2177 1.0
2190 2200 1.0
2210 2220 1.0
2232 2244 1.0
2262 2272 1.0
2282 2289 1.0
2291 2305 1.0
2322 2337 1.0
2369 2381 1.0
2399 2412 1.0
2424 2429 1.0
2439 2450 1.0
2467 2478 1.0
2490 2503 1.0
2505 2514 1.0
2531 2543 1.0
2556 2566 1.0
2581 2595 1.0
2607 2618 1.0
2626 2628 1.0
2630 2636 1.0
2652 2663 1.0
2675 2680 1.0
2691 2702 1.0
2716 2718 1.0
2723 2734 1.0
2748 2759 1.0
2768 2768 1.0
2782 2792 1.0
2809 2815 1.0
2826 2836 1.0
2847 2848 1.0
2854 2864 1.0
2876 2882 1.0
2884 2886 1.0
2898 2904 1.0
2925 2934 1.0
2946 2954 1.0
2966 2966 1.0
2968 2974 1.0
2978 2981 1.0
2987 2991 1.0
2993 2995 1.0
3006 3015 1.0
3026 3032 1.0
3044 3048 1.0
3052 3053 1.0
3059 3068 1.0
3080 3080 1.0
3085 3088 1.0
3100 3110 1.0
3121 3121 1.0
3126 3131 1.0
3143 3150 1.0
3162 3172 1.0
3184 3193 1.0
3204 3204 1.0
3206 3206 1.0
3209 3210 1.0
3216 3226 1.0
3240 3250 1.0
3259 3259 1.0
3262 3264 1.0
3266 3266 1.0
3268 3268 1.0
3271 3271 1.0
3275 3276 1.0
3278 3278 1.0
3292 3300 1.0
3313 3316 1.0
3318 3325 1.0
3331 3333 1.0
3337 3338 1.0
3350 3360 1.0
3376 3376 1.0
3378 3389 1.0
3392 3392 1.0
3401 3401 1.0
3404 3408 1.0
3420 3428 1.0
3439 3448 1.0
3452 3453 1.0
3456 3456 1.0
3458 3458 1.0
3460 3462 1.0
3477 3488 1.0
3500 3511 1.0
3523 3525 1.0
3527 3527 1.0
3529 3532 1.0
3537 3537 1.0
3549 3555 1.0
3557 3557 1.0
3559 3559 1.0
3567 3567 1.0
3574 3575 1.0
3577 3584 1.0
3587 3588 1.0
3591 3591 1.0
3610 3621 1.0
3634 3640 1.0
3649 3659 1.0
3679 3689 1.0
3708 3708 1.0
3710 3722 1.0
3726 3727 1.0
3748 3758 1.0
3770 3779 1.0
3785 3794 1.0
3807 3823 1.0
3835 3845 1.0
3854 3864 1.0
3876 3889 1.0
3902 3902 1.0
3904 3910 1.0
3914 3914 1.0
3923 3924 1.0
3927 3934 1.0
3937 3937 1.0
3943 3948 1.0
3971 3983 1.0
3997 4007 1.0
4016 4016 1.0
4023 4026 1.0
4028 4030 1.0
4042 4043 1.0
4045 4051 1.0
4064 4074 1.0
4085 4096 1.0
4114 4129 1.0
4144 4156 1.0
4164 4171 1.0
4185 4196 1.0
4221 4235 1.0
4238 4240 1.0
4256 4266 1.0
4275 4285 1.0
4300 4307 1.0
4320 4324 1.0
