28 30 1.0
32 36 1.0
47 50 1.0
65 65 1.0
68 68 1.0
83 93 1.0
99 99 1.0
115 119 1.0
121 125 1.0
144 151 1.0
163 168 1.0
182 191 1.0
201 202 1.0
204 211 1.0
223 230 1.0
242 242 1.0
254 257 1.0
259 259 1.0
271 271 1.0
281 281 1.0
283 284 1.0
286 286 1.0
308 311 1.0
323 327 1.0
331 331 1.0
339 341 1.0
353 354 1.0
361 361 1.0
366 368 1.0
376 376 1.0
380 380 1.0
392 392 1.0
394 394 1.0
396 396 1.0
421 424 1.0
458 469 1.0
472 472 1.0
497 497 1.0
499 505 1.0
515 515 1.0
517 517 1.0
529 530 1.0
542 552 1.0
574 584 1.0
605 614 1.0
634 637 1.0
641 643 1.0
661 661 1.0
663 663 1.0
673 673 1.0
687 688 1.0
691 692 1.0
706 713 1.0
728 737 1.0
747 747 1.0
751 751 1.0
768 769 1.0
775 775 1.0
781 784 1.0
796 801 1.0
813 815 1.0
827 827 1.0
830 831 1.0
844 848 1.0
860 860 1.0
867 867 1.0
870 870 1.0
884 885 1.0
887 889 1.0
901 901 1.0
906 907 1.0
914 916 1.0
918 918 1.0
922 923 1.0
926 928 1.0
945 955 1.0
965 965 1.0
969 975 1.0
979 979 1.0
995 1001 1.0
1013 1013 1.0
1015 1016 1.0
1019 1022 1.0
1025 1025 1.0
1038 1039 1.0
1053 1054 1.0
1059 1059 1.0
1069 1069 1.0
1071 1071 1.0
1075 1075 1.0
1084 1084 1.0
1098 1103 1.0
1105 1105 1.0
1107 1107 1.0
1122 1131 1.0
1143 1152 1.0
1165 1174 1.0
1182 1182 1.0
1203 1203 1.0
1209 1210 1.0
1212 1212 1.0
1217 1220 1.0
1222 1222 1.0
1231 1237 1.0
1245 1245 1.0
1247 1251 1.0
1262 1271 1.0
1285 1286 1.0
1288 1289 1.0
1302 1309 1.0
1316 1317 1.0
1320 1321 1.0
1334 1340 1.0
1353 1356 1.0
1359 1364 1.0
1383 1398 1.0
1410 1420 1.0
1423 1423 1.0
1444 1455 1.0
1461 1462 1.0
1480 1483 1.0
1486 1487 1.0
1510 1518 1.0
1526 1526 1.0
1528 1530 1.0
1532 1532 1.0
1538 1538 1.0
1542 1542 1.0
1562 1567 1.0
1579 1583 1.0
1595 1595 1.0
1597 1597 1.0
1609 1609 1.0
1611 1613 1.0
1619 1619 1.0
1631 1632 1.0
1634 1640 1.0
1644 1647 1.0
1668 1671 1.0
1673 1678 1.0
1680 1683 1.0
1689 1689 1.0
1695 1699 1.0
1701 1705 1.0
1717 1717 1.0
1735 1744 1.0
1764 1773 1.0
1784 1793 1.0
1807 1814 1.0
1836 1838 1.0
1840 1840 1.0
1842 1842 1.0
1850 1850 1.0
1855 1857 1.0
1881 1883 1.0
1885 1891 1.0
1914 1921 1.0
1944 1947 1.0
1949 1952 1.0
1964 1973 1.0
1985 1987 1.0
1994 1994 1.0
2000 2001 1.0
2003 2004 1.0
2007 2007 1.0
2017 2017 1.0
2020 2031 1.0
2045 2050 1.0
2061 2061 1.0
2063 2064 1.0
2069 2073 1.0
2076 2078 1.0
2091 2102 1.0
2105 2107 1.0
2121 2123 1.0
2135 2136 1.0
2138 2138 1.0
2141 2145 1.0
2158 2158 1.0
2163 2164 1.0
2170 2170 1.0
2182 2186 1.0
2188 2189 1.0
2203 2206 1.0
2219 2224 1.0
2237 2241 1.0
2244 2249 1.0
2263 2271 1.0
2289 2289 1.0
2291 2291 1.0
2298 2298 1.0
2306 2306 1.0
2323 2324 1.0
2326 2327 1.0
2330 2330 1.0
2332 2333 1.0
2336 2336 1.0
2349 2358 1.0
2365 2372 1.0
2393 2395 1.0
2397 2403 1.0
2407 2408 1.0
2423 2423 1.0
2425 2425 1.0
2428 2432 1.0
2451 2461 1.0
2463 2463 1.0
2482 2483 1.0
2488 2488 1.0
2500 2508 1.0
2524 2524 1.0
2526 2526 1.0
2548 2557 1.0
2569 2571 1.0
2577 2577 1.0
2579 2579 1.0
2583 2585 1.0
2587 2587 1.0
2610 2610 1.0
2612 2612 1.0
2614 2614 1.0
2626 2635 1.0
2645 2645 1.0
2669 2669 1.0
2671 2671 1.0
2674 2674 1.0
2689 2699 1.0
2709 2711 1.0
2739 2748 1.0
2767 2767 1.0
2770 2773 1.0
2776 2776 1.0
2788 2789 1.0
2811 2814 1.0
2827 2827 1.0
2829 2829 1.0
2839 2841 1.0
2843 2843 1.0
2858 2858 1.0
2861 2865 1.0
2877 2885 1.0
2901 2901 1.0
2903 2907 1.0
2916 2916 1.0
2919 2921 1.0
2943 2947 1.0
2959 2961 1.0
2963 2965 1.0
2980 2981 1.0
2984 2985 1.0
2987 2987 1.0
2995 2995 1.0
3007 3007 1.0
3012 3012 1.0
3020 3023 1.0
3038 3047 1.0
3064 3064 1.0
3079 3086 1.0
3088 3088 1.0
3107 3107 1.0
3110 3115 1.0
3128 3128 1.0
3140 3140 1.0
3143 3143 1.0
3147 3147 1.0
3169 3169 1.0
3177 3183 1.0
3201 3210 1.0
