40 42 1.0
63 64 1.0
67 71 1.0
82 86 1.0
167 167 1.0
226 226 1.0
229 229 1.0
264 269 1.0
281 281 1.0
305 305 1.0
307 308 1.0
310 310 1.0
319 319 1.0
334 350 1.0
371 380 1.0
393 394 1.0
447 457 1.0
480 480 1.0
496 500 1.0
502 506 1.0
511 511 1.0
578 586 1.0
615 620 1.0
663 663 1.0
706 710 1.0
884 894 1.0
905 914 1.0
917 918 1.0
938 938 1.0
940 940 1.0
955 955 1.0
974 979 1.0
995 998 1.0
1000 1000 1.0
1025 1025 1.0
1092 1092 1.0
1094 1096 1.0
1100 1100 1.0
1116 1124 1.0
1139 1139 1.0
1169 1169 1.0
1175 1185 1.0
1199 1210 1.0
1228 1238 1.0
1282 1283 1.0
1287 1287 1.0
1310 1312 1.0
1325 1328 1.0
1369 1369 1.0
1396 1403 1.0
1461 1467 1.0
1479 1483 1.0
1609 1611 1.0
1613 1613 1.0
1633 1642 1.0
1663 1666 1.0
1680 1680 1.0
1702 1707 1.0
1750 1751 1.0
1788 1788 1.0
1790 1801 1.0
1823 1823 1.0
1835 1845 1.0
1876 1883 1.0
1893 1902 1.0
1944 1946 1.0
1950 1954 1.0
1956 1956 1.0
1958 1959 1.0
1985 1985 1.0
2011 2011 1.0
2036 2036 1.0
2055 2056 1.0
2074 2076 1.0
2078 2082 1.0
2136 2141 1.0
2181 2181 1.0
2196 2197 1.0
2222 2229 1.0
