24 29 1.0
45 51 1.0
62 68 1.0
77 83 1.0
95 103 1.0
118 128 1.0
139 142 1.0
144 144 1.0
147 148 1.0
151 151 1.0
154 154 1.0
160 161 1.0
163 163 1.0
168 168 1.0
174 182 1.0
198 208 1.0
223 227 1.0
230 230 1.0
239 246 1.0
249 249 1.0
259 259 1.0
271 273 1.0
280 282 1.0
284 290 1.0
298 300 1.0
312 315 1.0
317 317 1.0
328 333 1.0
336 336 1.0
346 353 1.0
361 361 1.0
364 369 1.0
381 381 1.0
386 387 1.0
391 391 1.0
399 399 1.0
403 404 1.0
416 416 1.0
426 426 1.0
429 429 1.0
431 436 1.0
438 441 1.0
464 475 1.0
500 502 1.0
504 514 1.0
519 520 1.0
526 527 1.0
533 533 1.0
536 536 1.0
539 540 1.0
542 542 1.0
554 554 1.0
556 561 1.0
575 580 1.0
582 583 1.0
585 585 1.0
588 588 1.0
592 592 1.0
605 610 1.0
613 613 1.0
621 630 1.0
641 647 1.0
657 664 1.0
676 676 1.0
679 685 1.0
697 704 1.0
714 717 1.0
728 729 1.0
733 736 1.0
742 745 1.0
748 748 1.0
755 755 1.0
757 767 1.0
782 792 1.0
805 809 1.0
811 812 1.0
824 827 1.0
832 832 1.0
839 839 1.0
841 842 1.0
845 846 1.0
848 848 1.0
854 855 1.0
858 858 1.0
860 860 1.0
865 865 1.0
867 870 1.0
872 872 1.0
874 875 1.0
877 877 1.0
884 884 1.0
890 891 1.0
893 903 1.0
916 926 1.0
937 938 1.0
940 941 1.0
943 944 1.0
946 947 1.0
950 950 1.0
953 953 1.0
967 983 1.0
985 985 1.0
987 990 1.0
1004 1012 1.0
1014 1014 1.0
1023 1024 1.0
1028 1032 1.0
1036 1038 1.0
1045 1046 1.0
1049 1054 1.0
1056 1056 1.0
1064 1064 1.0
1066 1066 1.0
1068 1068 1.0
1080 1086 1.0
1090 1090 1.0
1103 1113 1.0
1130 1130 1.0
1132 1132 1.0
1136 1139 1.0
1142 1142 1.0
1162 1169 1.0
1181 1191 1.0
1214 1214 1.0
1216 1224 1.0
1234 1241 1.0
1253 1253 1.0
1255 1265 1.0
1279 1288 1.0
1301 1312 1.0
1325 1327 1.0
1329 1335 1.0
1337 1337 1.0
1339 1339 1.0
1350 1351 1.0
1353 1356 1.0
1359 1359 1.0
1363 1363 1.0
1368 1369 1.0
1372 1374 1.0
1377 1377 1.0
1379 1379 1.0
1386 1387 1.0
1389 1389 1.0
1392 1393 1.0
1395 1395 1.0
1398 1399 1.0
1401 1401 1.0
1411 1411 1.0
1413 1414 1.0
1419 1419 1.0
1423 1423 1.0
1431 1431 1.0
1437 1439 1.0
1441 1441 1.0
1443 1446 1.0
1450 1450 1.0
1453 1453 1.0
1455 1455 1.0
1458 1459 1.0
1462 1462 1.0
1465 1465 1.0
1467 1469 1.0
1471 1472 1.0
1474 1474 1.0
1487 1495 1.0
1506 1510 1.0
1512 1514 1.0
1527 1527 1.0
1529 1530 1.0
1539 1539 1.0
1542 1549 1.0
1552 1552 1.0
1555 1564 1.0
1580 1591 1.0
1593 1594 1.0
1598 1598 1.0
1606 1615 1.0
1632 1648 1.0
1660 1660 1.0
1668 1670 1.0
1674 1676 1.0
1681 1685 1.0
1687 1691 1.0
1696 1696 1.0
1709 1711 1.0
1713 1714 1.0
1717 1719 1.0
1722 1724 1.0
1726 1726 1.0
1741 1746 1.0
1748 1748 1.0
1750 1751 1.0
1764 1768 1.0
1780 1790 1.0
1793 1794 1.0
1810 1818 1.0
1830 1844 1.0
1854 1854 1.0
1856 1856 1.0
1859 1862 1.0
1875 1875 1.0
1879 1891 1.0
1903 1903 1.0
1905 1911 1.0
1924 1930 1.0
1932 1932 1.0
1939 1939 1.0
1941 1947 1.0
1951 1951 1.0
1955 1956 1.0
1972 1972 1.0
1977 1981 1.0
1983 1991 1.0
1993 1993 1.0
1998 1999 1.0
2008 2008 1.0
2013 2018 1.0
2038 2048 1.0
2052 2052 1.0
2057 2057 1.0
2059 2060 1.0
2067 2067 1.0
2081 2094 1.0
2110 2125 1.0
2129 2129 1.0
2146 2156 1.0
2171 2172 1.0
2174 2181 1.0
2193 2201 1.0
2215 2225 1.0
2227 2227 1.0
3333 3333 1.0
