24 26 1.0
38 38 1.0
40 40 1.0
42 44 1.0
46 52 1.0
63 71 1.0
82 87 1.0
99 105 1.0
123 132 1.0
144 153 1.0
163 170 1.0
189 199 1.0
214 224 1.0
237 237 1.0
247 247 1.0
249 250 1.0
252 254 1.0
262 262 1.0
266 266 1.0
286 294 1.0
307 307 1.0
309 309 1.0
312 317 1.0
319 319 1.0
321 321 1.0
325 325 1.0
339 347 1.0
349 349 1.0
365 371 1.0
373 373 1.0
375 375 1.0
383 383 1.0
388 389 1.0
391 398 1.0
413 423 1.0
427 428 1.0
431 436 1.0
438 441 1.0
456 458 1.0
460 460 1.0
462 462 1.0
472 479 1.0
481 481 1.0
491 491 1.0
493 493 1.0
495 497 1.0
499 500 1.0
509 509 1.0
514 524 1.0
537 538 1.0
540 547 1.0
562 568 1.0
582 592 1.0
610 620 1.0
622 623 1.0
625 625 1.0
640 641 1.0
643 645 1.0
649 650 1.0
652 653 1.0
656 659 1.0
666 666 1.0
679 689 1.0
715 715 1.0
717 719 1.0
721 725 1.0
727 728 1.0
730 731 1.0
742 750 1.0
756 756 1.0
764 765 1.0
768 768 1.0
770 770 1.0
783 794 1.0
796 796 1.0
816 826 1.0
845 850 1.0
853 855 1.0
861 863 1.0
865 866 1.0
879 883 1.0
885 891 1.0
893 894 1.0
908 908 1.0
910 916 1.0
927 935 1.0
942 942 1.0
944 949 1.0
951 951 1.0
961 961 1.0
977 981 1.0
983 984 1.0
993 993 1.0
996 1003 1.0
1005 1006 1.0
1021 1030 1.0
1042 1048 1.0
1050 1050 1.0
1056 1056 1.0
1060 1060 1.0
1062 1064 1.0
1068 1070 1.0
1076 1077 1.0
1082 1082 1.0
1084 1085 1.0
1088 1094 1.0
1106 1114 1.0
1117 1117 1.0
1121 1121 1.0
1127 1127 1.0
1129 1129 1.0
1132 1137 1.0
1139 1139 1.0
1147 1147 1.0
1149 1149 1.0
1151 1156 1.0
1177 1178 1.0
1180 1188 1.0
1190 1190 1.0
1196 1200 1.0
1204 1204 1.0
1224 1224 1.0
1228 1229 1.0
1234 1234 1.0
1237 1237 1.0
1241 1244 1.0
1247 1247 1.0
1249 1253 1.0
1257 1257 1.0
1260 1261 1.0
1284 1290 1.0
1292 1294 1.0
1296 1302 1.0
1304 1304 1.0
1318 1327 1.0
1334 1334 1.0
1336 1336 1.0
1338 1339 1.0
1341 1342 1.0
1344 1344 1.0
1350 1354 1.0
1357 1358 1.0
1375 1376 1.0
1378 1385 1.0
1387 1388 1.0
1390 1390 1.0
1394 1394 1.0
1396 1396 1.0
1407 1417 1.0
1436 1443 1.0
1445 1447 1.0
1451 1452 1.0
1454 1457 1.0
1459 1460 1.0
1478 1487 1.0
1501 1501 1.0
1507 1507 1.0
1513 1515 1.0
1517 1517 1.0
1519 1523 1.0
1535 1535 1.0
1538 1541 1.0
1545 1547 1.0
1555 1555 1.0
1559 1559 1.0
1568 1577 1.0
1582 1582 1.0
1585 1585 1.0
1588 1590 1.0
1594 1594 1.0
1597 1597 1.0
1609 1614 1.0
1627 1637 1.0
1644 1644 1.0
1649 1649 1.0
1651 1651 1.0
1653 1653 1.0
1661 1661 1.0
1666 1666 1.0
1668 1668 1.0
1673 1673 1.0
1675 1676 1.0
1680 1680 1.0
1682 1682 1.0
1688 1690 1.0
1692 1692 1.0
1697 1698 1.0
1700 1700 1.0
1702 1703 1.0
1705 1707 1.0
1710 1710 1.0
1718 1718 1.0
1722 1725 1.0
1737 1740 1.0
1746 1747 1.0
1750 1750 1.0
1752 1756 1.0
1770 1770 1.0
1772 1772 1.0
1774 1774 1.0
1784 1791 1.0
1798 1798 1.0
1800 1800 1.0
1802 1808 1.0
1824 1834 1.0
1837 1838 1.0
1851 1859 1.0
1876 1877 1.0
1882 1883 1.0
1885 1886 1.0
1889 1889 1.0
1895 1895 1.0
1899 1899 1.0
1901 1901 1.0
1903 1904 1.0
1911 1911 1.0
1913 1913 1.0
1916 1918 1.0
1920 1921 1.0
1923 1923 1.0
1925 1925 1.0
1928 1928 1.0
1930 1930 1.0
1940 1940 1.0
1950 1950 1.0
1954 1954 1.0
1957 1958 1.0
1960 1964 1.0
1966 1970 1.0
1972 1973 1.0
1993 1999 1.0
2004 2004 1.0
2009 2014 1.0
2027 2027 1.0
2029 2035 1.0
2037 2037 1.0
2047 2050 1.0
2052 2053 1.0
2055 2058 1.0
2060 2065 1.0
2068 2068 1.0
2086 2096 1.0
2109 2119 1.0
2131 2131 1.0
2133 2133 1.0
2135 2135 1.0
2137 2137 1.0
2152 2153 1.0
2155 2157 1.0
2159 2162 1.0
2165 2165 1.0
2172 2172 1.0
2174 2174 1.0
2177 2186 1.0
2189 2189 1.0
2210 2219 1.0
2221 2221 1.0
2231 2231 1.0
2233 2233 1.0
2235 2235 1.0
2237 2237 1.0
2249 2259 1.0
2264 2264 1.0
2267 2267 1.0
2272 2272 1.0
2280 2282 1.0
2284 2288 1.0
2294 2294 1.0
2300 2300 1.0
2316 2322 1.0
2324 2326 1.0
2328 2329 1.0
2331 2334 1.0
2353 2362 1.0
2366 2366 1.0
2374 2375 1.0
2379 2389 1.0
2393 2393 1.0
2409 2409 1.0
2411 2424 1.0
2426 2426 1.0
2428 2429 1.0
2431 2432 1.0
2448 2458 1.0
2466 2466 1.0
2469 2469 1.0
2471 2471 1.0
2475 2476 1.0
2479 2479 1.0
2481 2481 1.0
2494 2502 1.0
2504 2504 1.0
2514 2514 1.0
2517 2518 1.0
2533 2543 1.0
2569 2582 1.0
2586 2588 1.0
2592 2597 1.0
2611 2611 1.0
2613 2619 1.0
2633 2647 1.0
2663 2673 1.0
2677 2677 1.0
2683 2683 1.0
2685 2687 1.0
2689 2693 1.0
2707 2717 1.0
2725 2725 1.0
2742 2747 1.0
2758 2767 1.0
3372 3372 1.0
