24 33 1.0
45 55 1.0
73 76 1.0
78 88 1.0
106 117 1.0
130 145 1.0
147 152 1.0
175 186 1.0
220 222 1.0
226 226 1.0
246 248 1.0
273 283 1.0
304 305 1.0
308 308 1.0
318 318 1.0
360 360 1.0
394 394 1.0
398 400 1.0
413 428 1.0
444 453 1.0
460 465 1.0
476 479 1.0
481 482 1.0
494 501 1.0
537 538 1.0
552 552 1.0
567 567 1.0
596 605 1.0
679 679 1.0
701 703 1.0
705 706 1.0
751 753 1.0
755 756 1.0
857 857 1.0
861 861 1.0
882 883 1.0
885 886 1.0
889 889 1.0
905 905 1.0
907 908 1.0
969 969 1.0
971 971 1.0
995 995 1.0
997 997 1.0
1009 1012 1.0
1043 1050 1.0
1063 1063 1.0
1110 1118 1.0
1134 1134 1.0
1187 1187 1.0
1190 1190 1.0
1231 1231 1.0
1264 1265 1.0
1280 1282 1.0
1284 1285 1.0
1293 1294 1.0
1332 1336 1.0
1350 1359 1.0
1370 1372 1.0
1386 1390 1.0
1418 1420 1.0
1483 1483 1.0
1486 1486 1.0
1501 1503 1.0
1521 1529 1.0
1631 1636 1.0
1703 1710 1.0
1788 1788 1.0
1865 1865 1.0
1901 1906 1.0
1925 1930 1.0
1946 1946 1.0
1952 1952 1.0
1974 1976 1.0
1979 1979 1.0
2066 2066 1.0
2131 2131 1.0
2143 2143 1.0
2182 2182 1.0
2197 2202 1.0
2210 2210 1.0
2218 2219 1.0
2236 2239 1.0
2291 2291 1.0
2323 2329 1.0
2342 2348 1.0
2367 2367 1.0
2394 2394 1.0
2414 2415 1.0
2417 2420 1.0
2422 2422 1.0
2519 2520 1.0
2559 2559 1.0
2561 2561 1.0
2563 2563 1.0
2571 2571 1.0
2639 2639 1.0
2644 2644 1.0
2731 2731 1.0
2733 2736 1.0
2761 2771 1.0
2785 2793 1.0
2804 2804 1.0
2808 2811 1.0
2816 2817 1.0
2829 2830 1.0
2847 2849 1.0
2928 2928 1.0
2976 2976 1.0
2980 2980 1.0
3030 3030 1.0
3032 3034 1.0
3083 3086 1.0
3163 3168 1.0
3192 3192 1.0
3223 3223 1.0
3238 3239 1.0
3243 3243 1.0
3258 3258 1.0
3309 3312 1.0
3331 3331 1.0
3333 3333 1.0
3349 3349 1.0
3398 3398 1.0
3421 3428 1.0
3453 3453 1.0
3475 3475 1.0
3502 3504 1.0
3506 3506 1.0
3515 3521 1.0
3533 3539 1.0
3551 3551 1.0
3553 3554 1.0
3557 3558 1.0
3560 3560 1.0
3588 3588 1.0
3591 3591 1.0
3619 3621 1.0
3625 3625 1.0
3651 3651 1.0
3653 3653 1.0
3659 3660 1.0
