78 79 1.0
139 139 1.0
143 143 1.0
149 162 1.0
198 202 1.0
205 205 1.0
210 233 1.0
235 235 1.0
238 260 1.0
272 272 1.0
274 275 1.0
301 305 1.0
319 319 1.0
332 332 1.0
334 334 1.0
336 336 1.0
358 358 1.0
361 363 1.0
371 371 1.0
375 384 1.0
387 394 1.0
397 397 1.0
402 402 1.0
404 407 1.0
423 424 1.0
433 433 1.0
436 439 1.0
441 441 1.0
444 449 1.0
457 457 1.0
463 463 1.0
484 518 1.0
555 555 1.0
557 568 1.0
570 572 1.0
574 575 1.0
577 581 1.0
585 586 1.0
636 645 1.0
647 675 1.0
680 680 1.0
682 684 1.0
686 686 1.0
689 689 1.0
695 696 1.0
703 703 1.0
740 740 1.0
742 748 1.0
750 759 1.0
761 763 1.0
766 766 1.0
768 775 1.0
787 793 1.0
798 805 1.0
808 808 1.0
813 813 1.0
817 817 1.0
821 821 1.0
853 853 1.0
858 858 1.0
861 861 1.0
864 864 1.0
867 867 1.0
871 873 1.0
886 888 1.0
890 895 1.0
898 898 1.0
904 904 1.0
913 922 1.0
933 934 1.0
936 947 1.0
964 964 1.0
985 996 1.0
998 999 1.0
1001 1001 1.0
1003 1003 1.0
1005 1008 1.0
1010 1010 1.0
1012 1013 1.0
1018 1019 1.0
1021 1021 1.0
1035 1035 1.0
1038 1038 1.0
1040 1040 1.0
1042 1042 1.0
1044 1054 1.0
1058 1058 1.0
1060 1061 1.0
1063 1063 1.0
1066 1072 1.0
1074 1075 1.0
1081 1081 1.0
1106 1106 1.0
1110 1110 1.0
1115 1139 1.0
1141 1143 1.0
1146 1147 1.0
1149 1151 1.0
1194 1194 1.0
1196 1199 1.0
1201 1201 1.0
1203 1222 1.0
1233 1234 1.0
1242 1244 1.0
1247 1250 1.0
1252 1252 1.0
1254 1255 1.0
1257 1258 1.0
1260 1278 1.0
1297 1297 1.0
1317 1318 1.0
1320 1328 1.0
1330 1345 1.0
1347 1347 1.0
1349 1349 1.0
1351 1351 1.0
1364 1364 1.0
1367 1368 1.0
1371 1371 1.0
1374 1374 1.0
1380 1381 1.0
1384 1384 1.0
1386 1386 1.0
1388 1388 1.0
1390 1394 1.0
1396 1396 1.0
1398 1401 1.0
1414 1414 1.0
1416 1416 1.0
1420 1420 1.0
1422 1423 1.0
1425 1427 1.0
1431 1431 1.0
1433 1433 1.0
1435 1435 1.0
1437 1437 1.0
1440 1440 1.0
1443 1444 1.0
1446 1448 1.0
1450 1451 1.0
1455 1455 1.0
1459 1459 1.0
1474 1474 1.0
1477 1477 1.0
1479 1480 1.0
1483 1487 1.0
1490 1491 1.0
1494 1494 1.0
1496 1496 1.0
1498 1498 1.0
1503 1503 1.0
1507 1509 1.0
1511 1511 1.0
1513 1514 1.0
1517 1517 1.0
1520 1520 1.0
1526 1527 1.0
1530 1530 1.0
1533 1533 1.0
1536 1544 1.0
1561 1561 1.0
1566 1566 1.0
1579 1580 1.0
1583 1587 1.0
1590 1590 1.0
1592 1593 1.0
1596 1598 1.0
1600 1600 1.0
1602 1602 1.0
1606 1606 1.0
1608 1610 1.0
1612 1612 1.0
1614 1615 1.0
1619 1619 1.0
1626 1627 1.0
1632 1633 1.0
1635 1635 1.0
1639 1639 1.0
1643 1643 1.0
1649 1649 1.0
1651 1651 1.0
1654 1656 1.0
1658 1660 1.0
1662 1662 1.0
1665 1665 1.0
1667 1667 1.0
1669 1669 1.0
1671 1672 1.0
1674 1675 1.0
1678 1685 1.0
1687 1689 1.0
1701 1701 1.0
1714 1714 1.0
1731 1731 1.0
1735 1735 1.0
1737 1738 1.0
1740 1742 1.0
1747 1751 1.0
1753 1774 1.0
1776 1784 1.0
1791 1791 1.0
1797 1797 1.0
1799 1799 1.0
1823 1825 1.0
1827 1828 1.0
1830 1830 1.0
1832 1832 1.0
1839 1839 1.0
1841 1841 1.0
1843 1844 1.0
1846 1846 1.0
1851 1853 1.0
1855 1856 1.0
1868 1868 1.0
1871 1873 1.0
1875 1875 1.0
1883 1883 1.0
1888 1888 1.0
1892 1892 1.0
1896 1901 1.0
1903 1904 1.0
1906 1907 1.0
1909 1909 1.0
1912 1912 1.0
1914 1914 1.0
1916 1919 1.0
1922 1922 1.0
1924 1924 1.0
1927 1928 1.0
1931 1932 1.0
1939 1940 1.0
1943 1943 1.0
1946 1946 1.0
1948 1948 1.0
1961 1961 1.0
1971 1974 1.0
1976 2006 1.0
2008 2008 1.0
2025 2025 1.0
2029 2031 1.0
2048 2052 1.0
2054 2054 1.0
2056 2061 1.0
2064 2064 1.0
2066 2066 1.0
2069 2070 1.0
2076 2080 1.0
2082 2085 1.0
2087 2088 1.0
2091 2091 1.0
2093 2094 1.0
2100 2103 1.0
2106 2106 1.0
2109 2110 1.0
2112 2112 1.0
3795 3795 1.0
