115 115 1.0
117 117 1.0
120 122 1.0
124 125 1.0
128 145 1.0
147 147 1.0
149 154 1.0
156 156 1.0
165 165 1.0
169 169 1.0
172 172 1.0
184 184 1.0
186 188 1.0
195 195 1.0
198 198 1.0
213 223 1.0
225 232 1.0
234 247 1.0
290 291 1.0
294 295 1.0
298 298 1.0
300 301 1.0
304 305 1.0
308 310 1.0
314 345 1.0
349 351 1.0
358 358 1.0
369 369 1.0
393 395 1.0
398 400 1.0
403 404 1.0
406 429 1.0
438 441 1.0
472 474 1.0
478 496 1.0
499 499 1.0
501 515 1.0
517 520 1.0
526 526 1.0
529 529 1.0
531 531 1.0
533 536 1.0
540 540 1.0
565 565 1.0
568 571 1.0
574 577 1.0
581 601 1.0
605 605 1.0
615 617 1.0
627 628 1.0
630 635 1.0
637 637 1.0
639 642 1.0
644 644 1.0
646 650 1.0
652 652 1.0
658 663 1.0
665 665 1.0
667 668 1.0
670 671 1.0
674 674 1.0
678 678 1.0
682 683 1.0
685 685 1.0
688 689 1.0
691 696 1.0
698 699 1.0
702 702 1.0
704 705 1.0
711 711 1.0
714 714 1.0
719 719 1.0
721 721 1.0
724 728 1.0
735 735 1.0
738 739 1.0
741 742 1.0
744 744 1.0
746 748 1.0
751 751 1.0
753 754 1.0
756 756 1.0
760 760 1.0
778 778 1.0
781 788 1.0
790 790 1.0
792 793 1.0
795 802 1.0
804 804 1.0
807 807 1.0
811 812 1.0
817 818 1.0
827 827 1.0
832 832 1.0
834 835 1.0
838 839 1.0
841 844 1.0
846 848 1.0
852 852 1.0
854 855 1.0
857 859 1.0
861 861 1.0
863 864 1.0
866 869 1.0
871 871 1.0
874 874 1.0
882 883 1.0
885 889 1.0
891 891 1.0
898 898 1.0
900 900 1.0
904 905 1.0
908 908 1.0
910 913 1.0
915 915 1.0
918 918 1.0
922 922 1.0
931 931 1.0
934 935 1.0
937 937 1.0
939 940 1.0
947 947 1.0
950 952 1.0
954 954 1.0
956 957 1.0
959 959 1.0
961 970 1.0
972 972 1.0
974 974 1.0
979 981 1.0
983 984 1.0
986 987 1.0
993 993 1.0
996 996 1.0
999 999 1.0
1011 1011 1.0
1013 1015 1.0
1017 1017 1.0
1019 1020 1.0
1023 1024 1.0
1027 1027 1.0
1029 1030 1.0
1032 1033 1.0
1035 1050 1.0
1054 1057 1.0
1059 1060 1.0
1062 1062 1.0
1069 1070 1.0
1092 1093 1.0
1096 1096 1.0
1099 1100 1.0
1102 1102 1.0
1104 1104 1.0
1106 1106 1.0
1109 1109 1.0
1112 1112 1.0
1114 1115 1.0
1117 1118 1.0
1120 1122 1.0
1124 1127 1.0
1129 1129 1.0
1133 1134 1.0
1136 1136 1.0
1139 1141 1.0
1143 1143 1.0
1145 1146 1.0
1148 1149 1.0
1151 1152 1.0
1157 1157 1.0
1161 1162 1.0
1166 1166 1.0
1168 1168 1.0
1170 1171 1.0
1173 1173 1.0
1176 1176 1.0
1180 1180 1.0
1182 1183 1.0
1185 1198 1.0
1201 1205 1.0
1208 1210 1.0
1212 1213 1.0
1215 1216 1.0
1222 1224 1.0
1226 1226 1.0
1235 1235 1.0
1238 1238 1.0
1240 1240 1.0
1244 1245 1.0
1248 1250 1.0
1255 1258 1.0
1260 1260 1.0
1263 1263 1.0
1265 1272 1.0
1274 1277 1.0
1279 1281 1.0
1284 1285 1.0
1287 1287 1.0
1289 1289 1.0
1291 1291 1.0
1312 1312 1.0
1315 1317 1.0
1320 1320 1.0
1322 1322 1.0
1324 1324 1.0
1328 1328 1.0
1330 1330 1.0
1332 1347 1.0
1352 1352 1.0
1367 1367 1.0
1384 1386 1.0
1388 1404 1.0
1406 1421 1.0
1425 1425 1.0
1430 1430 1.0
1432 1432 1.0
1436 1436 1.0
1438 1438 1.0
1443 1447 1.0
1449 1449 1.0
1451 1452 1.0
1454 1455 1.0
1457 1457 1.0
1460 1460 1.0
1464 1469 1.0
1472 1472 1.0
1477 1477 1.0
1479 1481 1.0
1486 1486 1.0
1500 1500 1.0
1502 1503 1.0
1505 1507 1.0
1510 1511 1.0
1513 1516 1.0
1522 1523 1.0
1526 1526 1.0
1528 1546 1.0
1550 1550 1.0
1555 1556 1.0
1585 1586 1.0
1588 1591 1.0
1594 1600 1.0
1603 1603 1.0
1605 1605 1.0
1611 1617 1.0
1619 1622 1.0
1624 1625 1.0
1628 1629 1.0
1631 1631 1.0
1635 1650 1.0
1655 1656 1.0
1660 1660 1.0
1664 1665 1.0
1668 1669 1.0
1671 1671 1.0
1676 1676 1.0
1681 1681 1.0
1689 1693 1.0
1696 1697 1.0
1699 1699 1.0
1704 1705 1.0
1707 1707 1.0
1711 1711 1.0
1713 1713 1.0
1715 1717 1.0
1724 1724 1.0
1733 1733 1.0
1739 1741 1.0
1744 1744 1.0
1746 1748 1.0
1750 1752 1.0
1755 1763 1.0
1765 1765 1.0
1768 1771 1.0
1774 1775 1.0
1781 1781 1.0
1787 1787 1.0
1791 1791 1.0
1802 1805 1.0
1808 1813 1.0
1815 1816 1.0
1818 1820 1.0
1822 1825 1.0
1828 1828 1.0
1833 1840 1.0
1852 1852 1.0
1858 1858 1.0
1861 1861 1.0
1864 1872 1.0
1874 1894 1.0
1896 1897 1.0
1900 1902 1.0
1919 1920 1.0
1922 1922 1.0
1924 1924 1.0
1933 1933 1.0
1937 1937 1.0
1941 1953 1.0
1963 1963 1.0
1967 1968 1.0
1970 1970 1.0
1972 1978 1.0
1980 1980 1.0
1992 2010 1.0
2012 2012 1.0
2016 2016 1.0
2022 2022 1.0
2024 2024 1.0
2026 2026 1.0
2051 2052 1.0
2055 2055 1.0
2066 2085 1.0
2090 2092 1.0
2094 2098 1.0
2100 2101 1.0
2103 2103 1.0
2124 2127 1.0
2130 2131 1.0
2134 2134 1.0
2136 2137 1.0
2139 2140 1.0
2143 2144 1.0
2146 2161 1.0
2163 2164 1.0
2170 2171 1.0
2173 2173 1.0
2176 2176 1.0
2179 2180 1.0
2182 2184 1.0
2186 2187 1.0
2189 2189 1.0
2191 2191 1.0
2193 2195 1.0
2197 2197 1.0
2200 2200 1.0
2204 2205 1.0
2207 2207 1.0
2216 2216 1.0
2219 2219 1.0
2223 2223 1.0
2225 2226 1.0
2244 2244 1.0
2249 2253 1.0
2255 2256 1.0
2258 2259 1.0
2262 2262 1.0
2273 2284 1.0
2287 2288 1.0
2298 2298 1.0
2301 2302 1.0
2304 2310 1.0
2323 2324 1.0
2327 2327 1.0
2329 2329 1.0
2331 2335 1.0
2337 2339 1.0
2341 2341 1.0
2349 2350 1.0
2352 2353 1.0
2381 2383 1.0
2393 2420 1.0
2422 2424 1.0
2426 2426 1.0
2428 2428 1.0
2468 2516 1.0
2519 2519 1.0
2538 2538 1.0
2540 2540 1.0
2563 2566 1.0
2571 2572 1.0
2583 2583 1.0
2585 2585 1.0
2587 2588 1.0
2593 2594 1.0
2596 2596 1.0
2599 2600 1.0
2602 2605 1.0
2607 2608 1.0
2613 2615 1.0
2617 2617 1.0
2619 2619 1.0
2624 2625 1.0
2628 2628 1.0
2630 2630 1.0
