78 88 1.0
130 130 1.0
134 134 1.0
149 150 1.0
154 155 1.0
160 160 1.0
163 163 1.0
166 167 1.0
169 186 1.0
188 189 1.0
191 191 1.0
197 197 1.0
199 199 1.0
202 202 1.0
228 229 1.0
232 235 1.0
238 259 1.0
262 262 1.0
298 299 1.0
302 330 1.0
332 333 1.0
335 335 1.0
361 362 1.0
364 365 1.0
367 367 1.0
369 369 1.0
372 372 1.0
388 398 1.0
406 406 1.0
410 425 1.0
437 446 1.0
459 459 1.0
466 466 1.0
485 495 1.0
507 516 1.0
518 518 1.0
520 520 1.0
526 526 1.0
528 529 1.0
531 544 1.0
546 546 1.0
555 555 1.0
557 557 1.0
559 559 1.0
561 561 1.0
568 568 1.0
586 594 1.0
600 600 1.0
602 602 1.0
604 605 1.0
608 608 1.0
610 617 1.0
647 647 1.0
650 650 1.0
656 681 1.0
686 687 1.0
718 718 1.0
720 720 1.0
722 722 1.0
726 752 1.0
759 760 1.0
782 786 1.0
789 789 1.0
793 793 1.0
801 801 1.0
803 804 1.0
806 806 1.0
810 814 1.0
816 817 1.0
826 826 1.0
828 828 1.0
832 833 1.0
835 836 1.0
838 839 1.0
845 848 1.0
853 854 1.0
858 859 1.0
872 872 1.0
874 875 1.0
879 882 1.0
888 889 1.0
893 893 1.0
916 916 1.0
921 922 1.0
925 926 1.0
929 930 1.0
932 949 1.0
951 952 1.0
961 962 1.0
991 996 1.0
998 998 1.0
1001 1021 1.0
1024 1024 1.0
1026 1027 1.0
1032 1032 1.0
1034 1034 1.0
1037 1037 1.0
1067 1067 1.0
1073 1073 1.0
1076 1077 1.0
1079 1086 1.0
1088 1088 1.0
1090 1099 1.0
1106 1106 1.0
1109 1110 1.0
1112 1114 1.0
1117 1121 1.0
1124 1125 1.0
1127 1127 1.0
1129 1131 1.0
1139 1140 1.0
1142 1142 1.0
1154 1154 1.0
1157 1157 1.0
1160 1160 1.0
1164 1164 1.0
1170 1189 1.0
1191 1191 1.0
1193 1193 1.0
1203 1203 1.0
1207 1207 1.0
1232 1232 1.0
1239 1239 1.0
1244 1269 1.0
1272 1272 1.0
1275 1276 1.0
1278 1281 1.0
1283 1284 1.0
1309 1309 1.0
1311 1312 1.0
1324 1326 1.0
1328 1328 1.0
1330 1330 1.0
1332 1335 1.0
1337 1338 1.0
1340 1340 1.0
1345 1348 1.0
1351 1361 1.0
1365 1365 1.0
1388 1388 1.0
1401 1401 1.0
1409 1425 1.0
1427 1438 1.0
1440 1445 1.0
1452 1452 1.0
1484 1488 1.0
1493 1493 1.0
1495 1496 1.0
1498 1500 1.0
1502 1502 1.0
1506 1506 1.0
1509 1509 1.0
1512 1512 1.0
1514 1517 1.0
1528 1528 1.0
1532 1535 1.0
1537 1537 1.0
1539 1539 1.0
1541 1541 1.0
1543 1543 1.0
1558 1563 1.0
1583 1583 1.0
1604 1604 1.0
1608 1624 1.0
1626 1649 1.0
1694 1708 1.0
1711 1716 1.0
1718 1732 1.0
1747 1748 1.0
1755 1755 1.0
1757 1758 1.0
1760 1760 1.0
1763 1763 1.0
1766 1766 1.0
1769 1769 1.0
1780 1780 1.0
1787 1788 1.0
1791 1791 1.0
1809 1810 1.0
1812 1817 1.0
1837 1840 1.0
1842 1842 1.0
1844 1845 1.0
1848 1848 1.0
1860 1874 1.0
1876 1876 1.0
1881 1881 1.0
1884 1884 1.0
1888 1890 1.0
1893 1898 1.0
1915 1915 1.0
1920 1921 1.0
1925 1925 1.0
1929 1930 1.0
1932 1932 1.0
1937 1941 1.0
1943 1945 1.0
1948 1948 1.0
1950 1952 1.0
1954 1954 1.0
1956 1956 1.0
1960 1962 1.0
1970 1970 1.0
1973 1973 1.0
2002 2003 1.0
2005 2006 1.0
2009 2010 1.0
2012 2039 1.0
2043 2043 1.0
2046 2046 1.0
2078 2078 1.0
2082 2082 1.0
2085 2123 1.0
2125 2125 1.0
2173 2173 1.0
2175 2183 1.0
2185 2207 1.0
2241 2262 1.0
2302 2303 1.0
2305 2306 1.0
2308 2319 1.0
2321 2333 1.0
2337 2338 1.0
2353 2353 1.0
2358 2358 1.0
2361 2361 1.0
2364 2364 1.0
2367 2367 1.0
2371 2371 1.0
2376 2377 1.0
2380 2381 1.0
2386 2391 1.0
2400 2400 1.0
2410 2410 1.0
2432 2432 1.0
2435 2435 1.0
2437 2437 1.0
2439 2447 1.0
2449 2451 1.0
2454 2469 1.0
2490 2490 1.0
2494 2494 1.0
2498 2498 1.0
2501 2507 1.0
2511 2511 1.0
2514 2534 1.0
2536 2538 1.0
2546 2546 1.0
2548 2548 1.0
2550 2551 1.0
2553 2557 1.0
2604 2604 1.0
2607 2641 1.0
2643 2643 1.0
2647 2647 1.0
2676 2676 1.0
2691 2691 1.0
2693 2710 1.0
2713 2713 1.0
2717 2720 1.0
2722 2727 1.0
2729 2732 1.0
2734 2735 1.0
2750 2750 1.0
2765 2766 1.0
2768 2768 1.0
2779 2779 1.0
2781 2782 1.0
2784 2785 1.0
2789 2800 1.0
2802 2802 1.0
2814 2817 1.0
2824 2825 1.0
2841 2849 1.0
2851 2851 1.0
2874 2876 1.0
2878 2878 1.0
2890 2903 1.0
2906 2925 1.0
2941 2944 1.0
2966 2967 1.0
2976 2977 1.0
2983 2983 1.0
2996 2998 1.0
3006 3007 1.0
3009 3009 1.0
3011 3011 1.0
3018 3018 1.0
3025 3034 1.0
3036 3043 1.0
3045 3046 1.0
3048 3048 1.0
3050 3066 1.0
3068 3068 1.0
3070 3070 1.0
3072 3073 1.0
3075 3080 1.0
3082 3082 1.0
3087 3087 1.0
3091 3091 1.0
3119 3123 1.0
3125 3128 1.0
3130 3136 1.0
3167 3203 1.0
3240 3255 1.0
3258 3258 1.0
3262 3262 1.0
3289 3295 1.0
3297 3298 1.0
3300 3322 1.0
3324 3324 1.0
3365 3404 1.0
3451 3451 1.0
3454 3480 1.0
3517 3543 1.0
3545 3545 1.0
3549 3549 1.0
3589 3589 1.0
3597 3597 1.0
3599 3626 1.0
3628 3630 1.0
3632 3638 1.0
3641 3641 1.0
3648 3648 1.0
3651 3654 1.0
3656 3657 1.0
3661 3661 1.0
3665 3665 1.0
3669 3669 1.0
3671 3671 1.0
3680 3680 1.0
3682 3683 1.0
3693 3694 1.0
3696 3698 1.0
3700 3729 1.0
3770 3771 1.0
3773 3808 1.0
3810 3811 1.0
3847 3850 1.0
3852 3854 1.0
3893 3927 1.0
3965 3993 1.0
4032 4051 1.0
4053 4053 1.0
4055 4055 1.0
4064 4066 1.0
4068 4068 1.0
4100 4100 1.0
4105 4105 1.0
4107 4107 1.0
4110 4144 1.0
4146 4147 1.0
4150 4150 1.0
4155 4159 1.0
4186 4187 1.0
4189 4191 1.0
4207 4213 1.0
