80 116 1.0
125 126 1.0
190 191 1.0
193 206 1.0
208 228 1.0
230 230 1.0
234 250 1.0
253 254 1.0
256 256 1.0
260 260 1.0
262 263 1.0
267 267 1.0
302 302 1.0
306 326 1.0
328 332 1.0
334 335 1.0
338 338 1.0
371 371 1.0
377 377 1.0
379 383 1.0
386 386 1.0
390 390 1.0
392 392 1.0
394 394 1.0
405 407 1.0
411 416 1.0
419 419 1.0
421 421 1.0
425 425 1.0
429 429 1.0
431 431 1.0
433 443 1.0
446 449 1.0
451 451 1.0
482 482 1.0
496 496 1.0
498 499 1.0
504 508 1.0
510 511 1.0
521 522 1.0
525 536 1.0
538 541 1.0
545 559 1.0
561 603 1.0
649 687 1.0
717 717 1.0
720 750 1.0
752 754 1.0
794 794 1.0
796 796 1.0
800 801 1.0
803 805 1.0
808 808 1.0
810 810 1.0
812 812 1.0
814 824 1.0
829 829 1.0
831 831 1.0
833 833 1.0
870 874 1.0
878 880 1.0
889 900 1.0
905 905 1.0
912 915 1.0
920 924 1.0
926 927 1.0
930 932 1.0
934 936 1.0
938 947 1.0
954 957 1.0
960 967 1.0
970 970 1.0
976 981 1.0
987 991 1.0
996 996 1.0
1020 1020 1.0
1022 1022 1.0
1024 1024 1.0
1032 1033 1.0
1036 1036 1.0
1038 1043 1.0
1045 1045 1.0
1049 1049 1.0
1053 1053 1.0
1065 1065 1.0
1078 1078 1.0
1088 1088 1.0
1090 1090 1.0
1092 1104 1.0
1106 1109 1.0
1117 1117 1.0
1120 1122 1.0
1124 1125 1.0
1130 1130 1.0
1134 1134 1.0
1137 1137 1.0
1143 1143 1.0
1148 1157 1.0
1160 1160 1.0
1169 1169 1.0
1179 1179 1.0
1183 1183 1.0
1192 1192 1.0
1194 1194 1.0
1196 1197 1.0
1199 1199 1.0
1202 1202 1.0
1204 1205 1.0
1208 1209 1.0
1212 1216 1.0
1218 1223 1.0
1231 1231 1.0
1233 1233 1.0
1239 1239 1.0
1241 1241 1.0
1243 1244 1.0
1249 1250 1.0
1257 1257 1.0
1260 1260 1.0
1280 1280 1.0
1283 1283 1.0
1297 1297 1.0
1299 1299 1.0
1301 1310 1.0
1312 1316 1.0
1322 1322 1.0
1325 1336 1.0
1343 1343 1.0
1345 1346 1.0
1357 1357 1.0
1362 1362 1.0
1385 1386 1.0
1389 1390 1.0
1392 1392 1.0
1397 1399 1.0
1404 1411 1.0
1415 1422 1.0
1426 1426 1.0
1429 1430 1.0
1432 1435 1.0
1438 1443 1.0
1445 1448 1.0
1450 1453 1.0
1459 1466 1.0
1469 1469 1.0
1475 1475 1.0
1490 1491 1.0
1514 1522 1.0
1524 1526 1.0
1530 1551 1.0
1553 1554 1.0
1559 1561 1.0
1563 1564 1.0
1566 1569 1.0
1624 1631 1.0
1634 1662 1.0
1669 1672 1.0
1674 1687 1.0
1689 1690 1.0
1692 1692 1.0
1731 1732 1.0
1735 1745 1.0
1748 1748 1.0
1752 1752 1.0
1758 1758 1.0
1760 1764 1.0
1766 1766 1.0
1788 1788 1.0
1794 1794 1.0
1800 1800 1.0
1808 1823 1.0
1827 1831 1.0
1833 1837 1.0
1840 1845 1.0
1849 1849 1.0
1851 1851 1.0
1854 1854 1.0
1859 1859 1.0
1861 1863 1.0
1910 1942 1.0
1945 1949 1.0
1988 1989 1.0
1994 1994 1.0
1997 1997 1.0
2000 2001 1.0
2007 2008 1.0
2012 2014 1.0
2018 2019 1.0
2021 2022 1.0
2029 2029 1.0
2032 2032 1.0
2034 2034 1.0
2037 2037 1.0
2043 2043 1.0
2047 2047 1.0
2054 2054 1.0
2058 2058 1.0
2065 2066 1.0
2068 2069 1.0
2076 2084 1.0
2087 2088 1.0
2090 2090 1.0
2097 2097 1.0
2112 2113 1.0
2129 2130 1.0
2133 2134 1.0
2136 2137 1.0
2140 2149 1.0
3016 3016 1.0
3019 3019 1.0
3448 3448 1.0
