85 94 1.0
96 96 1.0
105 120 1.0
124 124 1.0
133 133 1.0
135 136 1.0
172 172 1.0
175 185 1.0
187 198 1.0
205 209 1.0
211 212 1.0
214 214 1.0
219 220 1.0
223 226 1.0
228 230 1.0
232 232 1.0
234 243 1.0
246 246 1.0
248 248 1.0
251 251 1.0
253 255 1.0
259 259 1.0
282 283 1.0
286 288 1.0
290 290 1.0
293 296 1.0
298 304 1.0
306 306 1.0
308 308 1.0
310 319 1.0
322 322 1.0
329 329 1.0
335 335 1.0
338 338 1.0
347 347 1.0
362 362 1.0
364 364 1.0
369 369 1.0
379 382 1.0
387 388 1.0
392 392 1.0
396 396 1.0
409 414 1.0
417 417 1.0
423 423 1.0
426 446 1.0
450 450 1.0
453 454 1.0
457 457 1.0
459 461 1.0
493 494 1.0
500 500 1.0
503 503 1.0
505 521 1.0
561 598 1.0
633 633 1.0
635 660 1.0
672 682 1.0
698 706 1.0
745 746 1.0
764 766 1.0
768 773 1.0
775 775 1.0
777 782 1.0
785 801 1.0
806 807 1.0
809 809 1.0
812 814 1.0
819 819 1.0
821 821 1.0
861 892 1.0
895 895 1.0
897 897 1.0
919 919 1.0
927 927 1.0
929 943 1.0
950 951 1.0
954 955 1.0
959 959 1.0
966 966 1.0
984 986 1.0
990 991 1.0
994 998 1.0
1000 1001 1.0
1003 1003 1.0
1006 1006 1.0
1010 1011 1.0
1013 1015 1.0
1017 1017 1.0
1020 1021 1.0
1023 1023 1.0
1025 1025 1.0
1027 1027 1.0
1040 1040 1.0
1043 1043 1.0
1045 1052 1.0
1054 1057 1.0
1066 1075 1.0
1077 1077 1.0
1080 1080 1.0
1091 1091 1.0
1096 1102 1.0
1110 1117 1.0
1120 1120 1.0
1122 1122 1.0
1147 1147 1.0
1159 1159 1.0
1161 1171 1.0
1173 1174 1.0
1176 1184 1.0
1186 1186 1.0
1189 1189 1.0
1191 1191 1.0
1210 1210 1.0
1220 1220 1.0
1223 1223 1.0
1225 1229 1.0
1231 1246 1.0
1257 1257 1.0
1259 1259 1.0
1266 1266 1.0
1268 1268 1.0
1275 1276 1.0
1285 1289 1.0
1291 1292 1.0
1294 1294 1.0
1296 1296 1.0
1308 1308 1.0
1315 1315 1.0
1317 1321 1.0
1327 1327 1.0
1330 1341 1.0
1345 1345 1.0
1347 1347 1.0
1349 1350 1.0
1352 1353 1.0
1359 1362 1.0
1377 1377 1.0
1380 1388 1.0
1391 1393 1.0
1395 1397 1.0
1399 1399 1.0
1401 1411 1.0
1413 1413 1.0
1415 1417 1.0
1444 1444 1.0
1466 1481 1.0
1488 1491 1.0
1493 1502 1.0
1507 1507 1.0
1519 1525 1.0
1528 1528 1.0
1530 1530 1.0
1534 1534 1.0
1536 1536 1.0
1539 1539 1.0
1541 1541 1.0
1549 1549 1.0
1556 1556 1.0
1570 1570 1.0
1575 1575 1.0
1581 1582 1.0
1585 1586 1.0
1588 1591 1.0
1593 1593 1.0
1595 1600 1.0
1602 1603 1.0
1610 1610 1.0
1612 1612 1.0
1617 1617 1.0
1622 1622 1.0
1625 1625 1.0
1630 1630 1.0
1632 1633 1.0
1639 1640 1.0
1642 1642 1.0
1644 1644 1.0
1646 1647 1.0
1649 1649 1.0
1656 1658 1.0
1661 1661 1.0
1666 1667 1.0
1672 1672 1.0
1674 1674 1.0
1681 1681 1.0
1683 1693 1.0
1696 1698 1.0
1700 1703 1.0
1706 1706 1.0
1710 1710 1.0
1712 1716 1.0
1737 1737 1.0
1742 1743 1.0
1745 1746 1.0
1749 1749 1.0
1755 1757 1.0
1759 1765 1.0
1767 1769 1.0
1788 1790 1.0
1793 1796 1.0
1798 1799 1.0
1806 1806 1.0
1808 1820 1.0
1840 1842 1.0
1845 1846 1.0
1848 1852 1.0
1854 1854 1.0
1859 1860 1.0
1862 1867 1.0
1869 1869 1.0
1871 1874 1.0
1891 1927 1.0
1967 2001 1.0
2038 2062 1.0
2064 2077 1.0
2094 2094 1.0
2097 2097 1.0
2099 2099 1.0
2101 2101 1.0
2104 2104 1.0
2112 2112 1.0
2116 2116 1.0
2121 2121 1.0
2123 2124 1.0
2126 2126 1.0
2130 2130 1.0
2147 2148 1.0
2151 2152 1.0
2154 2156 1.0
2158 2158 1.0
2160 2160 1.0
2173 2174 1.0
2176 2185 1.0
2188 2188 1.0
2191 2191 1.0
2194 2196 1.0
2198 2216 1.0
2225 2225 1.0
2227 2228 1.0
2230 2230 1.0
2235 2235 1.0
2249 2249 1.0
2255 2255 1.0
2257 2264 1.0
2266 2270 1.0
2274 2274 1.0
2280 2280 1.0
2283 2284 1.0
2288 2289 1.0
2297 2298 1.0
2304 2304 1.0
2309 2311 1.0
2313 2316 1.0
2319 2320 1.0
2329 2332 1.0
2341 2341 1.0
2352 2352 1.0
2355 2356 1.0
2358 2358 1.0
2360 2366 1.0
2370 2375 1.0
2377 2377 1.0
2380 2389 1.0
2394 2394 1.0
2413 2414 1.0
2416 2418 1.0
2431 2431 1.0
2436 2437 1.0
2453 2453 1.0
2463 2468 1.0
2470 2472 1.0
2476 2490 1.0
2493 2494 1.0
2496 2511 1.0
2513 2513 1.0
2515 2515 1.0
2518 2518 1.0
2523 2523 1.0
2529 2530 1.0
2533 2533 1.0
2550 2550 1.0
2555 2555 1.0
2575 2592 1.0
2595 2599 1.0
2601 2616 1.0
2631 2631 1.0
2633 2635 1.0
2638 2638 1.0
2655 2656 1.0
2658 2660 1.0
2662 2665 1.0
2667 2667 1.0
2681 2683 1.0
2687 2689 1.0
2692 2692 1.0
2709 2709 1.0
2711 2711 1.0
2713 2718 1.0
2720 2720 1.0
2722 2724 1.0
2728 2728 1.0
2732 2746 1.0
2748 2750 1.0
2766 2773 1.0
2775 2776 1.0
2779 2780 1.0
2783 2783 1.0
2785 2786 1.0
2788 2803 1.0
2825 2825 1.0
2846 2846 1.0
2848 2852 1.0
2854 2861 1.0
2865 2865 1.0
2868 2868 1.0
2873 2879 1.0
2882 2883 1.0
2900 2900 1.0
2902 2902 1.0
2904 2905 1.0
2907 2909 1.0
2916 2916 1.0
2918 2919 1.0
2922 2922 1.0
2926 2926 1.0
2929 2932 1.0
2952 2952 1.0
2973 2974 1.0
2976 2989 1.0
2991 3002 1.0
3004 3005 1.0
3009 3010 1.0
3013 3013 1.0
3016 3016 1.0
3020 3021 1.0
3040 3041 1.0
3045 3045 1.0
3047 3047 1.0
3049 3050 1.0
3052 3053 1.0
3057 3057 1.0
3060 3064 1.0
3066 3077 1.0
3105 3105 1.0
3119 3119 1.0
3121 3140 1.0
3145 3146 1.0
3149 3157 1.0
3180 3181 1.0
3186 3186 1.0
3190 3190 1.0
3196 3196 1.0
3201 3202 1.0
3204 3204 1.0
3207 3223 1.0
3225 3225 1.0
3227 3227 1.0
3229 3230 1.0
3232 3233 1.0
3235 3246 1.0
3248 3249 1.0
3262 3262 1.0
3266 3267 1.0
3295 3295 1.0
3298 3298 1.0
3301 3304 1.0
3306 3338 1.0
3340 3341 1.0
3343 3344 1.0
3388 3418 1.0
3443 3443 1.0
3447 3447 1.0
3450 3450 1.0
3457 3458 1.0
3460 3461 1.0
3464 3467 1.0
3469 3472 1.0
3474 3474 1.0
3479 3479 1.0
3482 3483 1.0
3489 3492 1.0
3494 3494 1.0
3497 3498 1.0
3500 3501 1.0
3503 3511 1.0
3516 3516 1.0
3518 3518 1.0
3531 3531 1.0
3533 3547 1.0
3549 3556 1.0
