82 85 1.0
87 89 1.0
92 111 1.0
132 139 1.0
144 145 1.0
147 186 1.0
188 188 1.0
191 191 1.0
203 214 1.0
217 239 1.0
252 254 1.0
257 261 1.0
265 265 1.0
267 290 1.0
292 308 1.0
310 322 1.0
328 329 1.0
331 332 1.0
334 379 1.0
394 394 1.0
396 396 1.0
398 500 1.0
502 569 1.0
571 576 1.0
582 585 1.0
587 643 1.0
646 653 1.0
656 662 1.0
664 666 1.0
668 692 1.0
694 721 1.0
723 726 1.0
728 729 1.0
731 747 1.0
753 794 1.0
796 796 1.0
798 798 1.0
822 869 1.0
871 875 1.0
877 877 1.0
880 880 1.0
882 884 1.0
886 888 1.0
890 893 1.0
895 895 1.0
897 978 1.0
982 996 1.0
998 998 1.0
1001 1001 1.0
1005 1044 1.0
1047 1069 1.0
1071 1074 1.0
1077 1077 1.0
1079 1120 1.0
1123 1130 1.0
1132 1141 1.0
1143 1150 1.0
1152 1174 1.0
1181 1181 1.0
1210 1210 1.0
1212 1255 1.0
1257 1260 1.0
1262 1268 1.0
1274 1277 1.0
1284 1291 1.0
1293 1308 1.0
1313 1331 1.0
1334 1354 1.0
1358 1385 1.0
1388 1405 1.0
1407 1407 1.0
1428 1429 1.0
1431 1432 1.0
1434 1491 1.0
1500 1523 1.0
1525 1565 1.0
1568 1572 1.0
1574 1574 1.0
1576 1597 1.0
1599 1599 1.0
1601 1623 1.0
1634 1638 1.0
1650 1650 1.0
1652 1652 1.0
1655 1700 1.0
1702 1704 1.0
1706 1707 1.0
1709 1712 1.0
1714 1715 1.0
1717 1717 1.0
1722 1740 1.0
1743 1743 1.0
1745 1746 1.0
1748 1768 1.0
1772 1772 1.0
1774 1816 1.0
1819 1822 1.0
1824 1833 1.0
1835 1844 1.0
1847 1893 1.0
3795 3795 1.0
