123 123 1.0
127 130 1.0
132 136 1.0
145 157 1.0
169 170 1.0
173 173 1.0
177 180 1.0
182 182 1.0
186 186 1.0
188 188 1.0
201 201 1.0
204 204 1.0
214 214 1.0
218 219 1.0
221 238 1.0
240 246 1.0
272 278 1.0
280 280 1.0
283 300 1.0
335 335 1.0
337 346 1.0
349 366 1.0
385 386 1.0
413 414 1.0
417 422 1.0
424 441 1.0
443 455 1.0
474 474 1.0
476 492 1.0
494 494 1.0
499 504 1.0
533 536 1.0
541 584 1.0
605 605 1.0
624 637 1.0
648 652 1.0
655 658 1.0
670 701 1.0
739 739 1.0
741 751 1.0
753 753 1.0
756 756 1.0
759 759 1.0
766 766 1.0
778 778 1.0
785 785 1.0
810 813 1.0
828 845 1.0
847 848 1.0
851 865 1.0
868 868 1.0
873 873 1.0
875 875 1.0
877 877 1.0
879 879 1.0
884 884 1.0
893 894 1.0
908 908 1.0
914 914 1.0
916 916 1.0
937 945 1.0
947 948 1.0
951 951 1.0
953 975 1.0
987 988 1.0
996 996 1.0
1010 1010 1.0
1015 1015 1.0
1018 1024 1.0
1027 1027 1.0
1042 1042 1.0
1063 1064 1.0
1066 1066 1.0
1069 1079 1.0
1081 1082 1.0
1085 1085 1.0
1089 1103 1.0
1105 1106 1.0
1118 1118 1.0
1121 1126 1.0
1128 1128 1.0
1132 1132 1.0
1135 1135 1.0
1138 1139 1.0
1141 1158 1.0
1199 1202 1.0
1204 1204 1.0
1207 1212 1.0
1215 1215 1.0
1223 1224 1.0
1226 1226 1.0
1229 1232 1.0
1236 1244 1.0
1249 1253 1.0
1255 1255 1.0
1266 1266 1.0
1268 1274 1.0
1279 1279 1.0
1283 1284 1.0
1286 1286 1.0
1291 1292 1.0
1294 1294 1.0
1296 1303 1.0
1353 1355 1.0
1357 1360 1.0
1362 1369 1.0
1372 1372 1.0
1374 1374 1.0
1382 1402 1.0
1411 1411 1.0
1416 1419 1.0
1428 1428 1.0
1430 1436 1.0
1438 1454 1.0
1456 1456 1.0
1475 1475 1.0
1480 1482 1.0
1496 1497 1.0
1499 1499 1.0
1508 1508 1.0
1527 1527 1.0
1538 1542 1.0
1544 1545 1.0
1547 1548 1.0
1550 1553 1.0
1555 1555 1.0
1557 1557 1.0
1560 1560 1.0
1563 1564 1.0
1566 1569 1.0
1571 1571 1.0
1573 1574 1.0
1587 1587 1.0
1594 1594 1.0
1599 1599 1.0
1608 1610 1.0
1614 1622 1.0
1624 1624 1.0
1626 1631 1.0
1634 1636 1.0
1638 1645 1.0
1661 1661 1.0
1663 1663 1.0
1668 1668 1.0
1670 1672 1.0
1674 1675 1.0
1677 1677 1.0
1679 1680 1.0
1684 1686 1.0
1688 1691 1.0
1711 1711 1.0
1714 1714 1.0
1716 1716 1.0
1718 1718 1.0
1720 1721 1.0
1725 1725 1.0
1728 1728 1.0
1730 1747 1.0
1757 1757 1.0
1762 1762 1.0
1767 1767 1.0
1786 1787 1.0
1789 1789 1.0
1791 1792 1.0
1798 1798 1.0
1801 1802 1.0
1808 1809 1.0
1811 1811 1.0
1813 1819 1.0
1822 1822 1.0
1824 1824 1.0
1826 1826 1.0
1868 1905 1.0
1908 1909 1.0
1924 1924 1.0
1932 1932 1.0
1934 1937 1.0
1944 1945 1.0
1948 1950 1.0
1981 1981 1.0
1984 1985 1.0
1991 2013 1.0
2020 2020 1.0
2025 2026 1.0
2037 2037 1.0
2056 2056 1.0
2059 2060 1.0
2065 2065 1.0
2081 2081 1.0
2083 2083 1.0
2086 2093 1.0
2095 2117 1.0
2120 2120 1.0
2122 2123 1.0
2156 2157 1.0
2160 2166 1.0
2169 2169 1.0
2171 2173 1.0
2176 2185 1.0
2195 2196 1.0
2206 2206 1.0
2208 2208 1.0
2212 2215 1.0
2217 2220 1.0
2222 2232 1.0
2234 2251 1.0
2294 2296 1.0
2310 2310 1.0
2315 2315 1.0
2319 2322 1.0
2324 2324 1.0
2326 2329 1.0
2331 2331 1.0
2335 2337 1.0
2340 2343 1.0
2346 2346 1.0
2350 2350 1.0
2354 2354 1.0
2356 2356 1.0
2361 2361 1.0
2363 2364 1.0
2366 2366 1.0
2368 2368 1.0
2370 2371 1.0
2373 2380 1.0
2388 2388 1.0
2390 2391 1.0
2393 2393 1.0
2395 2395 1.0
2397 2397 1.0
2419 2419 1.0
2421 2421 1.0
2423 2425 1.0
2428 2428 1.0
2431 2444 1.0
2465 2465 1.0
2482 2484 1.0
2487 2502 1.0
2504 2505 1.0
2509 2510 1.0
2523 2524 1.0
2531 2531 1.0
2533 2534 1.0
2552 2561 1.0
2563 2588 1.0
2604 2604 1.0
2627 2638 1.0
2654 2661 1.0
2663 2663 1.0
2677 2680 1.0
2710 2710 1.0
2719 2756 1.0
2794 2811 1.0
2817 2817 1.0
2819 2819 1.0
2821 2825 1.0
2828 2828 1.0
2830 2834 1.0
2841 2841 1.0
2847 2853 1.0
2892 2892 1.0
2894 2895 1.0
2897 2936 1.0
2977 3014 1.0
3016 3016 1.0
3058 3058 1.0
3060 3074 1.0
3077 3079 1.0
3117 3146 1.0
3148 3150 1.0
3167 3167 1.0
3180 3180 1.0
3182 3182 1.0
3185 3186 1.0
3189 3216 1.0
3221 3222 1.0
3225 3227 1.0
3230 3230 1.0
3245 3245 1.0
3247 3247 1.0
3255 3255 1.0
3257 3258 1.0
3263 3263 1.0
3265 3266 1.0
3269 3271 1.0
3273 3280 1.0
3294 3294 1.0
3321 3332 1.0
3334 3356 1.0
3361 3361 1.0
3366 3366 1.0
3368 3369 1.0
3371 3374 1.0
3377 3377 1.0
3401 3401 1.0
3405 3405 1.0
3407 3427 1.0
3431 3431 1.0
3434 3434 1.0
3465 3499 1.0
3535 3537 1.0
3545 3545 1.0
3576 3604 1.0
3607 3607 1.0
3631 3632 1.0
3641 3641 1.0
3643 3644 1.0
3682 3700 1.0
3703 3705 1.0
3707 3708 1.0
3715 3715 1.0
3737 3737 1.0
3751 3752 1.0
3762 3765 1.0
3769 3774 1.0
3776 3780 1.0
3783 3783 1.0
3785 3785 1.0
3791 3792 1.0
3794 3794 1.0
3825 3825 1.0
3831 3832 1.0
3834 3834 1.0
3838 3838 1.0
3840 3867 1.0
3874 3874 1.0
3879 3879 1.0
3889 3891 1.0
3904 3909 1.0
3911 3913 1.0
3919 3919 1.0
3921 3921 1.0
3923 3926 1.0
3932 3935 1.0
3968 3968 1.0
3973 3996 1.0
3998 3998 1.0
4013 4013 1.0
4031 4047 1.0
4057 4057 1.0
4063 4063 1.0
4077 4077 1.0
4083 4083 1.0
4086 4093 1.0
4102 4102 1.0
4105 4105 1.0
4110 4111 1.0
4113 4113 1.0
4116 4117 1.0
4119 4119 1.0
4135 4135 1.0
4142 4142 1.0
4145 4145 1.0
4160 4160 1.0
4162 4162 1.0
4164 4179 1.0
4181 4184 1.0
4188 4188 1.0
4191 4191 1.0
4193 4197 1.0
4199 4199 1.0
4204 4204 1.0
4207 4208 1.0
4211 4211 1.0
4215 4215 1.0
