78 84 1.0
92 92 1.0
97 102 1.0
110 111 1.0
155 156 1.0
158 162 1.0
165 166 1.0
168 169 1.0
210 210 1.0
227 227 1.0
229 234 1.0
236 236 1.0
238 238 1.0
243 243 1.0
246 247 1.0
252 261 1.0
277 277 1.0
286 286 1.0
303 303 1.0
305 305 1.0
330 337 1.0
340 340 1.0
342 342 1.0
344 359 1.0
365 365 1.0
398 400 1.0
416 435 1.0
439 441 1.0
447 448 1.0
450 450 1.0
452 453 1.0
463 465 1.0
467 467 1.0
480 480 1.0
483 483 1.0
527 527 1.0
578 578 1.0
580 580 1.0
584 584 1.0
588 589 1.0
593 593 1.0
635 635 1.0
637 652 1.0
654 660 1.0
696 698 1.0
704 704 1.0
707 707 1.0
716 717 1.0
721 721 1.0
723 723 1.0
727 727 1.0
729 729 1.0
788 788 1.0
790 790 1.0
792 794 1.0
810 810 1.0
812 823 1.0
827 827 1.0
837 841 1.0
908 908 1.0
910 916 1.0
985 985 1.0
995 1032 1.0
1068 1089 1.0
1091 1099 1.0
1141 1179 1.0
1222 1226 1.0
1228 1243 1.0
1245 1245 1.0
1247 1254 1.0
1257 1257 1.0
1259 1259 1.0
1265 1265 1.0
1274 1274 1.0
1276 1276 1.0
1294 1294 1.0
1296 1296 1.0
1298 1299 1.0
1302 1302 1.0
1304 1304 1.0
1307 1309 1.0
1328 1328 1.0
1333 1333 1.0
1374 1389 1.0
1400 1410 1.0
1428 1435 1.0
1442 1442 1.0
1446 1455 1.0
1459 1460 1.0
1462 1462 1.0
1464 1464 1.0
1512 1514 1.0
1518 1548 1.0
1550 1557 1.0
1563 1567 1.0
1569 1576 1.0
1621 1621 1.0
1624 1663 1.0
1701 1711 1.0
1733 1733 1.0
1750 1750 1.0
1754 1756 1.0
1758 1760 1.0
1764 1764 1.0
1768 1768 1.0
1779 1780 1.0
1786 1786 1.0
1807 1813 1.0
1823 1823 1.0
1825 1828 1.0
1834 1845 1.0
1848 1850 1.0
1852 1852 1.0
1854 1855 1.0
1909 1947 1.0
2033 2042 1.0
2044 2048 1.0
2054 2054 1.0
2059 2060 1.0
2062 2066 1.0
2144 2146 1.0
3490 3490 1.0
