117 117 1.0
127 127 1.0
256 259 1.0
267 272 1.0
274 303 1.0
344 383 1.0
388 389 1.0
458 466 1.0
469 472 1.0
479 493 1.0
590 590 1.0
592 597 1.0
615 615 1.0
642 645 1.0
765 765 1.0
868 872 1.0
875 875 1.0
877 877 1.0
881 881 1.0
885 885 1.0
928 928 1.0
974 974 1.0
976 977 1.0
980 981 1.0
1000 1000 1.0
1002 1002 1.0
1108 1145 1.0
1217 1219 1.0
1269 1270 1.0
1277 1277 1.0
1282 1283 1.0
1285 1290 1.0
1301 1301 1.0
1331 1331 1.0
1347 1347 1.0
1370 1371 1.0
1373 1373 1.0
1412 1442 1.0
1481 1481 1.0
1484 1491 1.0
1510 1510 1.0
1543 1543 1.0
1546 1546 1.0
1549 1550 1.0
1552 1554 1.0
1566 1566 1.0
1571 1571 1.0
1574 1576 1.0
1591 1591 1.0
1594 1608 1.0
1611 1611 1.0
1654 1654 1.0
1657 1657 1.0
1678 1678 1.0
1681 1681 1.0
1684 1684 1.0
1698 1698 1.0
1732 1733 1.0
1739 1739 1.0
1741 1741 1.0
1743 1743 1.0
1745 1745 1.0
1760 1764 1.0
1801 1801 1.0
1849 1850 1.0
1852 1853 1.0
1856 1856 1.0
1937 1938 1.0
1940 1940 1.0
1943 1950 1.0
1961 1965 1.0
2011 2016 1.0
2075 2075 1.0
2090 2094 1.0
2103 2103 1.0
