92 93 1.0
95 128 1.0
172 172 1.0
175 175 1.0
177 177 1.0
179 206 1.0
246 246 1.0
248 248 1.0
251 251 1.0
253 257 1.0
264 264 1.0
267 282 1.0
288 291 1.0
339 339 1.0
345 345 1.0
350 350 1.0
352 352 1.0
372 375 1.0
393 393 1.0
417 453 1.0
501 511 1.0
515 517 1.0
519 521 1.0
538 538 1.0
561 573 1.0
579 587 1.0
589 589 1.0
609 610 1.0
614 614 1.0
616 616 1.0
620 623 1.0
630 644 1.0
649 650 1.0
653 653 1.0
666 666 1.0
692 692 1.0
695 699 1.0
719 721 1.0
723 723 1.0
726 726 1.0
740 741 1.0
743 747 1.0
749 749 1.0
752 752 1.0
764 801 1.0
850 887 1.0
923 928 1.0
967 968 1.0
980 991 1.0
993 994 1.0
1007 1007 1.0
1037 1075 1.0
1112 1112 1.0
1115 1117 1.0
1119 1119 1.0
1158 1161 1.0
1176 1176 1.0
1185 1185 1.0
1190 1195 1.0
1201 1201 1.0
1231 1234 1.0
1237 1237 1.0
1243 1247 1.0
1252 1264 1.0
1278 1279 1.0
1329 1329 1.0
1332 1332 1.0
1347 1347 1.0
1350 1350 1.0
1363 1366 1.0
1368 1368 1.0
1372 1378 1.0
1386 1391 1.0
1415 1415 1.0
1417 1418 1.0
1420 1420 1.0
1435 1439 1.0
1441 1441 1.0
1460 1460 1.0
1465 1465 1.0
1468 1470 1.0
1478 1479 1.0
1481 1483 1.0
1485 1497 1.0
1499 1537 1.0
1578 1617 1.0
1666 1682 1.0
1692 1698 1.0
1700 1700 1.0
1737 1737 1.0
1739 1753 1.0
1756 1758 1.0
1760 1761 1.0
1765 1765 1.0
1782 1782 1.0
1790 1794 1.0
1835 1841 1.0
1855 1855 1.0
1858 1866 1.0
1880 1890 1.0
1933 1934 1.0
1940 1940 1.0
1942 1942 1.0
1951 1961 1.0
1963 1970 1.0
1972 1986 1.0
1990 1990 1.0
2009 2009 1.0
2042 2042 1.0
2058 2061 1.0
2063 2063 1.0
2068 2068 1.0
2071 2072 1.0
2074 2075 1.0
2077 2077 1.0
2083 2093 1.0
2138 2139 1.0
2146 2148 1.0
2150 2153 1.0
2155 2162 1.0
2164 2164 1.0
2166 2171 1.0
2174 2174 1.0
2177 2177 1.0
2179 2184 1.0
2187 2187 1.0
2210 2216 1.0
2219 2220 1.0
2227 2246 1.0
2288 2325 1.0
2372 2420 1.0
2457 2487 1.0
2545 2555 1.0
2557 2560 1.0
2566 2578 1.0
2580 2581 1.0
2585 2585 1.0
2614 2614 1.0
2617 2617 1.0
2620 2620 1.0
2629 2629 1.0
2633 2634 1.0
2636 2636 1.0
2638 2641 1.0
2685 2685 1.0
2690 2690 1.0
2696 2712 1.0
2714 2714 1.0
2717 2717 1.0
2720 2722 1.0
2724 2726 1.0
2753 2753 1.0
2785 2786 1.0
2788 2788 1.0
2792 2792 1.0
2798 2798 1.0
2809 2812 1.0
2814 2814 1.0
2819 2819 1.0
2821 2823 1.0
2825 2825 1.0
2827 2828 1.0
2833 2835 1.0
2837 2838 1.0
2841 2841 1.0
2843 2843 1.0
2846 2846 1.0
2853 2853 1.0
2899 2904 1.0
2908 2908 1.0
2910 2910 1.0
2928 2928 1.0
2932 2937 1.0
2949 2950 1.0
2952 2952 1.0
2954 2955 1.0
2958 2958 1.0
3003 3003 1.0
3013 3040 1.0
3046 3046 1.0
3093 3093 1.0
3097 3109 1.0
3795 3795 1.0
