80 87 1.0
89 89 1.0
91 91 1.0
131 164 1.0
200 226 1.0
228 230 1.0
233 233 1.0
265 266 1.0
268 269 1.0
274 274 1.0
283 283 1.0
285 285 1.0
289 294 1.0
296 296 1.0
308 319 1.0
324 326 1.0
328 328 1.0
330 333 1.0
335 337 1.0
343 345 1.0
353 353 1.0
358 360 1.0
377 378 1.0
380 380 1.0
385 386 1.0
388 389 1.0
399 400 1.0
402 413 1.0
416 416 1.0
431 431 1.0
434 434 1.0
439 439 1.0
441 441 1.0
452 452 1.0
457 457 1.0
475 475 1.0
487 488 1.0
491 499 1.0
506 506 1.0
508 508 1.0
516 516 1.0
524 524 1.0
527 528 1.0
530 531 1.0
537 542 1.0
550 552 1.0
555 555 1.0
581 584 1.0
591 618 1.0
622 627 1.0
636 636 1.0
644 644 1.0
695 696 1.0
698 698 1.0
700 729 1.0
732 735 1.0
737 739 1.0
769 769 1.0
774 774 1.0
786 786 1.0
803 804 1.0
806 806 1.0
819 819 1.0
821 823 1.0
825 840 1.0
843 851 1.0
853 854 1.0
858 858 1.0
862 862 1.0
876 876 1.0
885 887 1.0
889 890 1.0
926 926 1.0
928 963 1.0
965 965 1.0
979 980 1.0
1015 1016 1.0
1019 1055 1.0
1072 1072 1.0
1074 1074 1.0
1076 1076 1.0
1094 1096 1.0
1111 1111 1.0
1113 1113 1.0
1115 1118 1.0
1120 1120 1.0
1122 1123 1.0
1125 1131 1.0
1135 1148 1.0
1152 1152 1.0
1162 1162 1.0
1231 1262 1.0
1264 1264 1.0
1266 1268 1.0
1298 1307 1.0
1310 1313 1.0
1315 1315 1.0
1320 1320 1.0
1325 1326 1.0
1359 1359 1.0
1362 1362 1.0
1371 1371 1.0
1380 1380 1.0
1388 1388 1.0
1410 1416 1.0
1419 1423 1.0
1427 1444 1.0
1446 1446 1.0
1455 1455 1.0
1460 1460 1.0
1462 1462 1.0
1464 1464 1.0
1479 1479 1.0
1485 1485 1.0
1490 1501 1.0
1503 1505 1.0
1524 1525 1.0
1544 1559 1.0
1565 1565 1.0
1567 1581 1.0
1583 1583 1.0
1591 1600 1.0
1602 1602 1.0
1604 1604 1.0
1639 1639 1.0
1650 1671 1.0
1682 1687 1.0
1707 1714 1.0
1716 1716 1.0
1718 1719 1.0
1723 1724 1.0
1726 1731 1.0
1733 1741 1.0
1743 1743 1.0
1748 1751 1.0
1753 1753 1.0
1755 1755 1.0
1758 1758 1.0
1798 1835 1.0
1855 1855 1.0
1873 1877 1.0
1881 1882 1.0
1884 1884 1.0
1886 1886 1.0
