116 117 1.0
119 119 1.0
128 153 1.0
199 207 1.0
220 220 1.0
222 222 1.0
225 229 1.0
232 232 1.0
234 235 1.0
246 262 1.0
264 265 1.0
267 269 1.0
271 271 1.0
274 278 1.0
282 283 1.0
298 298 1.0
300 309 1.0
311 311 1.0
327 327 1.0
329 335 1.0
388 417 1.0
419 419 1.0
421 423 1.0
435 435 1.0
437 439 1.0
441 441 1.0
443 443 1.0
445 446 1.0
448 448 1.0
450 450 1.0
452 459 1.0
461 467 1.0
507 507 1.0
511 511 1.0
518 518 1.0
522 528 1.0
563 568 1.0
570 600 1.0
606 608 1.0
640 641 1.0
643 643 1.0
647 650 1.0
652 653 1.0
694 704 1.0
711 712 1.0
715 716 1.0
718 718 1.0
720 729 1.0
748 748 1.0
750 751 1.0
755 755 1.0
757 757 1.0
770 770 1.0
777 778 1.0
797 798 1.0
800 813 1.0
817 837 1.0
857 857 1.0
877 893 1.0
897 907 1.0
931 931 1.0
933 933 1.0
935 936 1.0
939 939 1.0
942 942 1.0
944 948 1.0
951 951 1.0
1007 1007 1.0
1009 1014 1.0
1017 1046 1.0
1048 1048 1.0
1051 1051 1.0
1053 1054 1.0
1093 1093 1.0
1095 1098 1.0
1102 1102 1.0
1116 1116 1.0
1118 1132 1.0
1135 1135 1.0
1137 1139 1.0
1141 1141 1.0
1143 1146 1.0
1149 1152 1.0
1193 1220 1.0
1224 1225 1.0
1227 1229 1.0
1231 1231 1.0
1259 1261 1.0
1284 1292 1.0
1301 1308 1.0
1315 1321 1.0
1332 1340 1.0
1362 1362 1.0
1382 1382 1.0
1384 1385 1.0
1387 1399 1.0
1402 1416 1.0
1444 1444 1.0
1457 1457 1.0
1459 1460 1.0
1462 1462 1.0
1467 1469 1.0
1471 1481 1.0
1484 1489 1.0
1499 1505 1.0
1524 1531 1.0
1547 1550 1.0
1552 1556 1.0
1573 1573 1.0
1577 1578 1.0
1580 1580 1.0
1582 1582 1.0
1584 1584 1.0
1593 1593 1.0
1595 1604 1.0
1609 1609 1.0
1612 1613 1.0
1617 1617 1.0
1658 1693 1.0
1695 1698 1.0
1705 1705 1.0
1709 1709 1.0
1750 1788 1.0
1817 1819 1.0
1845 1845 1.0
1848 1848 1.0
1850 1850 1.0
1867 1867 1.0
1872 1872 1.0
1878 1878 1.0
1900 1904 1.0
1907 1909 1.0
1913 1913 1.0
1917 1918 1.0
1920 1920 1.0
1929 1930 1.0
1932 1934 1.0
1936 1937 1.0
1959 1966 1.0
1980 1980 1.0
1984 1994 1.0
1996 1996 1.0
2002 2002 1.0
2005 2015 1.0
2017 2017 1.0
2019 2021 1.0
2027 2027 1.0
2076 2076 1.0
2078 2078 1.0
2081 2081 1.0
2084 2084 1.0
2086 2086 1.0
2089 2093 1.0
2095 2100 1.0
2102 2102 1.0
2104 2104 1.0
2106 2108 1.0
2113 2113 1.0
2115 2115 1.0
2118 2123 1.0
2125 2125 1.0
2129 2129 1.0
2131 2132 1.0
2143 2143 1.0
2148 2150 1.0
2156 2156 1.0
2159 2159 1.0
2164 2164 1.0
2176 2176 1.0
2191 2191 1.0
2206 2206 1.0
2208 2209 1.0
2211 2213 1.0
2215 2215 1.0
2217 2220 1.0
2223 2228 1.0
2231 2231 1.0
2237 2238 1.0
2271 2274 1.0
2277 2279 1.0
2282 2290 1.0
2292 2292 1.0
2294 2297 1.0
2299 2304 1.0
2317 2317 1.0
2319 2319 1.0
2346 2353 1.0
2355 2356 1.0
2358 2383 1.0
2385 2385 1.0
2433 2445 1.0
2447 2472 1.0
2476 2476 1.0
2482 2482 1.0
2496 2497 1.0
2524 2528 1.0
2545 2545 1.0
2548 2548 1.0
2553 2561 1.0
2565 2577 1.0
2580 2589 1.0
2591 2591 1.0
2596 2596 1.0
2630 2631 1.0
2633 2633 1.0
2635 2637 1.0
2639 2653 1.0
2655 2662 1.0
2701 2702 1.0
2705 2713 1.0
2715 2731 1.0
2759 2759 1.0
2767 2768 1.0
2770 2785 1.0
2788 2790 1.0
2792 2793 1.0
2795 2796 1.0
2801 2801 1.0
2845 2845 1.0
2850 2852 1.0
2854 2854 1.0
2858 2858 1.0
2860 2873 1.0
2876 2876 1.0
2878 2878 1.0
2881 2887 1.0
2891 2891 1.0
2897 2897 1.0
2913 2913 1.0
2915 2915 1.0
2917 2918 1.0
2926 2926 1.0
2928 2928 1.0
2930 2934 1.0
2940 2940 1.0
2945 2945 1.0
2975 2975 1.0
2977 2977 1.0
2979 2980 1.0
2982 2982 1.0
2984 2990 1.0
2992 2992 1.0
2994 3006 1.0
3012 3012 1.0
3014 3016 1.0
3024 3024 1.0
3026 3027 1.0
3029 3029 1.0
3044 3046 1.0
3070 3070 1.0
3077 3077 1.0
3079 3079 1.0
3088 3088 1.0
3091 3091 1.0
3093 3106 1.0
3109 3132 1.0
3184 3184 1.0
3186 3187 1.0
3189 3190 1.0
3192 3193 1.0
3196 3196 1.0
3198 3203 1.0
3214 3217 1.0
3220 3220 1.0
3226 3226 1.0
3229 3229 1.0
3231 3231 1.0
3233 3233 1.0
3244 3248 1.0
3273 3273 1.0
3280 3281 1.0
3287 3305 1.0
3307 3308 1.0
3312 3318 1.0
3327 3327 1.0
3329 3329 1.0
3331 3332 1.0
3334 3334 1.0
3357 3362 1.0
3383 3384 1.0
3387 3394 1.0
3399 3425 1.0
3428 3428 1.0
3479 3516 1.0
