97 138 1.0
204 204 1.0
257 258 1.0
260 301 1.0
303 304 1.0
318 318 1.0
370 408 1.0
417 422 1.0
424 435 1.0
480 511 1.0
513 517 1.0
566 572 1.0
577 577 1.0
580 595 1.0
603 603 1.0
612 614 1.0
616 616 1.0
626 626 1.0
646 646 1.0
653 653 1.0
656 656 1.0
666 683 1.0
688 690 1.0
698 698 1.0
753 767 1.0
774 775 1.0
777 777 1.0
779 779 1.0
781 786 1.0
793 793 1.0
801 801 1.0
807 808 1.0
853 855 1.0
857 867 1.0
870 888 1.0
890 890 1.0
893 895 1.0
939 939 1.0
941 941 1.0
948 962 1.0
978 978 1.0
982 987 1.0
998 998 1.0
1000 1012 1.0
1028 1031 1.0
1033 1033 1.0
1043 1043 1.0
1051 1076 1.0
1124 1124 1.0
1126 1156 1.0
1190 1190 1.0
1194 1199 1.0
1203 1226 1.0
1230 1231 1.0
1237 1237 1.0
1270 1272 1.0
1274 1274 1.0
1289 1298 1.0
1301 1307 1.0
1317 1319 1.0
1321 1322 1.0
1352 1354 1.0
1358 1388 1.0
1419 1419 1.0
1426 1426 1.0
1468 1468 1.0
1472 1474 1.0
1480 1500 1.0
1502 1502 1.0
1504 1504 1.0
1539 1539 1.0
1545 1551 1.0
1554 1554 1.0
1557 1569 1.0
1571 1571 1.0
1573 1574 1.0
1580 1580 1.0
1582 1583 1.0
1591 1591 1.0
1594 1594 1.0
1602 1602 1.0
1607 1608 1.0
1610 1611 1.0
1613 1615 1.0
1625 1628 1.0
1630 1636 1.0
1638 1639 1.0
1654 1654 1.0
1657 1658 1.0
1699 1699 1.0
1701 1701 1.0
1712 1719 1.0
1721 1732 1.0
1742 1742 1.0
1758 1758 1.0
1772 1779 1.0
1781 1795 1.0
1809 1809 1.0
1825 1825 1.0
1838 1839 1.0
1841 1841 1.0
1857 1859 1.0
1868 1871 1.0
1881 1883 1.0
1885 1886 1.0
1888 1888 1.0
1892 1892 1.0
1898 1898 1.0
1900 1900 1.0
1903 1905 1.0
1907 1907 1.0
1932 1932 1.0
1951 1962 1.0
1965 1965 1.0
1974 1986 1.0
1988 1988 1.0
2002 2002 1.0
2007 2007 1.0
2023 2025 1.0
2032 2033 1.0
2035 2035 1.0
2039 2039 1.0
2050 2050 1.0
2052 2053 1.0
2064 2065 1.0
2076 2076 1.0
2078 2083 1.0
2087 2087 1.0
2089 2089 1.0
2091 2100 1.0
2104 2104 1.0
2106 2108 1.0
2110 2110 1.0
2162 2162 1.0
2166 2166 1.0
2173 2173 1.0
2184 2187 1.0
2193 2197 1.0
2202 2203 1.0
2205 2216 1.0
2227 2227 1.0
2236 2237 1.0
2266 2269 1.0
2276 2303 1.0
2305 2305 1.0
2308 2310 1.0
2312 2313 1.0
2325 2329 1.0
2331 2331 1.0
2333 2336 1.0
2370 2372 1.0
2374 2399 1.0
2419 2419 1.0
2426 2426 1.0
2445 2446 1.0
2468 2468 1.0
2471 2476 1.0
2478 2481 1.0
2485 2486 1.0
2488 2489 1.0
2491 2491 1.0
2495 2495 1.0
2497 2497 1.0
2500 2501 1.0
2503 2504 1.0
2530 2534 1.0
2537 2537 1.0
2545 2558 1.0
2598 2618 1.0
2620 2623 1.0
2625 2627 1.0
2634 2635 1.0
2637 2637 1.0
2662 2662 1.0
2671 2671 1.0
2690 2690 1.0
2702 2702 1.0
2705 2705 1.0
2707 2707 1.0
2712 2714 1.0
2719 2723 1.0
2730 2738 1.0
2740 2742 1.0
2788 2800 1.0
2802 2808 1.0
2817 2817 1.0
2828 2829 1.0
2839 2839 1.0
2849 2850 1.0
2871 2873 1.0
2875 2876 1.0
2880 2883 1.0
2889 2896 1.0
2904 2908 1.0
2916 2916 1.0
2918 2919 1.0
2922 2926 1.0
2931 2931 1.0
2951 2951 1.0
2984 2988 1.0
2990 3032 1.0
3035 3035 1.0
3071 3071 1.0
3074 3077 1.0
3082 3093 1.0
3448 3448 1.0
