78 78 1.0
115 150 1.0
152 152 1.0
177 177 1.0
180 180 1.0
192 192 1.0
196 196 1.0
198 198 1.0
200 205 1.0
209 210 1.0
220 220 1.0
228 228 1.0
232 232 1.0
249 249 1.0
252 252 1.0
254 254 1.0
278 278 1.0
280 280 1.0
282 286 1.0
288 289 1.0
291 312 1.0
314 314 1.0
351 351 1.0
353 353 1.0
355 355 1.0
360 360 1.0
365 366 1.0
368 370 1.0
372 375 1.0
396 396 1.0
402 402 1.0
405 405 1.0
418 426 1.0
435 437 1.0
448 448 1.0
464 472 1.0
476 476 1.0
478 478 1.0
481 485 1.0
487 492 1.0
494 494 1.0
496 499 1.0
509 509 1.0
511 511 1.0
513 513 1.0
515 518 1.0
530 533 1.0
535 535 1.0
537 542 1.0
562 562 1.0
564 565 1.0
567 567 1.0
571 572 1.0
579 583 1.0
586 586 1.0
588 588 1.0
598 598 1.0
633 634 1.0
645 645 1.0
647 652 1.0
654 654 1.0
656 668 1.0
678 681 1.0
707 709 1.0
719 720 1.0
722 722 1.0
724 736 1.0
748 753 1.0
761 761 1.0
776 776 1.0
781 782 1.0
784 785 1.0
792 796 1.0
818 818 1.0
828 828 1.0
833 855 1.0
857 859 1.0
861 861 1.0
894 894 1.0
898 915 1.0
1651 1651 1.0
3490 3490 1.0
