82 83 1.0
111 111 1.0
113 123 1.0
125 126 1.0
128 128 1.0
134 144 1.0
146 146 1.0
157 157 1.0
162 162 1.0
165 165 1.0
168 171 1.0
175 175 1.0
178 178 1.0
181 181 1.0
183 189 1.0
191 192 1.0
196 196 1.0
199 199 1.0
202 202 1.0
204 204 1.0
208 208 1.0
251 254 1.0
256 266 1.0
272 289 1.0
293 293 1.0
295 295 1.0
301 301 1.0
304 304 1.0
307 307 1.0
322 324 1.0
326 330 1.0
332 332 1.0
334 335 1.0
338 338 1.0
340 340 1.0
343 351 1.0
359 359 1.0
363 363 1.0
365 367 1.0
371 374 1.0
386 395 1.0
407 407 1.0
413 413 1.0
416 416 1.0
418 422 1.0
427 427 1.0
434 436 1.0
439 439 1.0
441 444 1.0
446 450 1.0
452 456 1.0
469 471 1.0
474 476 1.0
478 478 1.0
483 484 1.0
486 489 1.0
499 499 1.0
501 502 1.0
504 506 1.0
511 511 1.0
515 515 1.0
517 517 1.0
529 541 1.0
544 545 1.0
547 551 1.0
554 567 1.0
573 575 1.0
606 610 1.0
615 636 1.0
638 638 1.0
640 640 1.0
671 683 1.0
685 693 1.0
695 704 1.0
706 706 1.0
717 717 1.0
725 725 1.0
730 730 1.0
732 733 1.0
745 748 1.0
753 765 1.0
772 790 1.0
812 814 1.0
828 849 1.0
854 863 1.0
872 872 1.0
875 875 1.0
877 877 1.0
888 888 1.0
890 892 1.0
894 897 1.0
900 902 1.0
904 904 1.0
906 907 1.0
946 969 1.0
971 978 1.0
1004 1004 1.0
1012 1012 1.0
1017 1035 1.0
1037 1037 1.0
1040 1040 1.0
1043 1043 1.0
1046 1046 1.0
1048 1048 1.0
1051 1051 1.0
1053 1054 1.0
1068 1070 1.0
1094 1095 1.0
1097 1098 1.0
1100 1100 1.0
1113 1126 1.0
1128 1128 1.0
1137 1137 1.0
1141 1153 1.0
1155 1155 1.0
1157 1157 1.0
1159 1178 1.0
1181 1185 1.0
1214 1214 1.0
1217 1218 1.0
1226 1226 1.0
1228 1251 1.0
1263 1270 1.0
1286 1286 1.0
1288 1288 1.0
1293 1293 1.0
1297 1298 1.0
1303 1303 1.0
1311 1319 1.0
1328 1330 1.0
1332 1335 1.0
1337 1337 1.0
1345 1345 1.0
1348 1348 1.0
1354 1355 1.0
1357 1366 1.0
1368 1370 1.0
1375 1378 1.0
1380 1381 1.0
1406 1407 1.0
1409 1413 1.0
1415 1417 1.0
1419 1443 1.0
1445 1445 1.0
1455 1456 1.0
1489 1489 1.0
1495 1495 1.0
1497 1531 1.0
1541 1550 1.0
1553 1556 1.0
1575 1576 1.0
1596 1601 1.0
1603 1633 1.0
1637 1637 1.0
1668 1668 1.0
1677 1677 1.0
1683 1683 1.0
1686 1702 1.0
1705 1705 1.0
1709 1710 1.0
1713 1714 1.0
1716 1729 1.0
1739 1744 1.0
1768 1774 1.0
1783 1783 1.0
1785 1795 1.0
1799 1799 1.0
1801 1805 1.0
1809 1819 1.0
1832 1839 1.0
1858 1860 1.0
1862 1865 1.0
1878 1889 1.0
1903 1912 1.0
1923 1923 1.0
1926 1940 1.0
1942 1942 1.0
1947 1959 1.0
1969 1976 1.0
1979 1979 1.0
1981 1982 1.0
1996 2002 1.0
2021 2025 1.0
2027 2028 1.0
2038 2056 1.0
2058 2058 1.0
2064 2064 1.0
2067 2073 1.0
2089 2098 1.0
2100 2100 1.0
2113 2113 1.0
2115 2118 1.0
3448 3448 1.0
