78 95 1.0
128 128 1.0
132 133 1.0
135 153 1.0
155 160 1.0
162 162 1.0
164 181 1.0
192 192 1.0
195 204 1.0
206 206 1.0
224 224 1.0
268 316 1.0
318 321 1.0
323 324 1.0
326 326 1.0
335 335 1.0
352 387 1.0
404 412 1.0
420 420 1.0
423 423 1.0
425 440 1.0
481 481 1.0
483 509 1.0
511 516 1.0
520 521 1.0
549 549 1.0
552 558 1.0
560 566 1.0
569 578 1.0
580 580 1.0
584 585 1.0
601 601 1.0
606 610 1.0
614 614 1.0
616 622 1.0
624 628 1.0
630 630 1.0
633 638 1.0
640 641 1.0
643 643 1.0
648 648 1.0
650 650 1.0
685 685 1.0
689 691 1.0
694 710 1.0
712 717 1.0
730 731 1.0
735 735 1.0
742 742 1.0
752 752 1.0
755 755 1.0
757 760 1.0
762 762 1.0
776 776 1.0
778 779 1.0
781 786 1.0
797 797 1.0
799 808 1.0
822 836 1.0
838 838 1.0
845 858 1.0
875 875 1.0
877 877 1.0
895 910 1.0
912 912 1.0
954 982 1.0
984 992 1.0
994 994 1.0
1019 1019 1.0
1021 1021 1.0
1025 1025 1.0
1033 1046 1.0
1048 1050 1.0
1067 1067 1.0
1081 1081 1.0
1084 1086 1.0
1089 1112 1.0
1125 1125 1.0
1137 1138 1.0
1141 1142 1.0
1149 1154 1.0
1166 1172 1.0
1181 1181 1.0
1184 1184 1.0
1199 1204 1.0
1214 1218 1.0
1220 1221 1.0
1223 1236 1.0
1239 1239 1.0
1243 1251 1.0
1255 1255 1.0
1257 1261 1.0
1264 1266 1.0
1276 1276 1.0
1278 1279 1.0
1281 1281 1.0
1309 1310 1.0
1312 1312 1.0
1316 1316 1.0
1318 1318 1.0
1320 1325 1.0
1328 1328 1.0
1343 1343 1.0
1352 1355 1.0
1357 1357 1.0
1360 1372 1.0
1375 1389 1.0
1410 1412 1.0
1430 1446 1.0
1451 1464 1.0
1468 1468 1.0
1485 1485 1.0
1507 1520 1.0
1524 1524 1.0
1526 1526 1.0
1536 1536 1.0
1538 1538 1.0
1541 1541 1.0
1543 1548 1.0
1552 1552 1.0
1559 1573 1.0
1575 1575 1.0
1577 1577 1.0
1586 1586 1.0
1614 1614 1.0
1622 1622 1.0
1625 1632 1.0
1637 1641 1.0
1643 1643 1.0
1645 1659 1.0
1668 1677 1.0
1682 1682 1.0
1698 1702 1.0
1704 1705 1.0
1708 1708 1.0
1710 1710 1.0
1716 1719 1.0
1721 1721 1.0
1723 1730 1.0
1732 1735 1.0
1738 1739 1.0
1741 1741 1.0
1751 1760 1.0
1763 1774 1.0
1781 1783 1.0
1785 1788 1.0
1829 1834 1.0
1837 1841 1.0
1849 1850 1.0
1855 1861 1.0
1864 1866 1.0
1870 1874 1.0
1881 1883 1.0
1889 1892 1.0
1898 1910 1.0
1913 1926 1.0
1929 1934 1.0
1965 1965 1.0
1971 1998 1.0
2013 2014 1.0
2021 2021 1.0
2041 2042 1.0
2067 2067 1.0
2072 2110 1.0
2132 2136 1.0
2138 2138 1.0
2141 2141 1.0
2149 2152 1.0
2161 2162 1.0
2178 2178 1.0
2183 2184 1.0
2190 2197 1.0
2201 2204 1.0
2206 2215 1.0
2217 2224 1.0
2226 2227 1.0
2236 2238 1.0
2241 2241 1.0
2269 2275 1.0
2277 2278 1.0
2280 2306 1.0
2332 2335 1.0
2342 2342 1.0
2345 2351 1.0
2354 2356 1.0
2358 2363 1.0
2369 2369 1.0
2373 2375 1.0
2389 2391 1.0
2402 2402 1.0
2414 2426 1.0
2429 2432 1.0
2434 2439 1.0
2441 2443 1.0
2445 2448 1.0
2451 2451 1.0
2469 2471 1.0
2476 2476 1.0
2478 2478 1.0
2480 2480 1.0
2482 2482 1.0
2490 2506 1.0
2508 2513 1.0
2515 2527 1.0
2544 2544 1.0
2550 2550 1.0
2552 2552 1.0
2560 2560 1.0
2567 2582 1.0
2584 2585 1.0
2587 2587 1.0
2592 2596 1.0
2606 2606 1.0
2635 2635 1.0
2637 2641 1.0
2643 2643 1.0
2645 2645 1.0
2648 2651 1.0
2653 2668 1.0
2674 2674 1.0
2685 2685 1.0
2690 2691 1.0
2695 2695 1.0
2697 2700 1.0
2702 2702 1.0
2705 2730 1.0
2732 2732 1.0
2758 2758 1.0
2760 2761 1.0
2763 2765 1.0
2769 2799 1.0
2825 2825 1.0
2843 2843 1.0
2845 2847 1.0
2850 2852 1.0
2854 2857 1.0
2860 2860 1.0
2862 2862 1.0
2864 2864 1.0
2866 2880 1.0
2882 2882 1.0
2887 2888 1.0
2890 2891 1.0
2895 2896 1.0
2899 2899 1.0
2902 2905 1.0
2939 2939 1.0
2944 2947 1.0
2949 2979 1.0
3018 3021 1.0
3024 3026 1.0
3028 3028 1.0
3031 3040 1.0
3042 3044 1.0
3048 3057 1.0
3059 3070 1.0
3077 3080 1.0
3082 3091 1.0
3093 3093 1.0
3095 3096 1.0
3130 3130 1.0
3136 3159 1.0
3164 3164 1.0
3168 3172 1.0
3176 3176 1.0
3180 3183 1.0
3185 3186 1.0
3197 3206 1.0
3210 3212 1.0
3214 3214 1.0
3216 3216 1.0
3219 3219 1.0
3221 3222 1.0
3225 3232 1.0
3238 3240 1.0
3280 3280 1.0
3282 3315 1.0
3319 3319 1.0
3354 3356 1.0
3358 3359 1.0
3366 3366 1.0
3370 3370 1.0
3372 3391 1.0
3393 3402 1.0
3404 3408 1.0
3420 3420 1.0
3422 3422 1.0
3451 3451 1.0
3453 3453 1.0
3455 3455 1.0
3457 3457 1.0
3459 3459 1.0
3462 3463 1.0
3465 3479 1.0
3483 3484 1.0
3488 3488 1.0
3494 3494 1.0
3502 3502 1.0
3516 3516 1.0
3518 3520 1.0
3523 3525 1.0
3527 3531 1.0
3533 3539 1.0
3543 3544 1.0
3546 3547 1.0
3552 3552 1.0
3555 3555 1.0
3558 3558 1.0
3560 3560 1.0
3562 3562 1.0
3565 3566 1.0
3570 3570 1.0
3573 3573 1.0
3578 3581 1.0
3583 3583 1.0
3617 3620 1.0
3624 3627 1.0
3636 3656 1.0
3658 3673 1.0
3695 3695 1.0
3698 3698 1.0
3709 3727 1.0
3729 3730 1.0
3769 3769 1.0
3774 3775 1.0
3777 3811 1.0
3813 3817 1.0
3847 3847 1.0
3849 3849 1.0
3859 3859 1.0
3863 3863 1.0
3865 3868 1.0
3870 3884 1.0
3889 3910 1.0
3916 3916 1.0
3918 3918 1.0
3924 3925 1.0
3927 3927 1.0
3959 3959 1.0
3961 3961 1.0
3964 3964 1.0
3966 3998 1.0
4000 4001 1.0
4042 4044 1.0
4046 4046 1.0
4057 4057 1.0
4059 4060 1.0
4063 4064 1.0
4066 4066 1.0
4070 4070 1.0
4074 4078 1.0
4080 4081 1.0
4083 4083 1.0
4085 4086 1.0
4088 4088 1.0
4090 4093 1.0
4103 4103 1.0
4105 4105 1.0
4127 4127 1.0
4137 4138 1.0
4140 4140 1.0
4147 4150 1.0
4152 4152 1.0
4156 4164 1.0
4166 4184 1.0
4186 4194 1.0
4200 4200 1.0
