78 94 1.0
120 130 1.0
133 133 1.0
169 204 1.0
224 224 1.0
266 266 1.0
268 276 1.0
278 312 1.0
314 317 1.0
319 320 1.0
324 324 1.0
369 369 1.0
371 377 1.0
379 379 1.0
381 390 1.0
392 396 1.0
402 406 1.0
418 418 1.0
420 420 1.0
428 429 1.0
431 433 1.0
435 439 1.0
441 442 1.0
444 446 1.0
448 454 1.0
490 512 1.0
515 525 1.0
544 544 1.0
556 556 1.0
563 563 1.0
568 569 1.0
571 576 1.0
578 578 1.0
622 622 1.0
624 624 1.0
626 627 1.0
629 629 1.0
631 633 1.0
635 653 1.0
657 659 1.0
667 668 1.0
672 672 1.0
687 687 1.0
692 694 1.0
697 704 1.0
706 706 1.0
711 711 1.0
724 724 1.0
751 757 1.0
767 768 1.0
770 775 1.0
777 783 1.0
801 802 1.0
804 804 1.0
807 807 1.0
811 811 1.0
813 815 1.0
828 831 1.0
835 844 1.0
846 847 1.0
858 858 1.0
860 865 1.0
867 872 1.0
912 943 1.0
945 945 1.0
947 947 1.0
984 984 1.0
986 1021 1.0
1070 1070 1.0
1074 1075 1.0
1079 1079 1.0
1093 1105 1.0
1110 1110 1.0
1125 1130 1.0
1134 1134 1.0
1143 1149 1.0
1151 1151 1.0
1153 1153 1.0
1155 1162 1.0
1176 1177 1.0
1204 1204 1.0
1212 1213 1.0
1216 1218 1.0
1220 1220 1.0
1243 1249 1.0
1252 1252 1.0
1256 1280 1.0
1331 1331 1.0
1339 1339 1.0
1341 1360 1.0
1364 1364 1.0
1366 1376 1.0
1378 1378 1.0
1420 1420 1.0
1424 1424 1.0
1463 1463 1.0
1466 1475 1.0
1485 1492 1.0
1497 1499 1.0
1507 1507 1.0
1512 1515 1.0
1518 1518 1.0
1520 1520 1.0
1531 1531 1.0
1533 1534 1.0
1536 1537 1.0
1539 1539 1.0
1542 1544 1.0
1547 1547 1.0
1552 1559 1.0
1561 1562 1.0
1587 1588 1.0
1597 1619 1.0
1621 1621 1.0
1623 1623 1.0
1657 1678 1.0
1719 1724 1.0
1765 1802 1.0
1864 1864 1.0
1875 1891 1.0
1893 1893 1.0
1903 1903 1.0
1916 1916 1.0
1920 1922 1.0
1925 1925 1.0
1940 1940 1.0
1969 1977 1.0
1980 1981 1.0
1986 1986 1.0
1995 1996 1.0
1998 1999 1.0
2001 2001 1.0
2003 2006 1.0
2010 2014 1.0
2016 2016 1.0
2022 2022 1.0
2025 2025 1.0
2062 2062 1.0
2066 2081 1.0
2083 2083 1.0
2094 2094 1.0
2097 2099 1.0
2101 2101 1.0
2103 2103 1.0
2105 2105 1.0
2125 2127 1.0
2129 2129 1.0
2133 2133 1.0
2147 2149 1.0
