79 80 1.0
95 96 1.0
101 101 1.0
103 103 1.0
114 130 1.0
135 137 1.0
139 139 1.0
142 143 1.0
185 196 1.0
202 216 1.0
221 222 1.0
225 229 1.0
232 232 1.0
254 262 1.0
266 266 1.0
268 281 1.0
284 289 1.0
325 326 1.0
329 329 1.0
338 340 1.0
351 352 1.0
354 354 1.0
368 368 1.0
370 375 1.0
378 383 1.0
386 386 1.0
393 400 1.0
407 407 1.0
411 412 1.0
438 444 1.0
446 446 1.0
453 462 1.0
465 465 1.0
472 472 1.0
501 501 1.0
504 509 1.0
511 524 1.0
571 596 1.0
598 608 1.0
630 631 1.0
637 639 1.0
649 652 1.0
663 664 1.0
671 674 1.0
678 678 1.0
682 699 1.0
712 712 1.0
716 720 1.0
730 730 1.0
735 736 1.0
738 738 1.0
758 758 1.0
763 763 1.0
765 765 1.0
771 771 1.0
777 782 1.0
784 793 1.0
799 799 1.0
816 818 1.0
849 849 1.0
851 852 1.0
857 857 1.0
859 859 1.0
865 882 1.0
886 886 1.0
919 919 1.0
921 923 1.0
925 925 1.0
927 928 1.0
945 948 1.0
968 968 1.0
972 972 1.0
974 975 1.0
979 983 1.0
985 989 1.0
991 1003 1.0
1027 1031 1.0
1038 1038 1.0
1042 1045 1.0
1047 1064 1.0
1069 1073 1.0
1120 1120 1.0
1124 1124 1.0
1127 1167 1.0
1212 1241 1.0
1244 1251 1.0
1254 1260 1.0
1264 1264 1.0
1266 1273 1.0
1278 1278 1.0
1314 1315 1.0
1317 1351 1.0
1359 1359 1.0
1410 1433 1.0
1435 1458 1.0
1484 1484 1.0
1497 1501 1.0
1504 1544 1.0
1546 1546 1.0
1559 1560 1.0
1584 1597 1.0
1599 1616 1.0
1655 1657 1.0
1662 1692 1.0
1696 1702 1.0
1705 1705 1.0
1722 1722 1.0
1727 1727 1.0
1731 1733 1.0
1754 1755 1.0
1757 1759 1.0
1762 1762 1.0
1764 1764 1.0
1779 1779 1.0
1782 1782 1.0
1784 1784 1.0
1787 1790 1.0
1831 1831 1.0
1833 1834 1.0
1838 1854 1.0
1860 1860 1.0
1862 1862 1.0
1874 1875 1.0
1896 1896 1.0
1899 1899 1.0
1902 1903 1.0
1905 1910 1.0
1912 1919 1.0
1958 1987 1.0
1998 1999 1.0
2006 2009 1.0
2022 2023 1.0
2032 2032 1.0
2051 2058 1.0
2063 2063 1.0
2065 2083 1.0
2098 2100 1.0
2102 2102 1.0
