101 101 1.0
105 105 1.0
113 138 1.0
140 142 1.0
144 147 1.0
149 152 1.0
155 155 1.0
161 161 1.0
163 169 1.0
171 174 1.0
176 177 1.0
186 186 1.0
195 195 1.0
197 198 1.0
200 200 1.0
218 230 1.0
232 232 1.0
241 258 1.0
260 260 1.0
262 262 1.0
265 269 1.0
272 272 1.0
274 276 1.0
278 278 1.0
283 283 1.0
286 286 1.0
288 289 1.0
299 299 1.0
301 302 1.0
306 317 1.0
330 338 1.0
340 340 1.0
355 355 1.0
357 357 1.0
360 360 1.0
364 364 1.0
382 382 1.0
399 401 1.0
403 437 1.0
442 447 1.0
451 451 1.0
471 471 1.0
492 506 1.0
508 508 1.0
510 516 1.0
518 527 1.0
565 602 1.0
604 604 1.0
606 619 1.0
622 622 1.0
624 625 1.0
629 631 1.0
633 633 1.0
658 669 1.0
672 672 1.0
674 692 1.0
709 709 1.0
711 715 1.0
723 723 1.0
725 725 1.0
730 736 1.0
739 742 1.0
744 748 1.0
755 762 1.0
765 767 1.0
769 769 1.0
772 777 1.0
808 809 1.0
818 818 1.0
820 822 1.0
824 825 1.0
833 836 1.0
838 846 1.0
848 851 1.0
858 859 1.0
861 861 1.0
864 864 1.0
866 877 1.0
885 908 1.0
912 922 1.0
963 1000 1.0
1020 1020 1.0
1022 1023 1.0
1025 1025 1.0
1034 1056 1.0
1065 1075 1.0
1088 1088 1.0
1094 1100 1.0
1133 1133 1.0
1153 1153 1.0
1155 1155 1.0
1159 1159 1.0
1163 1163 1.0
1166 1168 1.0
1172 1203 1.0
1207 1212 1.0
1253 1253 1.0
1256 1279 1.0
1281 1289 1.0
1292 1293 1.0
1295 1297 1.0
1300 1303 1.0
1313 1313 1.0
1315 1319 1.0
1321 1323 1.0
1325 1325 1.0
1349 1349 1.0
1392 1431 1.0
1438 1438 1.0
1441 1441 1.0
1443 1448 1.0
1450 1450 1.0
1463 1463 1.0
1480 1500 1.0
1502 1516 1.0
1532 1533 1.0
1538 1545 1.0
1555 1566 1.0
1572 1572 1.0
1574 1574 1.0
1616 1646 1.0
1648 1653 1.0
1665 1667 1.0
1678 1701 1.0
1706 1712 1.0
1733 1733 1.0
1740 1740 1.0
1743 1744 1.0
1756 1768 1.0
1780 1780 1.0
1786 1787 1.0
1789 1793 1.0
1795 1795 1.0
1799 1799 1.0
1806 1812 1.0
1814 1816 1.0
1820 1821 1.0
1823 1823 1.0
1826 1826 1.0
1832 1832 1.0
1846 1846 1.0
1851 1851 1.0
1857 1857 1.0
1860 1860 1.0
1862 1862 1.0
1864 1864 1.0
1911 1911 1.0
1913 1913 1.0
1915 1915 1.0
1917 1948 1.0
1950 1950 1.0
1952 1952 1.0
1954 1954 1.0
1956 1956 1.0
1963 1964 1.0
1966 1969 1.0
1971 1972 1.0
1988 1988 1.0
1990 1991 1.0
1993 1995 1.0
1997 1997 1.0
1999 1999 1.0
2011 2011 1.0
2013 2013 1.0
2015 2023 1.0
2025 2025 1.0
2027 2027 1.0
2034 2034 1.0
2040 2043 1.0
2048 2069 1.0
2071 2071 1.0
2073 2073 1.0
2075 2076 1.0
2080 2080 1.0
2082 2082 1.0
2110 2110 1.0
2112 2112 1.0
2114 2137 1.0
2141 2141 1.0
2143 2143 1.0
2146 2147 1.0
2159 2161 1.0
2163 2192 1.0
2209 2210 1.0
2217 2217 1.0
2224 2224 1.0
2231 2236 1.0
2238 2238 1.0
2285 2325 1.0
2327 2327 1.0
2336 2336 1.0
2363 2364 1.0
2366 2376 1.0
2378 2379 1.0
2381 2381 1.0
2388 2388 1.0
2390 2398 1.0
2400 2401 1.0
2403 2405 1.0
2407 2407 1.0
2410 2410 1.0
2415 2415 1.0
2418 2418 1.0
2420 2431 1.0
2433 2434 1.0
2452 2452 1.0
2454 2465 1.0
2467 2468 1.0
2470 2471 1.0
2475 2475 1.0
2514 2527 1.0
2530 2548 1.0
2550 2551 1.0
2559 2560 1.0
2562 2571 1.0
2579 2582 1.0
2587 2587 1.0
2590 2590 1.0
2638 2676 1.0
2692 2692 1.0
2694 2694 1.0
2697 2701 1.0
2712 2722 1.0
2742 2747 1.0
2749 2749 1.0
2770 2770 1.0
2773 2773 1.0
2781 2817 1.0
2855 2890 1.0
2896 2896 1.0
2918 2935 1.0
2937 2949 1.0
2951 2951 1.0
2976 2976 1.0
2986 2991 1.0
2995 3004 1.0
3006 3006 1.0
3009 3009 1.0
3041 3045 1.0
3048 3069 1.0
3072 3072 1.0
3089 3090 1.0
3100 3100 1.0
3103 3104 1.0
3106 3124 1.0
3128 3143 1.0
3161 3161 1.0
3164 3164 1.0
3207 3248 1.0
3250 3255 1.0
3258 3262 1.0
3265 3266 1.0
3269 3269 1.0
3283 3284 1.0
3313 3322 1.0
3324 3331 1.0
3335 3348 1.0
3366 3366 1.0
3368 3373 1.0
3386 3403 1.0
3405 3405 1.0
3407 3407 1.0
3410 3410 1.0
3412 3412 1.0
3415 3416 1.0
3419 3433 1.0
3435 3435 1.0
3472 3472 1.0
3474 3509 1.0
3511 3511 1.0
3513 3514 1.0
3516 3516 1.0
3518 3518 1.0
3553 3553 1.0
3557 3558 1.0
3560 3560 1.0
