103 107 1.0
109 109 1.0
111 111 1.0
121 134 1.0
136 136 1.0
169 205 1.0
222 253 1.0
288 288 1.0
290 320 1.0
356 356 1.0
358 369 1.0
371 372 1.0
377 377 1.0
381 382 1.0
384 384 1.0
399 400 1.0
402 436 1.0
476 478 1.0
482 484 1.0
486 495 1.0
518 518 1.0
520 521 1.0
523 523 1.0
529 551 1.0
560 567 1.0
570 570 1.0
572 572 1.0
574 586 1.0
588 588 1.0
590 596 1.0
607 607 1.0
625 625 1.0
627 627 1.0
632 633 1.0
635 637 1.0
639 641 1.0
643 644 1.0
646 647 1.0
682 722 1.0
724 724 1.0
737 738 1.0
740 743 1.0
761 775 1.0
778 778 1.0
790 791 1.0
793 795 1.0
818 818 1.0
820 828 1.0
830 859 1.0
861 863 1.0
865 865 1.0
867 874 1.0
876 878 1.0
880 880 1.0
927 966 1.0
971 971 1.0
1003 1038 1.0
1040 1040 1.0
1059 1059 1.0
1061 1061 1.0
1075 1075 1.0
1077 1077 1.0
1079 1080 1.0
1090 1090 1.0
1098 1098 1.0
1100 1131 1.0
1168 1186 1.0
1189 1189 1.0
1191 1191 1.0
1194 1205 1.0
1214 1216 1.0
1218 1219 1.0
1222 1222 1.0
1228 1228 1.0
1230 1231 1.0
1241 1241 1.0
1243 1243 1.0
1248 1248 1.0
1262 1262 1.0
1264 1265 1.0
1267 1267 1.0
1270 1273 1.0
1276 1276 1.0
1278 1278 1.0
1280 1280 1.0
1282 1285 1.0
1287 1287 1.0
1289 1290 1.0
1292 1292 1.0
1295 1299 1.0
1301 1301 1.0
1304 1304 1.0
1307 1307 1.0
1324 1324 1.0
1326 1329 1.0
1343 1363 1.0
1366 1366 1.0
1368 1380 1.0
1399 1399 1.0
1401 1403 1.0
1405 1406 1.0
1420 1433 1.0
1435 1435 1.0
1445 1455 1.0
1474 1482 1.0
1491 1491 1.0
1493 1508 1.0
1520 1526 1.0
1542 1545 1.0
1547 1548 1.0
1556 1556 1.0
1560 1560 1.0
1562 1562 1.0
1565 1567 1.0
1569 1574 1.0
1576 1576 1.0
1584 1584 1.0
1586 1593 1.0
1602 1602 1.0
1604 1605 1.0
1609 1609 1.0
1611 1613 1.0
1615 1617 1.0
1619 1621 1.0
1623 1623 1.0
1629 1630 1.0
1632 1632 1.0
1634 1647 1.0
1651 1652 1.0
1660 1660 1.0
1662 1662 1.0
1664 1666 1.0
1668 1672 1.0
1691 1699 1.0
1701 1702 1.0
1705 1705 1.0
1711 1711 1.0
1713 1713 1.0
1715 1726 1.0
1738 1738 1.0
1740 1740 1.0
1742 1752 1.0
1754 1754 1.0
1765 1775 1.0
1777 1777 1.0
1793 1800 1.0
1803 1803 1.0
1807 1808 1.0
1811 1814 1.0
1816 1824 1.0
1826 1833 1.0
1837 1844 1.0
1847 1847 1.0
1851 1851 1.0
1853 1853 1.0
1856 1860 1.0
1862 1866 1.0
1868 1868 1.0
1879 1879 1.0
1883 1883 1.0
1886 1887 1.0
1890 1890 1.0
3456 3456 1.0
