79 79 1.0
81 84 1.0
86 86 1.0
122 145 1.0
149 149 1.0
152 159 1.0
185 185 1.0
188 189 1.0
205 219 1.0
224 224 1.0
233 242 1.0
255 262 1.0
265 266 1.0
281 281 1.0
283 284 1.0
301 302 1.0
305 309 1.0
315 315 1.0
328 343 1.0
347 366 1.0
408 409 1.0
416 417 1.0
422 422 1.0
426 426 1.0
461 462 1.0
466 466 1.0
480 494 1.0
496 496 1.0
505 516 1.0
530 534 1.0
536 536 1.0
557 557 1.0
573 577 1.0
579 592 1.0
596 605 1.0
607 607 1.0
613 613 1.0
616 616 1.0
653 653 1.0
656 680 1.0
682 682 1.0
684 684 1.0
687 687 1.0
689 689 1.0
709 709 1.0
711 712 1.0
736 744 1.0
752 752 1.0
754 773 1.0
784 789 1.0
791 791 1.0
818 818 1.0
835 855 1.0
857 871 1.0
900 901 1.0
2371 2371 1.0
2376 2376 1.0
3352 3352 1.0
