88 88 1.0
92 92 1.0
94 94 1.0
103 103 1.0
114 114 1.0
150 150 1.0
160 160 1.0
162 177 1.0
185 186 1.0
220 220 1.0
231 231 1.0
233 238 1.0
240 242 1.0
244 257 1.0
259 259 1.0
279 281 1.0
301 309 1.0
328 329 1.0
370 407 1.0
462 463 1.0
466 468 1.0
470 470 1.0
474 477 1.0
480 480 1.0
491 491 1.0
493 493 1.0
523 525 1.0
528 528 1.0
541 541 1.0
544 556 1.0
571 571 1.0
575 575 1.0
586 586 1.0
588 588 1.0
591 591 1.0
594 605 1.0
614 614 1.0
617 620 1.0
660 672 1.0
675 677 1.0
680 682 1.0
687 687 1.0
690 690 1.0
732 732 1.0
734 747 1.0
753 753 1.0
821 856 1.0
896 896 1.0
914 924 1.0
976 976 1.0
985 985 1.0
988 1004 1.0
1009 1009 1.0
1043 1044 1.0
1067 1068 1.0
1089 1089 1.0
1091 1099 1.0
1101 1101 1.0
1112 1112 1.0
1116 1126 1.0
1138 1138 1.0
1141 1149 1.0
1192 1211 1.0
1213 1220 1.0
1224 1224 1.0
1258 1260 1.0
1298 1300 1.0
1307 1307 1.0
1309 1314 1.0
1317 1317 1.0
1332 1332 1.0
1339 1339 1.0
1341 1341 1.0
1360 1363 1.0
1365 1366 1.0
1393 1393 1.0
1397 1397 1.0
1405 1405 1.0
1407 1407 1.0
1410 1415 1.0
1417 1421 1.0
1423 1424 1.0
1432 1432 1.0
1460 1460 1.0
1478 1478 1.0
1484 1488 1.0
1492 1493 1.0
1499 1499 1.0
1504 1504 1.0
1509 1510 1.0
1517 1517 1.0
1521 1521 1.0
1566 1571 1.0
1575 1577 1.0
1579 1587 1.0
1589 1603 1.0
1609 1616 1.0
1626 1626 1.0
1656 1663 1.0
1666 1669 1.0
1671 1671 1.0
1679 1681 1.0
1683 1683 1.0
1697 1697 1.0
1716 1716 1.0
1720 1720 1.0
1723 1723 1.0
1730 1730 1.0
1736 1751 1.0
1762 1767 1.0
1769 1772 1.0
1830 1830 1.0
1832 1858 1.0
1863 1863 1.0
1878 1878 1.0
