88 89 1.0
91 93 1.0
95 101 1.0
107 108 1.0
112 128 1.0
131 132 1.0
143 143 1.0
167 167 1.0
180 180 1.0
182 193 1.0
206 207 1.0
209 214 1.0
216 217 1.0
219 219 1.0
232 232 1.0
234 234 1.0
236 241 1.0
245 247 1.0
253 253 1.0
255 256 1.0
258 258 1.0
260 260 1.0
262 263 1.0
265 265 1.0
276 276 1.0
280 282 1.0
289 289 1.0
302 306 1.0
308 317 1.0
324 326 1.0
328 340 1.0
342 343 1.0
345 345 1.0
355 363 1.0
365 366 1.0
369 369 1.0
374 374 1.0
376 376 1.0
379 379 1.0
422 435 1.0
446 459 1.0
470 487 1.0
497 504 1.0
