100 100 1.0
131 149 1.0
151 158 1.0
160 169 1.0
187 188 1.0
210 210 1.0
212 212 1.0
214 214 1.0
217 217 1.0
219 219 1.0
227 249 1.0
253 254 1.0
256 256 1.0
258 259 1.0
263 263 1.0
279 279 1.0
282 282 1.0
285 285 1.0
287 290 1.0
293 295 1.0
298 299 1.0
315 315 1.0
337 337 1.0
339 351 1.0
354 354 1.0
356 358 1.0
360 370 1.0
376 378 1.0
381 381 1.0
383 384 1.0
387 387 1.0
390 390 1.0
393 393 1.0
397 397 1.0
409 410 1.0
420 420 1.0
422 426 1.0
429 446 1.0
448 456 1.0
458 459 1.0
463 470 1.0
472 473 1.0
489 489 1.0
520 520 1.0
529 529 1.0
532 557 1.0
559 560 1.0
564 577 1.0
579 583 1.0
586 590 1.0
592 592 1.0
599 600 1.0
631 631 1.0
633 636 1.0
638 674 1.0
679 683 1.0
686 686 1.0
688 690 1.0
728 765 1.0
769 771 1.0
773 779 1.0
781 781 1.0
783 783 1.0
791 791 1.0
824 845 1.0
852 852 1.0
856 857 1.0
859 870 1.0
872 872 1.0
883 886 1.0
893 893 1.0
911 920 1.0
924 929 1.0
932 944 1.0
965 965 1.0
967 968 1.0
989 990 1.0
1000 1000 1.0
1007 1026 1.0
1029 1046 1.0
1048 1048 1.0
1060 1060 1.0
1062 1062 1.0
1110 1132 1.0
1137 1139 1.0
1141 1148 1.0
1151 1151 1.0
1154 1154 1.0
1156 1157 1.0
1159 1160 1.0
1171 1172 1.0
1187 1188 1.0
1190 1190 1.0
1207 1208 1.0
1210 1225 1.0
1229 1240 1.0
1243 1244 1.0
1246 1247 1.0
1257 1257 1.0
1282 1283 1.0
1286 1286 1.0
1300 1319 1.0
1322 1323 1.0
1325 1337 1.0
1350 1350 1.0
1354 1354 1.0
1356 1356 1.0
1358 1359 1.0
1384 1384 1.0
1393 1393 1.0
1395 1421 1.0
1423 1427 1.0
1432 1432 1.0
1446 1446 1.0
1454 1454 1.0
1474 1478 1.0
1486 1486 1.0
1488 1512 1.0
1514 1515 1.0
1517 1523 1.0
1525 1527 1.0
1529 1530 1.0
1540 1540 1.0
1544 1544 1.0
1574 1574 1.0
1577 1577 1.0
1579 1581 1.0
1583 1610 1.0
1613 1614 1.0
1616 1616 1.0
1620 1621 1.0
1623 1623 1.0
1627 1636 1.0
1638 1639 1.0
1662 1663 1.0
1675 1675 1.0
1678 1699 1.0
1701 1707 1.0
1709 1709 1.0
1715 1715 1.0
1717 1717 1.0
1719 1721 1.0
1724 1733 1.0
1772 1773 1.0
1775 1814 1.0
1817 1818 1.0
1821 1823 1.0
1828 1830 1.0
1864 1864 1.0
1867 1883 1.0
1888 1888 1.0
1891 1894 1.0
1896 1899 1.0
1901 1901 1.0
1919 1925 1.0
1927 1928 1.0
1944 1947 1.0
1951 1952 1.0
1954 1955 1.0
1958 1959 1.0
1963 1964 1.0
1968 1981 1.0
1984 1987 1.0
2003 2006 1.0
2018 2020 1.0
2027 2027 1.0
2029 2030 1.0
2054 2055 1.0
2058 2058 1.0
2063 2088 1.0
2090 2090 1.0
2093 2104 1.0
2106 2118 1.0
2120 2120 1.0
2122 2123 1.0
2162 2204 1.0
2206 2206 1.0
2208 2216 1.0
2255 2292 1.0
2302 2312 1.0
2314 2314 1.0
2354 2372 1.0
2374 2388 1.0
2390 2392 1.0
2394 2395 1.0
2404 2404 1.0
2406 2406 1.0
2408 2408 1.0
2410 2411 1.0
2414 2414 1.0
2450 2450 1.0
2454 2472 1.0
2476 2496 1.0
2498 2498 1.0
2501 2501 1.0
2503 2503 1.0
2505 2507 1.0
2510 2513 1.0
2538 2540 1.0
2542 2542 1.0
2544 2546 1.0
2551 2573 1.0
2575 2575 1.0
2593 2594 1.0
2649 2656 1.0
