86 86 1.0
88 100 1.0
102 102 1.0
106 109 1.0
111 117 1.0
119 121 1.0
136 136 1.0
139 139 1.0
141 143 1.0
156 156 1.0
173 173 1.0
182 182 1.0
186 193 1.0
195 200 1.0
202 202 1.0
205 205 1.0
208 208 1.0
217 217 1.0
221 222 1.0
236 236 1.0
241 241 1.0
244 245 1.0
248 249 1.0
268 268 1.0
276 277 1.0
280 280 1.0
292 300 1.0
305 305 1.0
320 320 1.0
323 324 1.0
327 327 1.0
329 329 1.0
339 341 1.0
351 351 1.0
371 374 1.0
376 376 1.0
379 388 1.0
390 399 1.0
401 401 1.0
420 420 1.0
447 448 1.0
460 460 1.0
463 463 1.0
466 466 1.0
468 477 1.0
484 484 1.0
488 488 1.0
493 494 1.0
497 497 1.0
499 499 1.0
501 503 1.0
505 505 1.0
524 525 1.0
527 527 1.0
544 544 1.0
549 549 1.0
557 557 1.0
559 559 1.0
566 574 1.0
585 585 1.0
589 590 1.0
592 592 1.0
596 596 1.0
599 599 1.0
619 619 1.0
622 622 1.0
635 635 1.0
640 649 1.0
652 653 1.0
663 663 1.0
665 666 1.0
685 689 1.0
694 694 1.0
696 696 1.0
707 707 1.0
713 713 1.0
735 735 1.0
737 737 1.0
739 739 1.0
743 744 1.0
746 747 1.0
749 756 1.0
801 803 1.0
813 815 1.0
821 821 1.0
823 832 1.0
842 843 1.0
846 846 1.0
883 883 1.0
891 891 1.0
893 895 1.0
898 898 1.0
903 903 1.0
907 911 1.0
937 937 1.0
950 952 1.0
956 956 1.0
958 963 1.0
965 965 1.0
967 967 1.0
969 974 1.0
976 976 1.0
980 984 1.0
991 991 1.0
993 993 1.0
1021 1035 1.0
1038 1039 1.0
1042 1056 1.0
1079 1079 1.0
1103 1105 1.0
1107 1107 1.0
1109 1110 1.0
1128 1128 1.0
1130 1135 1.0
1137 1138 1.0
1152 1154 1.0
1159 1159 1.0
1162 1162 1.0
1164 1165 1.0
1178 1178 1.0
1198 1199 1.0
1223 1224 1.0
1239 1259 1.0
1267 1268 1.0
1320 1320 1.0
1323 1323 1.0
1325 1325 1.0
1327 1327 1.0
1329 1329 1.0
1331 1332 1.0
1334 1334 1.0
1344 1344 1.0
1347 1348 1.0
1350 1350 1.0
1352 1352 1.0
1354 1357 1.0
1359 1360 1.0
1363 1363 1.0
1368 1368 1.0
1371 1371 1.0
1374 1374 1.0
1387 1387 1.0
1389 1389 1.0
1400 1400 1.0
1416 1418 1.0
1421 1421 1.0
1428 1428 1.0
1432 1432 1.0
1439 1441 1.0
1443 1444 1.0
1451 1451 1.0
1457 1465 1.0
1467 1468 1.0
1507 1507 1.0
1509 1541 1.0
1543 1544 1.0
1593 1596 1.0
1606 1606 1.0
1614 1614 1.0
1616 1616 1.0
1619 1630 1.0
1633 1638 1.0
1641 1641 1.0
1647 1647 1.0
1664 1664 1.0
1666 1666 1.0
1668 1669 1.0
1677 1677 1.0
1709 1709 1.0
1711 1722 1.0
1725 1725 1.0
1735 1735 1.0
1764 1764 1.0
1770 1770 1.0
1803 1805 1.0
1807 1832 1.0
1834 1838 1.0
1890 1890 1.0
1894 1894 1.0
1896 1896 1.0
1899 1903 1.0
1906 1906 1.0
1908 1908 1.0
1910 1910 1.0
1912 1913 1.0
1916 1918 1.0
1920 1920 1.0
1922 1922 1.0
1924 1924 1.0
1945 1945 1.0
1947 1947 1.0
1949 1949 1.0
1952 1953 1.0
1963 1964 1.0
1968 1978 1.0
1982 1982 1.0
1999 2000 1.0
2002 2007 1.0
2018 2018 1.0
2022 2022 1.0
2024 2024 1.0
2027 2028 1.0
2030 2030 1.0
2034 2036 1.0
2075 2075 1.0
2077 2077 1.0
2086 2098 1.0
2100 2101 1.0
2104 2104 1.0
2108 2108 1.0
2110 2110 1.0
2112 2112 1.0
2114 2114 1.0
2140 2141 1.0
2163 2163 1.0
2186 2192 1.0
2195 2195 1.0
2197 2199 1.0
2209 2210 1.0
2215 2219 1.0
2224 2224 1.0
2246 2246 1.0
2268 2268 1.0
2272 2283 1.0
2301 2301 1.0
2304 2304 1.0
2309 2309 1.0
2326 2326 1.0
2330 2333 1.0
2348 2363 1.0
2366 2366 1.0
2372 2372 1.0
2374 2374 1.0
2415 2417 1.0
2421 2428 1.0
2430 2430 1.0
2443 2445 1.0
2448 2449 1.0
2451 2452 1.0
2455 2458 1.0
2474 2479 1.0
2484 2484 1.0
2498 2498 1.0
2500 2512 1.0
2523 2525 1.0
2558 2560 1.0
2563 2570 1.0
2572 2572 1.0
2575 2585 1.0
2587 2597 1.0
2624 2624 1.0
2642 2649 1.0
2651 2651 1.0
2655 2658 1.0
2671 2671 1.0
2692 2692 1.0
2696 2700 1.0
2702 2721 1.0
2723 2724 1.0
2729 2729 1.0
2787 2787 1.0
2792 2794 1.0
2796 2796 1.0
2814 2820 1.0
2822 2824 1.0
2828 2828 1.0
2833 2835 1.0
2837 2854 1.0
2856 2860 1.0
2864 2864 1.0
2903 2904 1.0
2906 2906 1.0
2909 2909 1.0
2928 2938 1.0
2940 2940 1.0
2942 2943 1.0
2946 2946 1.0
2948 2948 1.0
2951 2951 1.0
2953 2953 1.0
2955 2959 1.0
2961 2961 1.0
2964 2964 1.0
2988 2988 1.0
3004 3004 1.0
3009 3016 1.0
3032 3041 1.0
3043 3044 1.0
3055 3066 1.0
3083 3092 1.0
3100 3101 1.0
3107 3117 1.0
3119 3120 1.0
3135 3136 1.0
3140 3140 1.0
3142 3144 1.0
3162 3166 1.0
3168 3168 1.0
3170 3170 1.0
3172 3172 1.0
3216 3227 1.0
3229 3230 1.0
3242 3247 1.0
3270 3270 1.0
3273 3273 1.0
3278 3278 1.0
3294 3295 1.0
3297 3297 1.0
3300 3315 1.0
3317 3319 1.0
3321 3323 1.0
3325 3325 1.0
3327 3327 1.0
3331 3331 1.0
3372 3395 1.0
3397 3400 1.0
3402 3405 1.0
3407 3407 1.0
3409 3409 1.0
3433 3435 1.0
3437 3437 1.0
3439 3440 1.0
3443 3446 1.0
3448 3455 1.0
3459 3459 1.0
3467 3467 1.0
3483 3483 1.0
3511 3513 1.0
3516 3517 1.0
3526 3527 1.0
3529 3529 1.0
3531 3531 1.0
3538 3541 1.0
3543 3543 1.0
3552 3552 1.0
3559 3559 1.0
3566 3566 1.0
3580 3580 1.0
3582 3582 1.0
3585 3585 1.0
3608 3610 1.0
3624 3625 1.0
3627 3636 1.0
3658 3658 1.0
3676 3677 1.0
3679 3683 1.0
3691 3695 1.0
3697 3697 1.0
3699 3701 1.0
3703 3705 1.0
3708 3708 1.0
3725 3725 1.0
3727 3727 1.0
3730 3730 1.0
3755 3755 1.0
3757 3759 1.0
3764 3765 1.0
3767 3767 1.0
3770 3770 1.0
3772 3773 1.0
3775 3775 1.0
3777 3783 1.0
3785 3790 1.0
3792 3792 1.0
3794 3794 1.0
3804 3804 1.0
3821 3823 1.0
3838 3840 1.0
3844 3844 1.0
3849 3849 1.0
3857 3857 1.0
3862 3865 1.0
3871 3871 1.0
3889 3889 1.0
3891 3891 1.0
3912 3912 1.0
3914 3914 1.0
3920 3920 1.0
3922 3925 1.0
3932 3937 1.0
3942 3942 1.0
3944 3944 1.0
3947 3950 1.0
3952 3957 1.0
3974 3974 1.0
3977 3978 1.0
4008 4008 1.0
4018 4018 1.0
4020 4027 1.0
4040 4040 1.0
4042 4043 1.0
4066 4068 1.0
4079 4079 1.0
4085 4086 1.0
4088 4088 1.0
4097 4103 1.0
4106 4125 1.0
4127 4133 1.0
4176 4177 1.0
4179 4213 1.0
