111 130 1.0
133 146 1.0
149 149 1.0
157 157 1.0
165 165 1.0
168 171 1.0
178 178 1.0
181 181 1.0
183 183 1.0
185 189 1.0
191 192 1.0
199 199 1.0
202 202 1.0
208 208 1.0
231 231 1.0
251 256 1.0
258 266 1.0
271 288 1.0
293 293 1.0
295 295 1.0
301 301 1.0
305 305 1.0
322 328 1.0
330 330 1.0
334 334 1.0
341 350 1.0
358 359 1.0
361 362 1.0
364 367 1.0
369 374 1.0
377 378 1.0
386 395 1.0
401 401 1.0
417 419 1.0
421 422 1.0
434 435 1.0
440 440 1.0
442 455 1.0
458 458 1.0
466 466 1.0
468 471 1.0
474 474 1.0
477 477 1.0
479 479 1.0
483 483 1.0
486 489 1.0
498 499 1.0
501 503 1.0
505 505 1.0
515 515 1.0
529 530 1.0
532 533 1.0
535 542 1.0
544 552 1.0
554 567 1.0
572 572 1.0
581 581 1.0
605 609 1.0
613 613 1.0
615 632 1.0
635 635 1.0
646 646 1.0
671 683 1.0
685 707 1.0
717 717 1.0
732 732 1.0
746 749 1.0
753 766 1.0
772 790 1.0
812 816 1.0
827 849 1.0
853 853 1.0
855 864 1.0
873 873 1.0
892 893 1.0
895 898 1.0
900 902 1.0
904 904 1.0
906 906 1.0
943 943 1.0
946 969 1.0
971 980 1.0
1012 1013 1.0
1018 1040 1.0
1043 1043 1.0
1045 1046 1.0
1048 1048 1.0
1054 1054 1.0
1063 1063 1.0
1067 1070 1.0
1085 1085 1.0
1089 1089 1.0
1094 1097 1.0
1100 1100 1.0
1113 1126 1.0
1129 1129 1.0
1137 1137 1.0
1141 1152 1.0
1154 1154 1.0
1157 1158 1.0
1160 1178 1.0
1181 1185 1.0
1210 1210 1.0
1217 1217 1.0
1225 1226 1.0
1228 1247 1.0
1249 1251 1.0
1254 1254 1.0
1265 1267 1.0
1269 1270 1.0
1286 1287 1.0
1293 1293 1.0
1298 1299 1.0
1302 1304 1.0
1311 1315 1.0
1317 1319 1.0
1327 1327 1.0
1329 1335 1.0
1345 1345 1.0
1347 1348 1.0
1352 1352 1.0
1354 1354 1.0
1357 1368 1.0
1371 1371 1.0
1373 1378 1.0
1380 1380 1.0
1405 1405 1.0
1407 1407 1.0
1410 1410 1.0
1412 1412 1.0
1414 1414 1.0
1416 1416 1.0
1419 1442 1.0
1444 1444 1.0
1446 1446 1.0
1455 1456 1.0
1489 1489 1.0
1492 1492 1.0
1495 1497 1.0
1499 1500 1.0
1503 1532 1.0
1536 1537 1.0
1539 1550 1.0
1553 1556 1.0
1572 1573 1.0
1575 1575 1.0
1578 1578 1.0
1596 1597 1.0
1599 1602 1.0
1604 1604 1.0
1606 1610 1.0
1614 1631 1.0
1633 1633 1.0
1635 1635 1.0
1638 1639 1.0
1650 1650 1.0
1670 1670 1.0
1674 1674 1.0
1678 1678 1.0
1683 1683 1.0
1686 1702 1.0
1709 1710 1.0
1713 1714 1.0
1716 1720 1.0
1722 1724 1.0
1727 1728 1.0
1739 1740 1.0
1742 1746 1.0
1759 1759 1.0
1767 1767 1.0
1770 1774 1.0
1779 1779 1.0
1784 1794 1.0
1796 1796 1.0
1800 1805 1.0
1809 1818 1.0
1829 1829 1.0
1831 1839 1.0
1841 1841 1.0
1844 1844 1.0
1858 1862 1.0
1864 1865 1.0
1878 1886 1.0
1888 1888 1.0
1903 1912 1.0
1924 1942 1.0
1947 1959 1.0
1971 1971 1.0
1973 1975 1.0
1978 1978 1.0
1981 1981 1.0
1984 1984 1.0
1995 2002 1.0
2020 2021 1.0
2023 2028 1.0
2040 2057 1.0
2067 2071 1.0
2073 2073 1.0
2088 2097 1.0
2100 2100 1.0
2113 2115 1.0
2117 2118 1.0
