79 79 1.0
81 81 1.0
83 83 1.0
88 100 1.0
122 122 1.0
124 125 1.0
139 151 1.0
153 154 1.0
156 156 1.0
165 173 1.0
186 193 1.0
195 195 1.0
199 199 1.0
209 218 1.0
232 244 1.0
257 258 1.0
261 267 1.0
269 269 1.0
283 284 1.0
296 299 1.0
303 303 1.0
305 306 1.0
308 309 1.0
311 311 1.0
313 319 1.0
328 333 1.0
356 365 1.0
373 384 1.0
404 408 1.0
410 410 1.0
423 438 1.0
449 451 1.0
465 465 1.0
467 501 1.0
540 577 1.0
592 593 1.0
599 599 1.0
603 603 1.0
605 605 1.0
607 607 1.0
613 629 1.0
633 634 1.0
636 636 1.0
638 640 1.0
642 648 1.0
650 651 1.0
662 667 1.0
669 669 1.0
709 724 1.0
726 728 1.0
736 738 1.0
740 741 1.0
759 760 1.0
763 763 1.0
766 772 1.0
779 788 1.0
800 800 1.0
802 803 1.0
805 805 1.0
809 822 1.0
824 824 1.0
826 839 1.0
842 842 1.0
855 855 1.0
858 858 1.0
860 863 1.0
878 882 1.0
908 908 1.0
915 915 1.0
926 941 1.0
943 943 1.0
945 945 1.0
947 950 1.0
952 952 1.0
954 957 1.0
959 963 1.0
970 970 1.0
982 982 1.0
984 985 1.0
1002 1002 1.0
1024 1035 1.0
1039 1039 1.0
1041 1045 1.0
1047 1055 1.0
1070 1076 1.0
1078 1079 1.0
1084 1086 1.0
1091 1107 1.0
1118 1121 1.0
1136 1136 1.0
1138 1144 1.0
1148 1149 1.0
1159 1171 1.0
1183 1185 1.0
1188 1192 1.0
1228 1236 1.0
1240 1263 1.0
1275 1278 1.0
1296 1302 1.0
1336 1368 1.0
1406 1419 1.0
1423 1423 1.0
1442 1442 1.0
1445 1445 1.0
1451 1451 1.0
1453 1456 1.0
1458 1459 1.0
1463 1475 1.0
1503 1503 1.0
1513 1514 1.0
1525 1536 1.0
1553 1556 1.0
1558 1562 1.0
1575 1575 1.0
1579 1580 1.0
1582 1582 1.0
1586 1586 1.0
1590 1595 1.0
1600 1602 1.0
1604 1604 1.0
1606 1610 1.0
1614 1615 1.0
1621 1623 1.0
1634 1634 1.0
1637 1641 1.0
1643 1646 1.0
1650 1650 1.0
1653 1653 1.0
1655 1667 1.0
1670 1670 1.0
1708 1718 1.0
1722 1729 1.0
1732 1735 1.0
1745 1745 1.0
1759 1764 1.0
1766 1770 1.0
1773 1782 1.0
1784 1796 1.0
1818 1822 1.0
1834 1844 1.0
1861 1862 1.0
1864 1865 1.0
1867 1868 1.0
1876 1878 1.0
1880 1892 1.0
1908 1908 1.0
1930 1933 1.0
1936 1936 1.0
1938 1938 1.0
1954 1955 1.0
1957 1960 1.0
1970 2005 1.0
2011 2012 1.0
2020 2020 1.0
2024 2025 1.0
2044 2048 1.0
2070 2071 1.0
2073 2076 1.0
2084 2085 1.0
2087 2098 1.0
2102 2107 1.0
2112 2112 1.0
2115 2120 1.0
2132 2132 1.0
2134 2139 1.0
2180 2216 1.0
2222 2224 1.0
2233 2233 1.0
2253 2254 1.0
2293 2312 1.0
2314 2318 1.0
2320 2330 1.0
2338 2341 1.0
2343 2349 1.0
2351 2351 1.0
2355 2359 1.0
2368 2371 1.0
2388 2388 1.0
2410 2424 1.0
2429 2438 1.0
2440 2447 1.0
2450 2452 1.0
2458 2458 1.0
2460 2467 1.0
2470 2470 1.0
2472 2473 1.0
2477 2477 1.0
2516 2516 1.0
2518 2522 1.0
2525 2525 1.0
2531 2539 1.0
2541 2541 1.0
2543 2546 1.0
2548 2548 1.0
2555 2555 1.0
2557 2562 1.0
2564 2568 1.0
2582 2595 1.0
2601 2602 1.0
2604 2604 1.0
2607 2612 1.0
2635 2635 1.0
2643 2647 1.0
2649 2666 1.0
2668 2668 1.0
2675 2679 1.0
2694 2695 1.0
2697 2699 1.0
2706 2710 1.0
2721 2727 1.0
2738 2743 1.0
2749 2763 1.0
2769 2787 1.0
2794 2794 1.0
2796 2796 1.0
2798 2798 1.0
2802 2807 1.0
2843 2843 1.0
2846 2846 1.0
2848 2848 1.0
2857 2864 1.0
2872 2873 1.0
2903 2903 1.0
2906 2910 1.0
2912 2937 1.0
2939 2939 1.0
2943 2943 1.0
2949 2949 1.0
2978 2978 1.0
2980 2986 1.0
2988 2990 1.0
2995 3011 1.0
3029 3032 1.0
3035 3037 1.0
3050 3050 1.0
3052 3052 1.0
3054 3054 1.0
3059 3059 1.0
3079 3079 1.0
3089 3110 1.0
