85 86 1.0
89 89 1.0
100 106 1.0
108 111 1.0
119 119 1.0
156 156 1.0
160 198 1.0
208 212 1.0
229 233 1.0
254 254 1.0
259 264 1.0
276 277 1.0
279 296 1.0
300 313 1.0
315 315 1.0
353 387 1.0
411 416 1.0
418 418 1.0
420 442 1.0
445 446 1.0
479 516 1.0
540 540 1.0
562 577 1.0
579 582 1.0
585 588 1.0
590 592 1.0
594 599 1.0
601 601 1.0
603 614 1.0
616 622 1.0
624 633 1.0
636 638 1.0
677 735 1.0
737 737 1.0
779 812 1.0
814 824 1.0
826 836 1.0
838 848 1.0
850 851 1.0
892 928 1.0
966 981 1.0
985 985 1.0
994 998 1.0
1000 1000 1.0
1016 1030 1.0
1036 1050 1.0
1069 1070 1.0
1100 1106 1.0
1109 1128 1.0
1131 1131 1.0
1133 1133 1.0
1135 1135 1.0
1137 1137 1.0
1150 1150 1.0
1152 1156 1.0
1160 1160 1.0
1164 1170 1.0
1172 1172 1.0
1174 1174 1.0
1176 1185 1.0
1205 1205 1.0
1207 1211 1.0
1213 1213 1.0
1248 1252 1.0
1254 1254 1.0
1263 1263 1.0
1266 1266 1.0
1269 1269 1.0
1271 1271 1.0
1273 1273 1.0
1275 1275 1.0
1277 1283 1.0
1291 1308 1.0
1310 1310 1.0
1314 1314 1.0
1347 1347 1.0
1350 1363 1.0
1367 1384 1.0
1386 1386 1.0
1402 1404 1.0
1418 1426 1.0
1435 1435 1.0
1437 1437 1.0
1442 1452 1.0
1465 1484 1.0
1487 1487 1.0
1490 1501 1.0
1510 1510 1.0
1513 1513 1.0
1517 1517 1.0
1523 1524 1.0
1526 1527 1.0
1540 1545 1.0
1553 1553 1.0
1564 1564 1.0
1572 1572 1.0
1574 1601 1.0
1603 1612 1.0
1654 1693 1.0
1708 1708 1.0
1712 1713 1.0
1733 1733 1.0
1736 1736 1.0
1738 1738 1.0
1753 1753 1.0
1770 1770 1.0
1772 1775 1.0
1777 1779 1.0
1781 1781 1.0
1788 1788 1.0
1794 1808 1.0
1822 1823 1.0
1844 1844 1.0
1846 1879 1.0
1883 1883 1.0
1885 1885 1.0
1908 1909 1.0
1914 1914 1.0
1916 1916 1.0
1925 1946 1.0
1948 1949 1.0
1958 1962 1.0
1990 1995 1.0
2001 2028 1.0
2030 2038 1.0
2041 2046 1.0
2055 2064 1.0
2103 2116 1.0
2120 2120 1.0
2127 2139 1.0
2154 2164 1.0
2178 2187 1.0
2203 2213 1.0
2215 2215 1.0
2222 2240 1.0
2277 2277 1.0
2279 2282 1.0
2284 2294 1.0
2296 2296 1.0
2298 2312 1.0
2333 2335 1.0
2349 2367 1.0
2379 2382 1.0
2385 2385 1.0
2398 2399 1.0
2401 2401 1.0
2403 2411 1.0
2420 2428 1.0
2445 2446 1.0
2448 2454 1.0
2466 2477 1.0
2486 2487 1.0
2490 2500 1.0
2506 2510 1.0
2512 2512 1.0
2516 2518 1.0
2526 2526 1.0
2530 2530 1.0
2535 2537 1.0
2539 2543 1.0
2549 2549 1.0
2551 2558 1.0
2600 2633 1.0
2635 2638 1.0
3795 3795 1.0
