78 85 1.0
88 93 1.0
95 99 1.0
101 101 1.0
126 126 1.0
128 132 1.0
138 138 1.0
142 143 1.0
147 148 1.0
151 152 1.0
154 155 1.0
157 162 1.0
165 165 1.0
171 173 1.0
184 184 1.0
187 188 1.0
191 191 1.0
202 202 1.0
211 213 1.0
216 220 1.0
231 231 1.0
237 239 1.0
241 248 1.0
263 268 1.0
273 274 1.0
291 300 1.0
307 311 1.0
314 314 1.0
324 325 1.0
328 328 1.0
339 344 1.0
346 346 1.0
355 361 1.0
363 365 1.0
367 375 1.0
386 393 1.0
400 400 1.0
404 404 1.0
440 440 1.0
448 468 1.0
471 473 1.0
475 476 1.0
478 485 1.0
494 500 1.0
502 509 1.0
520 520 1.0
522 533 1.0
548 553 1.0
555 555 1.0
576 576 1.0
579 580 1.0
588 592 1.0
598 611 1.0
615 625 1.0
630 653 1.0
693 693 1.0
703 708 1.0
710 719 1.0
721 721 1.0
732 732 1.0
734 743 1.0
745 748 1.0
766 768 1.0
792 803 1.0
810 829 1.0
840 848 1.0
859 859 1.0
861 861 1.0
863 863 1.0
890 890 1.0
895 895 1.0
904 916 1.0
918 923 1.0
934 941 1.0
948 949 1.0
963 964 1.0
966 967 1.0
969 969 1.0
979 984 1.0
988 991 1.0
994 994 1.0
996 996 1.0
998 1000 1.0
1003 1003 1.0
1005 1011 1.0
1052 1054 1.0
1056 1063 1.0
1066 1074 1.0
1079 1080 1.0
1083 1089 1.0
1097 1097 1.0
1099 1103 1.0
1113 1116 1.0
1131 1132 1.0
1136 1136 1.0
1141 1152 1.0
1154 1165 1.0
1171 1178 1.0
1183 1183 1.0
1191 1191 1.0
1203 1207 1.0
1217 1217 1.0
1232 1232 1.0
1246 1251 1.0
1253 1253 1.0
1259 1259 1.0
1261 1278 1.0
1280 1281 1.0
1283 1283 1.0
1290 1290 1.0
1292 1293 1.0
1305 1307 1.0
1311 1311 1.0
1313 1313 1.0
1315 1315 1.0
1320 1320 1.0
1324 1327 1.0
1329 1329 1.0
1332 1336 1.0
1361 1361 1.0
1364 1366 1.0
1368 1368 1.0
1373 1386 1.0
1388 1388 1.0
1393 1397 1.0
1400 1400 1.0
1405 1405 1.0
1407 1407 1.0
1417 1417 1.0
1427 1427 1.0
1449 1453 1.0
1456 1457 1.0
1459 1487 1.0
1500 1500 1.0
1506 1512 1.0
1514 1514 1.0
1542 1542 1.0
1551 1577 1.0
1584 1584 1.0
1616 1624 1.0
1626 1636 1.0
1639 1639 1.0
1646 1649 1.0
1651 1652 1.0
1658 1658 1.0
1661 1661 1.0
1663 1663 1.0
1673 1682 1.0
1691 1691 1.0
1704 1704 1.0
1706 1710 1.0
1721 1740 1.0
1749 1750 1.0
1753 1753 1.0
1778 1786 1.0
1789 1789 1.0
1792 1800 1.0
1802 1802 1.0
1813 1813 1.0
1819 1819 1.0
1821 1821 1.0
1839 1853 1.0
1856 1856 1.0
1865 1865 1.0
1868 1876 1.0
1893 1902 1.0
1920 1920 1.0
1922 1922 1.0
1924 1930 1.0
1937 1937 1.0
1941 1959 1.0
1961 1961 1.0
1970 1970 1.0
1978 1978 1.0
1983 1984 1.0
2001 2001 1.0
2003 2006 1.0
2011 2014 1.0
2017 2017 1.0
2026 2031 1.0
2033 2033 1.0
2040 2040 1.0
2045 2048 1.0
2058 2060 1.0
2072 2074 1.0
2076 2077 1.0
2088 2091 1.0
2093 2095 1.0
2097 2097 1.0
2099 2109 1.0
2111 2111 1.0
2113 2121 1.0
2130 2131 1.0
2134 2134 1.0
2136 2137 1.0
2157 2167 1.0
2170 2170 1.0
2177 2177 1.0
2180 2184 1.0
2186 2191 1.0
2228 2228 1.0
2230 2239 1.0
2242 2244 1.0
2246 2257 1.0
2274 2282 1.0
2292 2305 1.0
2307 2311 1.0
2325 2326 1.0
2341 2341 1.0
2353 2353 1.0
2355 2374 1.0
2384 2388 1.0
2390 2390 1.0
2392 2393 1.0
2399 2399 1.0
2413 2418 1.0
2421 2421 1.0
2425 2427 1.0
2432 2432 1.0
2436 2436 1.0
2445 2446 1.0
2449 2450 1.0
2457 2458 1.0
2460 2460 1.0
2462 2462 1.0
2467 2467 1.0
2473 2473 1.0
2476 2477 1.0
2479 2482 1.0
2484 2487 1.0
2489 2491 1.0
2507 2507 1.0
2509 2509 1.0
2530 2540 1.0
2542 2543 1.0
2548 2567 1.0
2582 2586 1.0
2610 2617 1.0
2621 2621 1.0
2637 2641 1.0
2643 2648 1.0
2667 2677 1.0
2692 2705 1.0
2720 2730 1.0
2732 2732 1.0
2735 2735 1.0
2744 2744 1.0
2747 2747 1.0
2749 2758 1.0
2769 2769 1.0
2779 2779 1.0
2784 2784 1.0
2789 2789 1.0
2793 2793 1.0
2797 2797 1.0
2799 2803 1.0
2807 2816 1.0
2821 2821 1.0
2824 2826 1.0
2836 2836 1.0
2838 2840 1.0
2842 2844 1.0
2857 2858 1.0
2860 2861 1.0
2869 2873 1.0
2886 2891 1.0
2893 2893 1.0
2900 2907 1.0
2914 2924 1.0
2926 2926 1.0
2929 2933 1.0
2963 2963 1.0
2970 3002 1.0
3005 3007 1.0
3019 3019 1.0
3052 3052 1.0
3062 3096 1.0
3132 3132 1.0
3134 3146 1.0
3152 3152 1.0
3159 3160 1.0
3185 3185 1.0
3187 3188 1.0
3192 3193 1.0
3200 3222 1.0
3224 3224 1.0
3226 3227 1.0
3229 3229 1.0
3232 3232 1.0
3243 3243 1.0
3249 3249 1.0
3259 3259 1.0
3261 3261 1.0
3272 3272 1.0
3274 3274 1.0
3276 3277 1.0
3286 3286 1.0
3288 3289 1.0
3302 3308 1.0
3311 3311 1.0
3313 3313 1.0
3315 3315 1.0
3317 3317 1.0
3319 3319 1.0
3328 3338 1.0
3360 3360 1.0
3362 3363 1.0
3375 3375 1.0
3377 3377 1.0
3379 3379 1.0
3383 3383 1.0
3387 3442 1.0
3444 3446 1.0
3488 3512 1.0
3514 3525 1.0
3533 3535 1.0
3563 3568 1.0
3575 3575 1.0
3578 3578 1.0
3580 3584 1.0
3592 3594 1.0
3596 3596 1.0
3603 3603 1.0
3605 3607 1.0
3625 3627 1.0
3633 3633 1.0
3635 3639 1.0
3647 3647 1.0
3649 3662 1.0
3666 3666 1.0
3677 3684 1.0
3696 3696 1.0
3700 3712 1.0
3732 3732 1.0
3751 3760 1.0
3765 3772 1.0
3774 3774 1.0
3776 3785 1.0
3787 3787 1.0
3809 3809 1.0
3811 3815 1.0
3818 3818 1.0
3824 3824 1.0
3826 3835 1.0
3858 3859 1.0
3871 3871 1.0
3875 3878 1.0
3884 3884 1.0
3886 3887 1.0
3889 3891 1.0
3898 3907 1.0
3910 3912 1.0
3914 3924 1.0
3926 3926 1.0
3929 3935 1.0
3946 3946 1.0
3978 3978 1.0
3983 3983 1.0
3985 4020 1.0
4022 4022 1.0
4045 4052 1.0
4062 4063 1.0
4072 4075 1.0
4077 4077 1.0
4092 4096 1.0
4099 4099 1.0
4101 4107 1.0
4109 4110 1.0
4112 4125 1.0
4149 4149 1.0
4151 4151 1.0
4163 4167 1.0
4170 4170 1.0
4173 4173 1.0
4175 4175 1.0
4178 4183 1.0
4190 4190 1.0
4192 4192 1.0
4194 4195 1.0
4199 4199 1.0
