91 92 1.0
94 94 1.0
106 108 1.0
111 113 1.0
123 123 1.0
127 127 1.0
131 144 1.0
146 149 1.0
158 158 1.0
162 164 1.0
167 167 1.0
186 223 1.0
268 268 1.0
270 296 1.0
334 344 1.0
346 371 1.0
374 374 1.0
381 383 1.0
408 409 1.0
421 441 1.0
451 451 1.0
480 481 1.0
507 515 1.0
517 517 1.0
520 544 1.0
546 546 1.0
555 555 1.0
557 567 1.0
569 581 1.0
587 592 1.0
622 622 1.0
631 633 1.0
640 644 1.0
648 679 1.0
683 685 1.0
712 712 1.0
714 722 1.0
724 726 1.0
728 738 1.0
743 749 1.0
751 753 1.0
756 756 1.0
758 760 1.0
774 779 1.0
803 807 1.0
818 839 1.0
848 857 1.0
861 868 1.0
878 888 1.0
906 907 1.0
