86 87 1.0
115 118 1.0
120 120 1.0
134 152 1.0
162 162 1.0
164 164 1.0
168 170 1.0
184 186 1.0
189 189 1.0
209 209 1.0
211 211 1.0
215 215 1.0
218 220 1.0
226 226 1.0
229 254 1.0
259 259 1.0
263 263 1.0
269 270 1.0
273 273 1.0
302 305 1.0
308 310 1.0
312 314 1.0
316 319 1.0
321 336 1.0
349 349 1.0
353 353 1.0
358 358 1.0
360 360 1.0
362 362 1.0
364 364 1.0
366 371 1.0
374 376 1.0
378 378 1.0
385 386 1.0
411 411 1.0
413 428 1.0
438 439 1.0
446 448 1.0
466 473 1.0
475 475 1.0
479 479 1.0
486 493 1.0
496 496 1.0
498 498 1.0
500 500 1.0
509 511 1.0
532 533 1.0
550 556 1.0
560 564 1.0
577 580 1.0
590 590 1.0
595 597 1.0
604 627 1.0
629 629 1.0
632 632 1.0
634 647 1.0
651 651 1.0
668 669 1.0
671 671 1.0
685 687 1.0
689 695 1.0
699 700 1.0
705 705 1.0
707 708 1.0
710 711 1.0
713 718 1.0
731 742 1.0
755 758 1.0
761 763 1.0
781 790 1.0
821 821 1.0
823 824 1.0
842 843 1.0
845 855 1.0
864 879 1.0
882 882 1.0
896 899 1.0
901 901 1.0
906 906 1.0
909 910 1.0
914 914 1.0
922 922 1.0
924 924 1.0
926 926 1.0
929 933 1.0
936 937 1.0
956 959 1.0
963 963 1.0
976 985 1.0
989 991 1.0
993 993 1.0
997 1000 1.0
1002 1005 1.0
1014 1014 1.0
1017 1019 1.0
1059 1059 1.0
1062 1092 1.0
1120 1120 1.0
1124 1124 1.0
1126 1142 1.0
1145 1145 1.0
1147 1147 1.0
1149 1149 1.0
1151 1151 1.0
1193 1198 1.0
1200 1208 1.0
1210 1212 1.0
1217 1218 1.0
1221 1223 1.0
1225 1231 1.0
1236 1238 1.0
1247 1247 1.0
1250 1255 1.0
1257 1258 1.0
1270 1272 1.0
1280 1280 1.0
1283 1284 1.0
1286 1286 1.0
1291 1291 1.0
1293 1297 1.0
1304 1307 1.0
1311 1312 1.0
1317 1319 1.0
1366 1381 1.0
1385 1399 1.0
1420 1423 1.0
1427 1429 1.0
1435 1451 1.0
1453 1456 1.0
1496 1497 1.0
1499 1511 1.0
1513 1517 1.0
1542 1542 1.0
1557 1558 1.0
1560 1565 1.0
1567 1567 1.0
1569 1569 1.0
1571 1573 1.0
1585 1586 1.0
1589 1589 1.0
1591 1595 1.0
1597 1597 1.0
1604 1604 1.0
1616 1616 1.0
1620 1622 1.0
1645 1650 1.0
1661 1687 1.0
1689 1690 1.0
1694 1694 1.0
1725 1733 1.0
1735 1747 1.0
1750 1750 1.0
1756 1764 1.0
1771 1787 1.0
1822 1843 1.0
1847 1848 1.0
1851 1851 1.0
1853 1854 1.0
