123 123 1.0
128 128 1.0
130 136 1.0
140 143 1.0
147 158 1.0
162 163 1.0
165 165 1.0
167 167 1.0
171 171 1.0
173 177 1.0
202 202 1.0
219 219 1.0
221 225 1.0
230 231 1.0
235 236 1.0
247 250 1.0
252 254 1.0
265 265 1.0
267 280 1.0
284 284 1.0
288 289 1.0
295 302 1.0
304 304 1.0
319 320 1.0
346 350 1.0
360 402 1.0
449 489 1.0
494 495 1.0
506 506 1.0
534 534 1.0
542 542 1.0
545 554 1.0
556 557 1.0
565 565 1.0
567 570 1.0
576 577 1.0
590 606 1.0
611 624 1.0
666 668 1.0
671 671 1.0
674 674 1.0
676 684 1.0
713 713 1.0
715 716 1.0
720 727 1.0
743 745 1.0
747 748 1.0
752 752 1.0
763 782 1.0
784 784 1.0
826 830 1.0
837 840 1.0
842 842 1.0
847 847 1.0
850 850 1.0
857 857 1.0
870 876 1.0
881 881 1.0
886 886 1.0
895 907 1.0
909 909 1.0
912 912 1.0
957 961 1.0
966 993 1.0
1000 1001 1.0
1028 1028 1.0
1031 1036 1.0
1039 1050 1.0
1112 1114 1.0
1117 1127 1.0
1129 1129 1.0
1131 1131 1.0
1134 1136 1.0
1138 1142 1.0
1144 1144 1.0
1153 1154 1.0
1193 1194 1.0
1196 1213 1.0
1216 1218 1.0
1221 1221 1.0
1278 1293 1.0
1295 1295 1.0
1298 1305 1.0
1308 1311 1.0
1313 1313 1.0
1315 1315 1.0
1331 1332 1.0
1334 1337 1.0
1342 1345 1.0
1348 1349 1.0
1360 1368 1.0
1392 1400 1.0
1410 1411 1.0
1417 1417 1.0
1421 1422 1.0
1424 1424 1.0
1429 1429 1.0
1446 1446 1.0
1452 1453 1.0
1472 1473 1.0
1475 1481 1.0
1485 1485 1.0
1487 1487 1.0
1495 1502 1.0
1536 1536 1.0
1544 1561 1.0
1563 1572 1.0
1575 1576 1.0
1580 1586 1.0
1588 1593 1.0
1600 1600 1.0
1615 1617 1.0
1648 1653 1.0
1655 1655 1.0
1657 1659 1.0
1667 1669 1.0
1675 1675 1.0
1692 1692 1.0
1701 1701 1.0
1712 1712 1.0
1717 1717 1.0
1732 1733 1.0
1737 1737 1.0
1740 1743 1.0
1745 1754 1.0
1756 1762 1.0
1766 1766 1.0
1768 1768 1.0
1776 1776 1.0
1802 1803 1.0
1815 1834 1.0
1907 1907 1.0
1916 1917 1.0
1920 1964 1.0
1974 1978 1.0
1982 1982 1.0
2037 2037 1.0
2076 2080 1.0
2096 2096 1.0
2098 2102 1.0
2106 2106 1.0
2108 2110 1.0
2122 2132 1.0
2155 2158 1.0
2179 2184 1.0
2190 2190 1.0
2200 2201 1.0
2203 2207 1.0
2224 2225 1.0
2255 2299 1.0
2302 2303 1.0
2305 2305 1.0
2344 2344 1.0
2359 2359 1.0
2362 2362 1.0
2368 2368 1.0
2378 2378 1.0
2381 2381 1.0
2394 2394 1.0
2398 2398 1.0
2401 2404 1.0
2407 2407 1.0
2427 2427 1.0
2449 2449 1.0
2451 2451 1.0
2453 2453 1.0
2455 2455 1.0
2458 2458 1.0
2467 2467 1.0
2470 2480 1.0
2482 2483 1.0
2485 2485 1.0
2506 2506 1.0
2545 2563 1.0
2568 2568 1.0
2570 2571 1.0
2573 2573 1.0
2575 2576 1.0
2637 2637 1.0
2639 2642 1.0
2645 2677 1.0
2680 2683 1.0
2726 2735 1.0
2737 2742 1.0
2747 2749 1.0
2787 2789 1.0
2806 2817 1.0
2833 2833 1.0
2835 2844 1.0
2850 2851 1.0
2856 2867 1.0
2869 2869 1.0
2906 2910 1.0
2913 2914 1.0
2916 2916 1.0
2949 2949 1.0
2957 2957 1.0
2968 2968 1.0
2971 2971 1.0
2973 2977 1.0
2979 2983 1.0
2990 2990 1.0
3000 3000 1.0
3004 3006 1.0
3008 3012 1.0
3014 3014 1.0
3019 3019 1.0
3021 3035 1.0
3071 3091 1.0
3126 3126 1.0
3128 3128 1.0
3130 3138 1.0
3155 3156 1.0
3158 3165 1.0
3167 3167 1.0
3174 3174 1.0
3176 3188 1.0
3190 3190 1.0
3204 3204 1.0
3206 3211 1.0
3213 3214 1.0
3217 3222 1.0
3225 3228 1.0
3268 3278 1.0
3282 3282 1.0
3287 3287 1.0
3301 3301 1.0
3332 3332 1.0
3334 3334 1.0
3342 3343 1.0
3348 3348 1.0
3352 3352 1.0
3355 3360 1.0
3388 3388 1.0
3429 3474 1.0
3528 3528 1.0
3531 3531 1.0
3556 3558 1.0
3560 3560 1.0
