80 84 1.0
86 87 1.0
93 95 1.0
98 98 1.0
100 100 1.0
102 102 1.0
143 148 1.0
151 183 1.0
186 190 1.0
197 198 1.0
240 240 1.0
248 253 1.0
255 255 1.0
257 263 1.0
266 272 1.0
274 274 1.0
279 288 1.0
290 290 1.0
292 292 1.0
294 294 1.0
314 316 1.0
329 331 1.0
333 333 1.0
336 338 1.0
349 351 1.0
362 364 1.0
369 374 1.0
376 387 1.0
389 399 1.0
402 403 1.0
420 420 1.0
430 438 1.0
442 447 1.0
450 450 1.0
452 453 1.0
486 487 1.0
495 517 1.0
519 523 1.0
526 531 1.0
536 537 1.0
546 546 1.0
548 549 1.0
551 554 1.0
556 557 1.0
562 563 1.0
581 583 1.0
604 607 1.0
609 613 1.0
622 625 1.0
628 628 1.0
662 663 1.0
668 669 1.0
675 675 1.0
681 689 1.0
694 699 1.0
702 702 1.0
708 710 1.0
712 718 1.0
730 733 1.0
741 745 1.0
748 750 1.0
756 758 1.0
762 765 1.0
789 791 1.0
796 800 1.0
803 803 1.0
806 812 1.0
814 823 1.0
826 826 1.0
830 831 1.0
837 852 1.0
854 854 1.0
857 857 1.0
862 863 1.0
893 923 1.0
943 943 1.0
948 948 1.0
961 964 1.0
984 985 1.0
987 993 1.0
1002 1002 1.0
1006 1007 1.0
1012 1012 1.0
1028 1038 1.0
1041 1054 1.0
1076 1078 1.0
1095 1096 1.0
1098 1111 1.0
1116 1122 1.0
1157 1165 1.0
1167 1187 1.0
1189 1189 1.0
1203 1204 1.0
1228 1228 1.0
1234 1234 1.0
1243 1244 1.0
1258 1258 1.0
1263 1263 1.0
1265 1265 1.0
1267 1273 1.0
1275 1279 1.0
1283 1291 1.0
1299 1300 1.0
1302 1309 1.0
1311 1312 1.0
1336 1336 1.0
1338 1338 1.0
1347 1368 1.0
1370 1370 1.0
1379 1380 1.0
1419 1446 1.0
1459 1459 1.0
1478 1483 1.0
1485 1487 1.0
1490 1495 1.0
1499 1501 1.0
1503 1505 1.0
1544 1545 1.0
1547 1549 1.0
1551 1575 1.0
1583 1584 1.0
1588 1589 1.0
1591 1608 1.0
1610 1610 1.0
1616 1620 1.0
1622 1623 1.0
1645 1658 1.0
1662 1664 1.0
1667 1675 1.0
1677 1677 1.0
1703 1703 1.0
1722 1725 1.0
1727 1754 1.0
1756 1759 1.0
1801 1801 1.0
1804 1804 1.0
1809 1814 1.0
1820 1822 1.0
1826 1826 1.0
1837 1838 1.0
1840 1841 1.0
1846 1846 1.0
1862 1862 1.0
1866 1866 1.0
1871 1872 1.0
1879 1888 1.0
1890 1891 1.0
1911 1911 1.0
1913 1914 1.0
1916 1916 1.0
1918 1918 1.0
1921 1921 1.0
1925 1925 1.0
1929 1946 1.0
1950 1950 1.0
1964 1966 1.0
1969 1969 1.0
1971 1976 1.0
1990 1994 1.0
1997 1997 1.0
2023 2026 1.0
2040 2054 1.0
2064 2064 1.0
2093 2100 1.0
2103 2110 1.0
2112 2112 1.0
2114 2117 1.0
2121 2122 1.0
2131 2131 1.0
2133 2133 1.0
2140 2140 1.0
2151 2151 1.0
2153 2154 1.0
2156 2158 1.0
2161 2162 1.0
2173 2174 1.0
2185 2185 1.0
2187 2187 1.0
2190 2190 1.0
2201 2202 1.0
2213 2213 1.0
2233 2236 1.0
2240 2243 1.0
2253 2262 1.0
2265 2268 1.0
2270 2270 1.0
2274 2275 1.0
2278 2279 1.0
2282 2294 1.0
2297 2308 1.0
2318 2319 1.0
2349 2353 1.0
2357 2361 1.0
2384 2384 1.0
2397 2398 1.0
2402 2403 1.0
2408 2408 1.0
2410 2412 1.0
2425 2425 1.0
2428 2428 1.0
2430 2432 1.0
2434 2434 1.0
2439 2439 1.0
2441 2460 1.0
2464 2465 1.0
2499 2500 1.0
2504 2505 1.0
2508 2531 1.0
2568 2595 1.0
2597 2600 1.0
2602 2602 1.0
2621 2621 1.0
2641 2651 1.0
2661 2663 1.0
2667 2668 1.0
2673 2673 1.0
2690 2691 1.0
2693 2693 1.0
2703 2704 1.0
2706 2709 1.0
2735 2736 1.0
2738 2738 1.0
2740 2740 1.0
2747 2766 1.0
2769 2769 1.0
2772 2772 1.0
2790 2791 1.0
2798 2800 1.0
2804 2812 1.0
2821 2824 1.0
2832 2832 1.0
2838 2838 1.0
2855 2857 1.0
2886 2887 1.0
2889 2892 1.0
2896 2896 1.0
2901 2922 1.0
2944 2945 1.0
2971 2971 1.0
2973 2981 1.0
2991 2991 1.0
2993 2994 1.0
2996 3008 1.0
3010 3010 1.0
3022 3022 1.0
3025 3027 1.0
3066 3083 1.0
3085 3088 1.0
3090 3103 1.0
3122 3122 1.0
3127 3127 1.0
3133 3133 1.0
3147 3147 1.0
3150 3150 1.0
3154 3154 1.0
3168 3168 1.0
3172 3176 1.0
3178 3180 1.0
3182 3182 1.0
3190 3190 1.0
3193 3196 1.0
3198 3199 1.0
3201 3203 1.0
3205 3205 1.0
3215 3215 1.0
3217 3217 1.0
3219 3219 1.0
3221 3227 1.0
3229 3229 1.0
3245 3252 1.0
3254 3255 1.0
3258 3258 1.0
3304 3312 1.0
3314 3342 1.0
3347 3365 1.0
3367 3367 1.0
3377 3381 1.0
3409 3409 1.0
3411 3411 1.0
3422 3424 1.0
3477 3477 1.0
3481 3485 1.0
3487 3492 1.0
3494 3500 1.0
3510 3518 1.0
3561 3596 1.0
3611 3630 1.0
3632 3639 1.0
3641 3643 1.0
3647 3648 1.0
3682 3682 1.0
3688 3700 1.0
3704 3704 1.0
3714 3714 1.0
3716 3716 1.0
3723 3723 1.0
3744 3751 1.0
3773 3774 1.0
3791 3810 1.0
3813 3828 1.0
3836 3837 1.0
3839 3841 1.0
3845 3845 1.0
3847 3848 1.0
3856 3859 1.0
3869 3873 1.0
3878 3878 1.0
3881 3884 1.0
3899 3899 1.0
3901 3915 1.0
3922 3931 1.0
3933 3934 1.0
3938 3938 1.0
3955 3957 1.0
3977 3986 1.0
3991 3992 1.0
3995 4022 1.0
4025 4028 1.0
4031 4032 1.0
4034 4037 1.0
4044 4044 1.0
4066 4067 1.0
4083 4087 1.0
4102 4102 1.0
4107 4119 1.0
4124 4126 1.0
4129 4137 1.0
4165 4168 1.0
4172 4172 1.0
4175 4177 1.0
4182 4190 1.0
4199 4199 1.0
4216 4216 1.0
