91 92 1.0
95 95 1.0
97 98 1.0
103 103 1.0
107 109 1.0
111 128 1.0
131 132 1.0
134 134 1.0
137 137 1.0
139 140 1.0
144 144 1.0
146 146 1.0
167 168 1.0
171 171 1.0
173 173 1.0
178 178 1.0
180 180 1.0
183 183 1.0
185 201 1.0
210 210 1.0
213 214 1.0
216 220 1.0
222 222 1.0
242 242 1.0
244 245 1.0
253 253 1.0
274 274 1.0
276 278 1.0
292 302 1.0
307 307 1.0
309 313 1.0
325 327 1.0
355 362 1.0
364 401 1.0
443 443 1.0
477 477 1.0
483 514 1.0
516 517 1.0
541 543 1.0
556 568 1.0
574 578 1.0
584 585 1.0
587 587 1.0
590 592 1.0
620 621 1.0
639 644 1.0
656 657 1.0
662 677 1.0
683 692 1.0
696 697 1.0
717 717 1.0
731 733 1.0
736 737 1.0
739 739 1.0
745 745 1.0
748 748 1.0
752 753 1.0
756 757 1.0
759 760 1.0
765 765 1.0
767 768 1.0
771 773 1.0
779 782 1.0
815 816 1.0
856 856 1.0
858 908 1.0
949 964 1.0
968 978 1.0
980 982 1.0
1013 1013 1.0
1015 1015 1.0
1017 1024 1.0
1027 1033 1.0
1043 1043 1.0
1056 1056 1.0
1063 1064 1.0
1066 1066 1.0
1070 1070 1.0
1076 1087 1.0
1123 1148 1.0
1150 1158 1.0
1179 1188 1.0
1202 1205 1.0
1207 1207 1.0
1212 1214 1.0
1254 1292 1.0
1296 1296 1.0
1358 1358 1.0
1360 1363 1.0
1365 1395 1.0
1441 1476 1.0
1522 1525 1.0
1533 1533 1.0
1538 1541 1.0
1544 1556 1.0
1558 1558 1.0
1610 1631 1.0
1634 1648 1.0
1672 1672 1.0
1686 1697 1.0
1699 1704 1.0
1706 1707 1.0
1743 1762 1.0
1764 1766 1.0
1769 1770 1.0
1781 1781 1.0
1795 1795 1.0
1797 1806 1.0
1808 1808 1.0
1811 1811 1.0
1813 1813 1.0
1854 1854 1.0
1856 1856 1.0
1866 1889 1.0
1895 1897 1.0
1899 1906 1.0
1928 1930 1.0
1932 1932 1.0
1936 1936 1.0
1949 1984 1.0
1992 1992 1.0
2001 2004 1.0
2064 2091 1.0
2096 2096 1.0
2098 2098 1.0
3277 3277 1.0
3289 3289 1.0
