96 96 1.0
145 168 1.0
170 182 1.0
211 212 1.0
226 226 1.0
259 261 1.0
267 270 1.0
285 288 1.0
339 342 1.0
359 370 1.0
372 372 1.0
415 428 1.0
475 477 1.0
482 485 1.0
489 501 1.0
524 525 1.0
531 531 1.0
536 538 1.0
550 550 1.0
564 565 1.0
572 573 1.0
579 579 1.0
584 584 1.0
586 586 1.0
588 592 1.0
600 600 1.0
602 604 1.0
611 613 1.0
618 620 1.0
645 646 1.0
689 692 1.0
701 703 1.0
706 710 1.0
751 755 1.0
764 788 1.0
791 792 1.0
794 794 1.0
796 796 1.0
798 798 1.0
840 883 1.0
914 914 1.0
953 956 1.0
971 972 1.0
977 977 1.0
994 1008 1.0
1016 1027 1.0
1094 1097 1.0
1101 1101 1.0
1112 1119 1.0
1122 1131 1.0
1134 1134 1.0
1141 1143 1.0
1148 1149 1.0
1158 1159 1.0
1173 1175 1.0
1188 1189 1.0
1198 1198 1.0
1208 1210 1.0
1214 1215 1.0
1254 1257 1.0
1263 1266 1.0
1272 1272 1.0
1294 1294 1.0
1300 1300 1.0
1305 1307 1.0
1333 1336 1.0
1338 1338 1.0
1351 1364 1.0
1425 1459 1.0
1480 1481 1.0
1484 1484 1.0
1491 1500 1.0
1537 1551 1.0
1553 1553 1.0
1555 1557 1.0
1602 1612 1.0
1614 1615 1.0
1617 1617 1.0
1619 1619 1.0
1622 1629 1.0
1669 1719 1.0
1722 1722 1.0
1733 1742 1.0
1820 1825 1.0
1848 1850 1.0
1852 1853 1.0
1875 1885 1.0
1902 1911 1.0
1933 1935 1.0
1950 1965 1.0
1969 1970 1.0
2015 2026 1.0
2031 2044 1.0
2046 2071 1.0
2082 2088 1.0
2144 2144 1.0
2186 2194 1.0
2232 2269 1.0
2310 2314 1.0
2317 2317 1.0
2331 2331 1.0
2333 2333 1.0
2338 2338 1.0
2373 2374 1.0
2412 2417 1.0
2427 2443 1.0
2447 2449 1.0
2456 2457 1.0
2530 2530 1.0
2534 2535 1.0
2538 2539 1.0
2541 2541 1.0
2543 2543 1.0
2545 2546 1.0
2548 2550 1.0
2552 2554 1.0
2613 2617 1.0
2623 2627 1.0
2629 2637 1.0
2695 2732 1.0
2748 2748 1.0
2758 2758 1.0
2771 2778 1.0
2780 2782 1.0
2789 2789 1.0
2816 2824 1.0
2844 2844 1.0
2846 2847 1.0
2869 2876 1.0
2878 2883 1.0
2885 2885 1.0
2887 2887 1.0
2915 2915 1.0
2935 2937 1.0
2967 2968 1.0
2970 2972 1.0
2975 2987 1.0
2994 3011 1.0
3025 3026 1.0
3028 3028 1.0
3069 3110 1.0
