79 79 1.0
85 88 1.0
91 91 1.0
93 107 1.0
109 109 1.0
111 111 1.0
146 148 1.0
151 152 1.0
155 165 1.0
167 167 1.0
170 178 1.0
180 183 1.0
185 185 1.0
195 196 1.0
199 199 1.0
204 204 1.0
206 207 1.0
209 209 1.0
222 222 1.0
224 232 1.0
240 242 1.0
246 246 1.0
258 258 1.0
265 266 1.0
271 278 1.0
280 283 1.0
290 295 1.0
297 299 1.0
301 301 1.0
305 306 1.0
322 331 1.0
337 338 1.0
345 355 1.0
370 374 1.0
377 379 1.0
381 381 1.0
393 395 1.0
418 445 1.0
447 454 1.0
480 480 1.0
484 485 1.0
494 497 1.0
499 508 1.0
510 510 1.0
518 519 1.0
521 522 1.0
525 526 1.0
528 529 1.0
532 532 1.0
545 552 1.0
571 571 1.0
573 581 1.0
591 596 1.0
598 598 1.0
601 602 1.0
628 628 1.0
630 653 1.0
657 657 1.0
659 659 1.0
661 663 1.0
665 665 1.0
677 677 1.0
690 698 1.0
702 702 1.0
704 705 1.0
707 712 1.0
733 733 1.0
735 737 1.0
751 751 1.0
753 754 1.0
757 758 1.0
760 762 1.0
778 790 1.0
803 815 1.0
817 818 1.0
830 841 1.0
859 868 1.0
881 887 1.0
890 896 1.0
911 913 1.0
1139 1139 1.0
