79 79 1.0
87 105 1.0
107 107 1.0
133 133 1.0
150 156 1.0
174 186 1.0
189 189 1.0
197 197 1.0
199 199 1.0
202 202 1.0
204 204 1.0
226 226 1.0
228 228 1.0
230 231 1.0
248 248 1.0
268 269 1.0
271 271 1.0
281 282 1.0
288 288 1.0
323 323 1.0
325 327 1.0
329 329 1.0
337 338 1.0
351 351 1.0
355 356 1.0
358 359 1.0
371 371 1.0
374 387 1.0
406 408 1.0
430 439 1.0
453 466 1.0
485 485 1.0
487 488 1.0
490 490 1.0
492 492 1.0
514 518 1.0
544 544 1.0
550 550 1.0
558 558 1.0
560 572 1.0
574 582 1.0
591 597 1.0
621 625 1.0
645 648 1.0
668 673 1.0
678 678 1.0
680 680 1.0
689 689 1.0
699 702 1.0
704 704 1.0
711 715 1.0
717 717 1.0
720 721 1.0
730 733 1.0
752 752 1.0
754 754 1.0
772 777 1.0
786 786 1.0
788 788 1.0
793 793 1.0
795 795 1.0
855 892 1.0
901 908 1.0
910 923 1.0
931 935 1.0
937 941 1.0
961 975 1.0
1022 1034 1.0
1036 1036 1.0
1040 1051 1.0
1054 1091 1.0
1130 1136 1.0
1175 1198 1.0
1201 1205 1.0
1245 1282 1.0
1287 1299 1.0
1307 1307 1.0
1309 1315 1.0
1321 1323 1.0
1340 1340 1.0
1356 1356 1.0
1379 1379 1.0
1381 1385 1.0
1388 1388 1.0
1391 1391 1.0
1398 1399 1.0
1435 1459 1.0
1465 1465 1.0
1467 1472 1.0
1498 1502 1.0
1504 1504 1.0
1510 1531 1.0
1570 1593 1.0
1603 1603 1.0
1643 1658 1.0
1671 1671 1.0
1673 1673 1.0
1676 1680 1.0
1704 1710 1.0
1712 1713 1.0
1727 1737 1.0
1761 1761 1.0
1768 1769 1.0
1790 1790 1.0
1792 1796 1.0
1798 1798 1.0
1809 1823 1.0
1848 1849 1.0
1862 1862 1.0
1864 1867 1.0
1872 1885 1.0
1889 1891 1.0
1894 1897 1.0
1899 1899 1.0
1901 1909 1.0
1962 1975 1.0
1985 1997 1.0
2016 2017 1.0
2020 2020 1.0
2024 2024 1.0
2035 2046 1.0
2048 2048 1.0
2050 2050 1.0
2057 2057 1.0
2066 2066 1.0
2119 2119 1.0
3795 3795 1.0
