88 88 1.0
129 166 1.0
174 176 1.0
178 178 1.0
218 220 1.0
222 227 1.0
229 229 1.0
231 251 1.0
265 266 1.0
268 269 1.0
291 291 1.0
293 299 1.0
305 305 1.0
311 311 1.0
316 316 1.0
318 318 1.0
320 324 1.0
338 340 1.0
344 344 1.0
347 347 1.0
352 352 1.0
362 367 1.0
379 380 1.0
384 384 1.0
388 389 1.0
391 396 1.0
398 399 1.0
406 408 1.0
416 416 1.0
419 426 1.0
428 428 1.0
435 435 1.0
446 452 1.0
461 461 1.0
471 471 1.0
475 475 1.0
478 483 1.0
489 497 1.0
500 500 1.0
502 502 1.0
505 506 1.0
514 516 1.0
518 518 1.0
522 522 1.0
524 524 1.0
531 532 1.0
535 535 1.0
537 537 1.0
541 542 1.0
545 549 1.0
551 551 1.0
555 555 1.0
557 557 1.0
561 561 1.0
566 566 1.0
568 568 1.0
571 572 1.0
574 575 1.0
589 589 1.0
596 596 1.0
598 599 1.0
601 601 1.0
605 605 1.0
611 611 1.0
614 633 1.0
635 635 1.0
640 642 1.0
644 648 1.0
650 651 1.0
654 654 1.0
658 659 1.0
671 677 1.0
681 682 1.0
684 684 1.0
686 686 1.0
689 691 1.0
693 705 1.0
730 730 1.0
744 748 1.0
750 754 1.0
758 758 1.0
760 762 1.0
765 765 1.0
769 769 1.0
771 780 1.0
783 783 1.0
787 787 1.0
789 789 1.0
797 797 1.0
801 805 1.0
811 811 1.0
815 815 1.0
824 824 1.0
826 834 1.0
837 838 1.0
846 846 1.0
848 848 1.0
850 851 1.0
854 860 1.0
872 872 1.0
874 874 1.0
877 878 1.0
880 881 1.0
883 883 1.0
885 885 1.0
899 900 1.0
902 903 1.0
911 911 1.0
913 914 1.0
917 917 1.0
925 934 1.0
944 944 1.0
946 946 1.0
948 948 1.0
953 960 1.0
972 980 1.0
985 985 1.0
988 988 1.0
990 990 1.0
994 994 1.0
997 1004 1.0
1006 1007 1.0
1030 1030 1.0
1034 1034 1.0
1037 1037 1.0
1043 1046 1.0
1048 1048 1.0
1056 1067 1.0
1071 1071 1.0
1078 1080 1.0
1085 1085 1.0
1087 1093 1.0
1106 1108 1.0
1110 1114 1.0
1122 1122 1.0
1136 1142 1.0
1144 1144 1.0
1147 1147 1.0
1150 1150 1.0
1152 1159 1.0
1161 1161 1.0
1166 1173 1.0
1181 1181 1.0
1183 1183 1.0
1186 1186 1.0
1200 1202 1.0
1211 1212 1.0
1215 1215 1.0
1217 1218 1.0
1220 1220 1.0
1228 1229 1.0
1231 1232 1.0
1235 1235 1.0
1240 1247 1.0
1261 1261 1.0
1263 1263 1.0
1269 1269 1.0
1271 1272 1.0
1274 1275 1.0
1287 1288 1.0
1290 1291 1.0
1294 1296 1.0
1300 1303 1.0
1314 1314 1.0
1318 1318 1.0
1320 1321 1.0
1327 1327 1.0
1329 1331 1.0
1333 1333 1.0
1335 1336 1.0
1345 1345 1.0
1347 1353 1.0
1361 1363 1.0
1375 1376 1.0
1378 1382 1.0
1392 1398 1.0
1406 1411 1.0
1419 1419 1.0
1421 1430 1.0
1432 1432 1.0
1436 1436 1.0
1440 1441 1.0
1443 1443 1.0
1448 1454 1.0
1477 1477 1.0
1480 1480 1.0
1482 1482 1.0
1484 1484 1.0
1492 1495 1.0
1497 1514 1.0
1517 1517 1.0
1523 1523 1.0
1528 1529 1.0
1532 1532 1.0
1534 1534 1.0
1536 1536 1.0
1540 1540 1.0
1544 1544 1.0
1554 1554 1.0
1560 1560 1.0
1562 1562 1.0
1565 1565 1.0
1568 1569 1.0
1573 1573 1.0
1575 1575 1.0
1577 1581 1.0
1583 1583 1.0
1585 1585 1.0
1593 1597 1.0
1599 1599 1.0
1601 1601 1.0
1608 1610 1.0
1612 1612 1.0
1614 1614 1.0
1622 1629 1.0
1637 1644 1.0
1646 1646 1.0
1653 1653 1.0
1655 1655 1.0
1657 1658 1.0
1664 1673 1.0
1675 1675 1.0
1683 1683 1.0
1687 1687 1.0
1690 1699 1.0
1707 1707 1.0
1712 1712 1.0
1714 1714 1.0
1716 1720 1.0
1722 1727 1.0
1742 1744 1.0
1746 1747 1.0
1759 1759 1.0
1766 1780 1.0
1782 1783 1.0
1785 1796 1.0
1798 1798 1.0
1806 1809 1.0
1811 1812 1.0
1814 1814 1.0
1818 1818 1.0
1862 1864 1.0
1875 1890 1.0
1895 1895 1.0
1899 1899 1.0
