78 92 1.0
94 94 1.0
96 116 1.0
152 185 1.0
198 198 1.0
201 207 1.0
248 272 1.0
274 274 1.0
277 277 1.0
279 292 1.0
295 295 1.0
334 338 1.0
343 364 1.0
366 368 1.0
377 378 1.0
381 381 1.0
392 393 1.0
407 415 1.0
417 418 1.0
420 420 1.0
423 425 1.0
427 429 1.0
433 444 1.0
462 462 1.0
464 464 1.0
467 470 1.0
475 476 1.0
478 479 1.0
481 481 1.0
498 498 1.0
502 502 1.0
504 504 1.0
512 512 1.0
515 515 1.0
518 542 1.0
579 606 1.0
637 637 1.0
639 669 1.0
671 671 1.0
715 722 1.0
724 724 1.0
726 754 1.0
756 766 1.0
769 769 1.0
777 777 1.0
779 779 1.0
783 787 1.0
789 790 1.0
818 819 1.0
826 826 1.0
829 851 1.0
854 871 1.0
887 887 1.0
915 915 1.0
917 917 1.0
921 921 1.0
923 952 1.0
954 958 1.0
960 960 1.0
963 964 1.0
988 988 1.0
990 990 1.0
1020 1024 1.0
1027 1027 1.0
1029 1056 1.0
1081 1091 1.0
1095 1095 1.0
1097 1101 1.0
1110 1114 1.0
1118 1118 1.0
1133 1135 1.0
1137 1137 1.0
1139 1140 1.0
1142 1151 1.0
1154 1154 1.0
1158 1170 1.0
1176 1176 1.0
1178 1182 1.0
1188 1188 1.0
1191 1191 1.0
1193 1200 1.0
1209 1210 1.0
1212 1212 1.0
1245 1246 1.0
1252 1252 1.0
1254 1282 1.0
1286 1286 1.0
1288 1291 1.0
1305 1305 1.0
1307 1307 1.0
1309 1309 1.0
1323 1323 1.0
1325 1325 1.0
1330 1330 1.0
1332 1332 1.0
1334 1335 1.0
1338 1338 1.0
1342 1342 1.0
1362 1362 1.0
1364 1367 1.0
1369 1369 1.0
1371 1375 1.0
1377 1379 1.0
1381 1385 1.0
1388 1399 1.0
1418 1418 1.0
1424 1425 1.0
1440 1440 1.0
1442 1442 1.0
1445 1449 1.0
1463 1465 1.0
1469 1474 1.0
1476 1476 1.0
1481 1482 1.0
1485 1485 1.0
1488 1500 1.0
1503 1509 1.0
1511 1519 1.0
1521 1522 1.0
1550 1550 1.0
1567 1567 1.0
1569 1569 1.0
1572 1574 1.0
1577 1578 1.0
1585 1585 1.0
1593 1604 1.0
1606 1606 1.0
1609 1609 1.0
1621 1622 1.0
1624 1624 1.0
1645 1645 1.0
1648 1651 1.0
1657 1657 1.0
1666 1666 1.0
1671 1671 1.0
1673 1673 1.0
1677 1679 1.0
1690 1692 1.0
1694 1694 1.0
1696 1696 1.0
1698 1705 1.0
1707 1708 1.0
1711 1713 1.0
1717 1727 1.0
1729 1736 1.0
1739 1739 1.0
1742 1756 1.0
1762 1771 1.0
1773 1773 1.0
1812 1849 1.0
1877 1886 1.0
1888 1888 1.0
1890 1890 1.0
1894 1896 1.0
1898 1901 1.0
1905 1914 1.0
1916 1917 1.0
1922 1927 1.0
1930 1930 1.0
1932 1932 1.0
1969 1969 1.0
1972 1973 1.0
1977 1977 1.0
1980 1980 1.0
1982 2006 1.0
2008 2009 1.0
2012 2014 1.0
2016 2017 1.0
2019 2019 1.0
2025 2025 1.0
2029 2030 1.0
2033 2034 1.0
2045 2045 1.0
2047 2048 1.0
2050 2062 1.0
2079 2079 1.0
2081 2081 1.0
2101 2102 1.0
2106 2110 1.0
2112 2112 1.0
2114 2116 1.0
2118 2118 1.0
2120 2124 1.0
2126 2135 1.0
2137 2137 1.0
2139 2147 1.0
2149 2153 1.0
2155 2158 1.0
2160 2168 1.0
2208 2245 1.0
2269 2271 1.0
2303 2303 1.0
2305 2305 1.0
2310 2342 1.0
2345 2345 1.0
2347 2350 1.0
2352 2353 1.0
2366 2375 1.0
2382 2382 1.0
2416 2419 1.0
2421 2453 1.0
2455 2460 1.0
2479 2486 1.0
2525 2558 1.0
2587 2588 1.0
2597 2599 1.0
2617 2618 1.0
2620 2620 1.0
2629 2630 1.0
2632 2633 1.0
2638 2654 1.0
2663 2669 1.0
2672 2677 1.0
2679 2679 1.0
2691 2701 1.0
2709 2710 1.0
2741 2743 1.0
2745 2745 1.0
2751 2765 1.0
2767 2768 1.0
2770 2771 1.0
2773 2779 1.0
2781 2795 1.0
2803 2808 1.0
2810 2814 1.0
2845 2846 1.0
2853 2877 1.0
2879 2879 1.0
2886 2890 1.0
2916 2916 1.0
2919 2920 1.0
2922 2922 1.0
2929 2929 1.0
2934 2934 1.0
2938 2938 1.0
2940 2940 1.0
2945 2950 1.0
2956 2956 1.0
2959 2959 1.0
2961 2961 1.0
2965 2966 1.0
2969 2970 1.0
2974 2975 1.0
2977 2984 1.0
2986 2993 1.0
2998 2998 1.0
3000 3003 1.0
3005 3006 1.0
3009 3009 1.0
3013 3015 1.0
3030 3030 1.0
3044 3044 1.0
3047 3050 1.0
3055 3055 1.0
3060 3063 1.0
3065 3067 1.0
3071 3072 1.0
3077 3077 1.0
3083 3084 1.0
3086 3087 1.0
3091 3091 1.0
3093 3100 1.0
3102 3106 1.0
3108 3108 1.0
3111 3112 1.0
3114 3120 1.0
3122 3122 1.0
3128 3132 1.0
3134 3135 1.0
3147 3148 1.0
3151 3151 1.0
3162 3164 1.0
3166 3166 1.0
3183 3183 1.0
3187 3188 1.0
3206 3220 1.0
3222 3222 1.0
3227 3248 1.0
3261 3262 1.0
3292 3297 1.0
3301 3329 1.0
3331 3340 1.0
3351 3351 1.0
3353 3364 1.0
3366 3367 1.0
3385 3385 1.0
3408 3428 1.0
3430 3432 1.0
3434 3447 1.0
3451 3451 1.0
3468 3469 1.0
3471 3471 1.0
3495 3499 1.0
3503 3503 1.0
3505 3506 1.0
3508 3508 1.0
3510 3516 1.0
3518 3519 1.0
3521 3533 1.0
3547 3547 1.0
3554 3559 1.0
