78 80 1.0
118 132 1.0
173 181 1.0
216 250 1.0
265 265 1.0
275 276 1.0
285 294 1.0
314 316 1.0
318 318 1.0
331 331 1.0
333 341 1.0
378 407 1.0
446 481 1.0
519 553 1.0
573 573 1.0
587 603 1.0
640 661 1.0
698 718 1.0
720 733 1.0
786 786 1.0
789 789 1.0
800 826 1.0
831 833 1.0
835 836 1.0
841 843 1.0
845 845 1.0
847 849 1.0
851 854 1.0
865 876 1.0
896 901 1.0
917 925 1.0
940 940 1.0
945 947 1.0
950 950 1.0
952 956 1.0
958 959 1.0
961 965 1.0
967 970 1.0
1011 1011 1.0
1017 1070 1.0
1073 1075 1.0
1120 1164 1.0
1207 1226 1.0
1228 1228 1.0
1269 1269 1.0
1271 1272 1.0
1276 1276 1.0
1278 1291 1.0
1304 1304 1.0
1306 1306 1.0
1325 1340 1.0
1346 1351 1.0
1380 1380 1.0
1394 1405 1.0
1419 1431 1.0
1433 1433 1.0
1440 1440 1.0
1444 1444 1.0
1447 1447 1.0
1449 1450 1.0
1453 1454 1.0
1457 1458 1.0
1460 1460 1.0
1462 1463 1.0
1474 1474 1.0
1478 1494 1.0
1496 1496 1.0
1498 1509 1.0
1511 1511 1.0
1555 1565 1.0
1574 1574 1.0
1578 1578 1.0
1604 1611 1.0
1619 1619 1.0
1621 1626 1.0
1633 1642 1.0
1647 1647 1.0
1649 1660 1.0
1662 1668 1.0
1703 1735 1.0
1770 1780 1.0
1814 1846 1.0
1887 1887 1.0
1889 1889 1.0
2656 2656 1.0
