97 102 1.0
104 133 1.0
137 139 1.0
198 199 1.0
201 201 1.0
203 235 1.0
243 244 1.0
260 267 1.0
271 273 1.0
292 292 1.0
312 327 1.0
343 353 1.0
363 376 1.0
408 437 1.0
439 441 1.0
445 445 1.0
458 458 1.0
471 472 1.0
510 546 1.0
601 601 1.0
608 608 1.0
610 610 1.0
615 615 1.0
617 631 1.0
644 659 1.0
670 679 1.0
710 744 1.0
765 771 1.0
779 785 1.0
822 857 1.0
867 868 1.0
894 897 1.0
933 967 1.0
1006 1020 1.0
1063 1100 1.0
1119 1119 1.0
1121 1129 1.0
1135 1144 1.0
1146 1152 1.0
1193 1230 1.0
1271 1271 1.0
1282 1282 1.0
1303 1340 1.0
1365 1366 1.0
1368 1372 1.0
1380 1380 1.0
1382 1383 1.0
1396 1396 1.0
1399 1399 1.0
1413 1417 1.0
1419 1419 1.0
1422 1436 1.0
1438 1438 1.0
1445 1450 1.0
1455 1456 1.0
1458 1463 1.0
1469 1471 1.0
1473 1473 1.0
1475 1480 1.0
1489 1493 1.0
1510 1513 1.0
1519 1523 1.0
1532 1534 1.0
1536 1547 1.0
1551 1552 1.0
1554 1555 1.0
1563 1564 1.0
1566 1566 1.0
1573 1574 1.0
1594 1598 1.0
1600 1600 1.0
1603 1603 1.0
1605 1609 1.0
1615 1616 1.0
1618 1618 1.0
1620 1620 1.0
1624 1631 1.0
1633 1638 1.0
1651 1651 1.0
1657 1661 1.0
1678 1687 1.0
1691 1691 1.0
1708 1727 1.0
1730 1744 1.0
1756 1756 1.0
1758 1771 1.0
1781 1781 1.0
1783 1796 1.0
1808 1818 1.0
1820 1824 1.0
1864 1899 1.0
1901 1903 1.0
1923 1934 1.0
1972 1996 1.0
1998 1998 1.0
2001 2003 1.0
2006 2006 1.0
2008 2008 1.0
2026 2026 1.0
2028 2035 1.0
2069 2102 1.0
2123 2123 1.0
2136 2136 1.0
2140 2147 1.0
2177 2177 1.0
2186 2212 1.0
2219 2219 1.0
2221 2221 1.0
2223 2223 1.0
2225 2231 1.0
2233 2236 1.0
2239 2239 1.0
2242 2242 1.0
2284 2321 1.0
2338 2338 1.0
2340 2340 1.0
2342 2343 1.0
2382 2382 1.0
2384 2418 1.0
2442 2445 1.0
2447 2447 1.0
2451 2454 1.0
2468 2469 1.0
2471 2474 1.0
2484 2484 1.0
2493 2506 1.0
2518 2518 1.0
2521 2521 1.0
2524 2528 1.0
2539 2539 1.0
2541 2548 1.0
2550 2553 1.0
2569 2570 1.0
2574 2574 1.0
2578 2605 1.0
2609 2611 1.0
2613 2613 1.0
2629 2630 1.0
2632 2632 1.0
2654 2654 1.0
2656 2656 1.0
3277 3277 1.0
3289 3289 1.0
