101 104 1.0
106 116 1.0
131 131 1.0
143 144 1.0
153 165 1.0
183 183 1.0
185 192 1.0
199 219 1.0
237 237 1.0
251 264 1.0
267 272 1.0
299 332 1.0
363 363 1.0
365 392 1.0
412 412 1.0
415 415 1.0
431 443 1.0
446 447 1.0
452 452 1.0
454 469 1.0
472 484 1.0
487 489 1.0
528 528 1.0
532 532 1.0
534 546 1.0
556 565 1.0
568 569 1.0
572 574 1.0
587 587 1.0
595 595 1.0
602 602 1.0
604 609 1.0
615 630 1.0
632 632 1.0
641 641 1.0
643 643 1.0
646 646 1.0
669 677 1.0
682 707 1.0
713 713 1.0
715 721 1.0
765 802 1.0
816 817 1.0
819 823 1.0
825 825 1.0
832 832 1.0
835 836 1.0
838 842 1.0
865 868 1.0
871 885 1.0
888 902 1.0
907 910 1.0
914 915 1.0
3795 3795 1.0
