109 109 1.0
112 113 1.0
124 135 1.0
137 138 1.0
151 154 1.0
156 159 1.0
183 188 1.0
193 194 1.0
196 219 1.0
258 258 1.0
261 262 1.0
271 271 1.0
276 277 1.0
280 286 1.0
303 306 1.0
321 322 1.0
327 334 1.0
339 340 1.0
342 351 1.0
373 375 1.0
390 396 1.0
403 423 1.0
461 462 1.0
489 495 1.0
497 527 1.0
576 577 1.0
580 583 1.0
588 625 1.0
630 633 1.0
648 652 1.0
663 665 1.0
695 699 1.0
702 723 1.0
755 755 1.0
757 771 1.0
773 775 1.0
813 816 1.0
818 850 1.0
855 855 1.0
889 890 1.0
897 905 1.0
911 911 1.0
945 945 1.0
950 986 1.0
991 993 1.0
1026 1028 1.0
1032 1043 1.0
1052 1052 1.0
1082 1102 1.0
1105 1118 1.0
1140 1143 1.0
1157 1175 1.0
1212 1239 1.0
1274 1304 1.0
1331 1362 1.0
1401 1425 1.0
1428 1429 1.0
1462 1462 1.0
1471 1482 1.0
1484 1499 1.0
1501 1509 1.0
1520 1521 1.0
1523 1525 1.0
1537 1549 1.0
1562 1562 1.0
1602 1640 1.0
1691 1728 1.0
1749 1750 1.0
1758 1764 1.0
1766 1771 1.0
1810 1817 1.0
1819 1829 1.0
1871 1906 1.0
1950 1950 1.0
1957 1969 1.0
1979 1979 1.0
1981 1982 1.0
1984 1986 1.0
1990 1992 1.0
2008 2024 1.0
2029 2039 1.0
2063 2066 1.0
2070 2070 1.0
2076 2084 1.0
2127 2166 1.0
2185 2185 1.0
2207 2207 1.0
2209 2209 1.0
2211 2222 1.0
2224 2228 1.0
2235 2240 1.0
2266 2272 1.0
2276 2299 1.0
2310 2311 1.0
2336 2341 1.0
2343 2365 1.0
2403 2409 1.0
2413 2434 1.0
2448 2450 1.0
2473 2475 1.0
2478 2493 1.0
2499 2499 1.0
2505 2507 1.0
2514 2514 1.0
2529 2563 1.0
2582 2583 1.0
2650 2652 1.0
2656 2687 1.0
2691 2693 1.0
2731 2756 1.0
2792 2824 1.0
2838 2838 1.0
2866 2868 1.0
2878 2882 1.0
2884 2884 1.0
2907 2912 1.0
2914 2941 1.0
2944 2944 1.0
2947 2948 1.0
2979 2981 1.0
2992 2995 1.0
3000 3016 1.0
3018 3021 1.0
3026 3028 1.0
3059 3063 1.0
3065 3083 1.0
3085 3088 1.0
3121 3123 1.0
3127 3142 1.0
3161 3162 1.0
3179 3197 1.0
3199 3199 1.0
3201 3210 1.0
3243 3243 1.0
3247 3268 1.0
3302 3334 1.0
3377 3398 1.0
3407 3411 1.0
3413 3414 1.0
3424 3427 1.0
3429 3450 1.0
3455 3458 1.0
3489 3492 1.0
3495 3507 1.0
3518 3521 1.0
3551 3556 1.0
