78 78 1.0
81 91 1.0
94 110 1.0
113 113 1.0
123 123 1.0
129 131 1.0
179 214 1.0
229 229 1.0
235 237 1.0
246 271 1.0
276 279 1.0
330 330 1.0
332 349 1.0
352 365 1.0
367 369 1.0
374 374 1.0
386 389 1.0
428 464 1.0
502 532 1.0
534 535 1.0
560 577 1.0
616 652 1.0
654 655 1.0
665 665 1.0
668 681 1.0
683 683 1.0
685 686 1.0
727 763 1.0
782 782 1.0
800 800 1.0
803 803 1.0
805 809 1.0
812 814 1.0
829 831 1.0
872 909 1.0
948 965 1.0
968 974 1.0
976 976 1.0
978 978 1.0
981 981 1.0
1010 1018 1.0
1020 1023 1.0
1025 1025 1.0
1027 1027 1.0
1029 1030 1.0
1064 1075 1.0
1077 1084 1.0
1086 1087 1.0
1090 1090 1.0
1092 1098 1.0
1139 1152 1.0
1155 1155 1.0
1161 1170 1.0
1174 1174 1.0
1186 1186 1.0
1189 1191 1.0
1211 1211 1.0
1213 1216 1.0
1222 1222 1.0
1225 1225 1.0
1228 1248 1.0
1250 1250 1.0
1275 1277 1.0
1285 1304 1.0
1344 1372 1.0
1408 1429 1.0
1432 1436 1.0
1456 1457 1.0
1466 1472 1.0
1475 1493 1.0
1538 1557 1.0
1565 1572 1.0
1577 1577 1.0
1614 1614 1.0
1616 1617 1.0
1619 1623 1.0
1627 1627 1.0
1629 1631 1.0
1633 1634 1.0
1636 1636 1.0
1639 1647 1.0
1649 1649 1.0
1651 1651 1.0
1656 1656 1.0
1661 1664 1.0
1666 1667 1.0
1669 1670 1.0
1674 1677 1.0
1684 1684 1.0
1690 1692 1.0
1695 1695 1.0
1708 1708 1.0
1717 1723 1.0
1727 1728 1.0
1731 1732 1.0
1734 1754 1.0
1759 1759 1.0
1763 1764 1.0
1767 1767 1.0
1808 1840 1.0
1877 1881 1.0
1883 1897 1.0
