78 85 1.0
87 87 1.0
100 114 1.0
126 129 1.0
150 152 1.0
154 163 1.0
166 185 1.0
191 191 1.0
227 227 1.0
230 231 1.0
236 238 1.0
240 241 1.0
261 261 1.0
266 266 1.0
271 297 1.0
300 303 1.0
336 337 1.0
346 363 1.0
365 365 1.0
368 368 1.0
378 381 1.0
398 427 1.0
432 433 1.0
472 506 1.0
522 525 1.0
531 534 1.0
544 548 1.0
575 576 1.0
585 585 1.0
587 587 1.0
592 593 1.0
596 606 1.0
617 621 1.0
647 647 1.0
649 650 1.0
664 668 1.0
672 674 1.0
689 691 1.0
693 693 1.0
707 707 1.0
711 722 1.0
726 744 1.0
746 748 1.0
761 763 1.0
786 798 1.0
800 820 1.0
860 886 1.0
890 892 1.0
894 897 1.0
900 900 1.0
916 916 1.0
919 927 1.0
944 945 1.0
965 1002 1.0
1044 1045 1.0
1050 1077 1.0
1084 1085 1.0
1087 1087 1.0
1096 1128 1.0
1167 1169 1.0
1171 1171 1.0
1185 1186 1.0
1193 1204 1.0
1206 1208 1.0
1212 1221 1.0
1225 1225 1.0
1261 1261 1.0
1264 1301 1.0
1303 1304 1.0
1306 1307 1.0
1311 1311 1.0
1313 1316 1.0
1319 1320 1.0
1322 1329 1.0
1368 1385 1.0
1387 1387 1.0
1389 1391 1.0
1397 1397 1.0
1399 1402 1.0
1423 1423 1.0
1428 1436 1.0
1441 1460 1.0
1462 1465 1.0
1477 1478 1.0
1480 1480 1.0
1496 1496 1.0
1498 1499 1.0
1505 1512 1.0
1514 1514 1.0
1540 1542 1.0
1565 1565 1.0
1567 1577 1.0
1581 1584 1.0
1588 1588 1.0
1590 1607 1.0
1610 1610 1.0
1612 1614 1.0
1616 1616 1.0
1620 1621 1.0
1624 1625 1.0
1629 1629 1.0
1662 1662 1.0
1664 1666 1.0
1668 1673 1.0
1675 1678 1.0
1680 1680 1.0
1691 1695 1.0
1721 1721 1.0
1723 1725 1.0
1727 1730 1.0
1733 1735 1.0
1739 1753 1.0
1755 1755 1.0
1757 1758 1.0
1788 1789 1.0
1792 1792 1.0
1794 1794 1.0
1798 1810 1.0
1814 1816 1.0
1818 1820 1.0
1822 1823 1.0
1849 1851 1.0
1853 1853 1.0
1855 1855 1.0
1858 1859 1.0
1862 1867 1.0
1873 1874 1.0
1876 1876 1.0
1879 1882 1.0
1895 1896 1.0
1905 1911 1.0
1913 1913 1.0
1916 1917 1.0
1921 1924 1.0
1926 1929 1.0
1966 1969 1.0
1972 1974 1.0
1977 1996 1.0
2000 2003 1.0
2014 2014 1.0
2034 2037 1.0
2043 2045 1.0
2047 2048 1.0
2051 2051 1.0
2054 2054 1.0
2064 2065 1.0
2090 2091 1.0
2094 2094 1.0
2096 2126 1.0
2139 2139 1.0
2145 2145 1.0
2156 2156 1.0
2202 2204 1.0
2207 2208 1.0
2211 2217 1.0
2219 2251 1.0
2253 2258 1.0
2260 2260 1.0
2264 2264 1.0
2266 2269 1.0
2310 2310 1.0
2312 2327 1.0
2330 2340 1.0
2359 2359 1.0
2362 2363 1.0
2366 2374 1.0
2376 2377 1.0
2379 2391 1.0
2431 2432 1.0
2434 2475 1.0
2534 2537 1.0
2539 2573 1.0
2575 2576 1.0
2615 2615 1.0
2621 2623 1.0
2637 2675 1.0
2720 2764 1.0
2774 2787 1.0
2789 2789 1.0
2806 2809 1.0
2826 2836 1.0
2848 2855 1.0
2877 2882 1.0
2892 2913 1.0
2915 2916 1.0
2918 2918 1.0
2920 2931 1.0
2936 2936 1.0
2939 2941 1.0
2943 2948 1.0
2951 2952 1.0
2993 3030 1.0
3049 3051 1.0
3054 3054 1.0
3065 3065 1.0
3067 3067 1.0
3099 3100 1.0
3107 3108 1.0
3114 3144 1.0
3146 3151 1.0
3157 3158 1.0
3161 3162 1.0
3169 3169 1.0
3188 3191 1.0
3231 3231 1.0
3233 3270 1.0
3280 3280 1.0
3283 3286 1.0
3291 3295 1.0
3339 3341 1.0
3343 3376 1.0
3379 3380 1.0
3421 3423 1.0
3425 3442 1.0
3450 3450 1.0
3453 3454 1.0
3456 3456 1.0
3479 3485 1.0
3489 3493 1.0
3501 3501 1.0
3503 3504 1.0
3506 3513 1.0
3524 3526 1.0
3532 3544 1.0
3566 3566 1.0
3588 3602 1.0
3604 3625 1.0
3627 3634 1.0
3639 3639 1.0
3641 3645 1.0
3648 3649 1.0
3651 3653 1.0
3702 3741 1.0
3807 3807 1.0
3809 3844 1.0
3861 3862 1.0
3864 3870 1.0
3874 3874 1.0
3913 3948 1.0
3979 3994 1.0
4030 4030 1.0
4033 4053 1.0
4056 4062 1.0
4064 4065 1.0
4067 4067 1.0
4075 4077 1.0
4092 4093 1.0
4097 4112 1.0
4117 4117 1.0
4119 4119 1.0
4121 4122 1.0
4127 4129 1.0
4131 4135 1.0
4162 4163 1.0
4187 4187 1.0
4191 4216 1.0
