104 140 1.0
194 196 1.0
203 205 1.0
213 218 1.0
263 289 1.0
336 351 1.0
399 427 1.0
446 447 1.0
506 510 1.0
513 513 1.0
516 518 1.0
520 536 1.0
556 566 1.0
568 569 1.0
571 588 1.0
631 668 1.0
697 718 1.0
769 772 1.0
774 775 1.0
777 777 1.0
779 779 1.0
834 835 1.0
838 853 1.0
855 855 1.0
874 874 1.0
913 917 1.0
924 925 1.0
945 949 1.0
964 968 1.0
986 997 1.0
1016 1019 1.0
1039 1039 1.0
1055 1056 1.0
1081 1092 1.0
1095 1099 1.0
1107 1114 1.0
1158 1200 1.0
1251 1252 1.0
1291 1294 1.0
1298 1300 1.0
1372 1374 1.0
1377 1383 1.0
1385 1385 1.0
1403 1404 1.0
1467 1467 1.0
1506 1509 1.0
1550 1552 1.0
1591 1591 1.0
1593 1595 1.0
1632 1634 1.0
1640 1650 1.0
1691 1712 1.0
1765 1803 1.0
1865 1865 1.0
1881 1888 1.0
1928 1966 1.0
2069 2069 1.0
2073 2104 1.0
2109 2110 1.0
3352 3352 1.0
