79 83 1.0
94 97 1.0
99 130 1.0
177 213 1.0
233 233 1.0
250 258 1.0
276 285 1.0
334 364 1.0
367 370 1.0
418 421 1.0
435 435 1.0
441 445 1.0
451 454 1.0
458 460 1.0
478 479 1.0
518 522 1.0
525 532 1.0
552 552 1.0
567 589 1.0
591 591 1.0
594 594 1.0
597 597 1.0
626 626 1.0
630 633 1.0
661 662 1.0
665 667 1.0
673 693 1.0
705 706 1.0
708 709 1.0
732 742 1.0
745 745 1.0
748 750 1.0
754 754 1.0
791 818 1.0
855 870 1.0
907 937 1.0
988 991 1.0
993 995 1.0
999 1017 1.0
1023 1025 1.0
1028 1034 1.0
1086 1124 1.0
1211 1214 1.0
1224 1228 1.0
1230 1230 1.0
1235 1242 1.0
1253 1259 1.0
1269 1269 1.0
1272 1273 1.0
1275 1277 1.0
1281 1281 1.0
1283 1288 1.0
1371 1371 1.0
1374 1374 1.0
1387 1394 1.0
1397 1397 1.0
1400 1405 1.0
1444 1480 1.0
1482 1484 1.0
1516 1519 1.0
1545 1553 1.0
1557 1582 1.0
1643 1645 1.0
1650 1656 1.0
1690 1692 1.0
1695 1715 1.0
1759 1764 1.0
1802 1803 1.0
1812 1831 1.0
1833 1838 1.0
1842 1843 1.0
1870 1870 1.0
1909 1911 1.0
1915 1921 1.0
1925 1931 1.0
1971 2001 1.0
2010 2012 1.0
2030 2032 1.0
2034 2034 1.0
2039 2039 1.0
2045 2046 1.0
2080 2082 1.0
2086 2086 1.0
2089 2090 1.0
2092 2095 1.0
2098 2110 1.0
