111 112 1.0
187 187 1.0
203 204 1.0
243 244 1.0
252 253 1.0
283 284 1.0
328 328 1.0
337 337 1.0
351 353 1.0
398 400 1.0
456 457 1.0
489 490 1.0
492 493 1.0
496 500 1.0
503 504 1.0
507 510 1.0
565 569 1.0
715 717 1.0
776 788 1.0
848 849 1.0
856 859 1.0
881 881 1.0
884 885 1.0
924 925 1.0
927 930 1.0
948 949 1.0
953 955 1.0
1016 1018 1.0
1067 1068 1.0
1070 1074 1.0
1174 1174 1.0
1206 1215 1.0
1222 1223 1.0
1230 1230 1.0
1280 1318 1.0
1320 1320 1.0
1322 1328 1.0
1355 1361 1.0
1367 1368 1.0
1460 1462 1.0
1465 1467 1.0
1484 1486 1.0
1600 1601 1.0
1668 1670 1.0
1695 1697 1.0
1713 1713 1.0
1715 1715 1.0
1764 1765 1.0
1884 1884 1.0
1912 1913 1.0
1923 1924 1.0
1926 1926 1.0
1929 1932 1.0
1959 1960 1.0
1986 1988 1.0
2059 2059 1.0
2061 2065 1.0
2081 2082 1.0
2089 2092 1.0
2305 2305 1.0
2354 2355 1.0
2514 2515 1.0
2521 2523 1.0
2570 2572 1.0
2669 2670 1.0
2677 2677 1.0
2680 2680 1.0
2682 2685 1.0
2689 2692 1.0
2731 2733 1.0
2735 2735 1.0
2825 2827 1.0
2839 2841 1.0
2885 2887 1.0
2990 2990 1.0
3029 3031 1.0
3066 3066 1.0
