78 82 1.0
105 105 1.0
109 109 1.0
151 189 1.0
212 212 1.0
237 237 1.0
239 239 1.0
247 249 1.0
251 285 1.0
288 288 1.0
291 293 1.0
296 296 1.0
322 325 1.0
366 404 1.0
477 480 1.0
485 493 1.0
497 497 1.0
499 499 1.0
503 503 1.0
506 508 1.0
517 518 1.0
534 534 1.0
539 540 1.0
542 571 1.0
603 603 1.0
606 606 1.0
609 619 1.0
621 622 1.0
656 684 1.0
715 715 1.0
718 718 1.0
721 739 1.0
741 741 1.0
775 796 1.0
807 811 1.0
834 844 1.0
850 857 1.0
860 860 1.0
884 884 1.0
886 886 1.0
893 893 1.0
895 916 1.0
918 921 1.0
925 925 1.0
949 952 1.0
955 974 1.0
980 980 1.0
1013 1022 1.0
1027 1049 1.0
1061 1064 1.0
1088 1098 1.0
1102 1104 1.0
1107 1107 1.0
1147 1184 1.0
1220 1223 1.0
1225 1232 1.0
1235 1235 1.0
1242 1242 1.0
1257 1257 1.0
1269 1305 1.0
1337 1337 1.0
1340 1341 1.0
1343 1347 1.0
1349 1350 1.0
1352 1352 1.0
1356 1356 1.0
1362 1366 1.0
1395 1432 1.0
1468 1472 1.0
1476 1476 1.0
1479 1492 1.0
1494 1494 1.0
1530 1567 1.0
1611 1619 1.0
1621 1645 1.0
1655 1660 1.0
1662 1676 1.0
1682 1685 1.0
1697 1698 1.0
1712 1712 1.0
1714 1733 1.0
1739 1743 1.0
1775 1803 1.0
1805 1805 1.0
1829 1831 1.0
1842 1857 1.0
1861 1872 1.0
1893 1904 1.0
1907 1923 1.0
1963 1965 1.0
1967 1969 1.0
1972 1972 1.0
1974 1981 1.0
2011 2048 1.0
2087 2121 1.0
2135 2137 1.0
2152 2172 1.0
2177 2178 1.0
2220 2221 1.0
2224 2224 1.0
2227 2257 1.0
2259 2265 1.0
2271 2272 1.0
2279 2279 1.0
2283 2283 1.0
2285 2285 1.0
2289 2289 1.0
2294 2302 1.0
2304 2305 1.0
2324 2329 1.0
2331 2336 1.0
2379 2380 1.0
2383 2416 1.0
2418 2420 1.0
2459 2481 1.0
2492 2492 1.0
2519 2553 1.0
2566 2566 1.0
2585 2585 1.0
2587 2595 1.0
2597 2598 1.0
2636 2655 1.0
