78 98 1.0
101 101 1.0
109 109 1.0
113 113 1.0
153 193 1.0
204 207 1.0
263 264 1.0
290 300 1.0
303 328 1.0
330 330 1.0
334 336 1.0
339 339 1.0
343 343 1.0
359 360 1.0
362 363 1.0
367 367 1.0
369 371 1.0
375 375 1.0
378 380 1.0
388 388 1.0
391 392 1.0
406 406 1.0
419 419 1.0
428 428 1.0
447 456 1.0
458 464 1.0
470 480 1.0
482 483 1.0
498 498 1.0
501 501 1.0
503 503 1.0
505 506 1.0
519 519 1.0
524 524 1.0
530 530 1.0
538 538 1.0
540 541 1.0
543 543 1.0
545 550 1.0
552 552 1.0
561 561 1.0
565 567 1.0
569 570 1.0
573 573 1.0
587 598 1.0
602 602 1.0
616 616 1.0
619 619 1.0
644 650 1.0
662 672 1.0
676 699 1.0
703 703 1.0
709 709 1.0
711 713 1.0
721 721 1.0
752 753 1.0
758 758 1.0
760 761 1.0
763 769 1.0
771 785 1.0
787 787 1.0
835 835 1.0
838 843 1.0
847 847 1.0
852 852 1.0
854 854 1.0
857 860 1.0
865 867 1.0
869 869 1.0
878 878 1.0
881 884 1.0
886 889 1.0
891 891 1.0
893 894 1.0
900 902 1.0
904 912 1.0
951 967 1.0
969 988 1.0
1028 1041 1.0
1048 1050 1.0
1052 1060 1.0
1062 1065 1.0
1068 1068 1.0
1070 1071 1.0
1075 1075 1.0
1084 1084 1.0
1104 1105 1.0
1107 1107 1.0
1130 1132 1.0
1134 1135 1.0
1145 1145 1.0
1147 1172 1.0
1174 1177 1.0
1179 1179 1.0
1216 1216 1.0
1219 1219 1.0
1224 1225 1.0
1227 1229 1.0
1233 1233 1.0
1245 1260 1.0
1268 1268 1.0
1275 1275 1.0
1278 1278 1.0
1280 1281 1.0
1301 1305 1.0
1308 1312 1.0
1314 1315 1.0
1317 1317 1.0
1320 1320 1.0
1326 1328 1.0
1332 1333 1.0
1337 1337 1.0
1341 1341 1.0
1350 1350 1.0
1357 1357 1.0
1367 1369 1.0
1374 1374 1.0
1380 1380 1.0
1382 1382 1.0
1387 1387 1.0
1392 1395 1.0
1404 1404 1.0
1409 1410 1.0
1414 1417 1.0
1422 1422 1.0
1438 1438 1.0
1446 1447 1.0
1457 1457 1.0
1461 1464 1.0
1467 1467 1.0
1472 1473 1.0
1475 1475 1.0
1479 1480 1.0
1482 1484 1.0
1488 1494 1.0
1496 1496 1.0
1508 1509 1.0
1512 1512 1.0
1514 1516 1.0
1535 1535 1.0
1538 1545 1.0
1547 1547 1.0
1555 1557 1.0
1559 1559 1.0
1561 1571 1.0
1598 1598 1.0
1613 1615 1.0
1617 1640 1.0
1642 1650 1.0
1654 1654 1.0
1699 1699 1.0
1701 1721 1.0
1728 1729 1.0
1731 1732 1.0
1762 1764 1.0
1769 1769 1.0
1775 1777 1.0
1781 1781 1.0
1786 1786 1.0
1788 1795 1.0
1797 1798 1.0
1801 1801 1.0
1816 1817 1.0
1820 1825 1.0
1837 1838 1.0
1841 1850 1.0
1852 1853 1.0
1866 1873 1.0
1877 1877 1.0
1889 1889 1.0
1892 1901 1.0
1907 1907 1.0
1912 1912 1.0
1917 1917 1.0
1919 1921 1.0
1923 1928 1.0
1943 1943 1.0
1946 1946 1.0
1953 1954 1.0
1956 1956 1.0
1960 1962 1.0
1967 1970 1.0
1973 1980 1.0
1985 1987 1.0
1989 1989 1.0
2007 2007 1.0
2009 2010 1.0
2014 2014 1.0
2021 2021 1.0
2028 2044 1.0
2046 2046 1.0
2053 2053 1.0
2056 2057 1.0
2086 2086 1.0
2090 2090 1.0
2093 2093 1.0
2097 2097 1.0
2100 2109 1.0
2111 2112 1.0
2117 2119 1.0
3795 3795 1.0
