88 89 1.0
93 93 1.0
101 143 1.0
178 213 1.0
254 254 1.0
258 258 1.0
281 281 1.0
285 310 1.0
352 379 1.0
381 389 1.0
395 395 1.0
397 397 1.0
414 414 1.0
417 417 1.0
442 445 1.0
451 451 1.0
453 476 1.0
478 478 1.0
483 489 1.0
502 516 1.0
558 575 1.0
577 596 1.0
647 671 1.0
709 745 1.0
785 785 1.0
801 801 1.0
803 809 1.0
849 851 1.0
857 886 1.0
889 891 1.0
935 938 1.0
942 973 1.0
984 984 1.0
1012 1017 1.0
1019 1020 1.0
1064 1077 1.0
1081 1081 1.0
1116 1117 1.0
1127 1153 1.0
1170 1170 1.0
1172 1176 1.0
1191 1191 1.0
1193 1201 1.0
1223 1224 1.0
1240 1260 1.0
1341 1365 1.0
1373 1376 1.0
1419 1419 1.0
1451 1451 1.0
1458 1475 1.0
1513 1525 1.0
1536 1545 1.0
1561 1573 1.0
1580 1580 1.0
1582 1587 1.0
1627 1627 1.0
1630 1664 1.0
1707 1744 1.0
1779 1779 1.0
1782 1803 1.0
1825 1845 1.0
1889 1891 1.0
1893 1925 1.0
1934 1936 1.0
1938 1940 1.0
1942 1942 1.0
1958 1959 1.0
2001 2031 1.0
2038 2038 1.0
2041 2044 1.0
2046 2047 1.0
2097 2109 1.0
2117 2133 1.0
2178 2179 1.0
2187 2187 1.0
2193 2193 1.0
2199 2199 1.0
2240 2274 1.0
2344 2351 1.0
2361 2365 1.0
2376 2377 1.0
2390 2391 1.0
2454 2485 1.0
2487 2487 1.0
2523 2532 1.0
2548 2555 1.0
2557 2557 1.0
2562 2568 1.0
2575 2576 1.0
2579 2584 1.0
2623 2640 1.0
2676 2679 1.0
2681 2694 1.0
2698 2698 1.0
2754 2755 1.0
2766 2766 1.0
2769 2769 1.0
2773 2792 1.0
2794 2794 1.0
2796 2796 1.0
2829 2845 1.0
2850 2851 1.0
2867 2868 1.0
2878 2893 1.0
2921 2924 1.0
2926 2927 1.0
2934 2952 1.0
2992 3032 1.0
3050 3050 1.0
3052 3052 1.0
3055 3058 1.0
3066 3088 1.0
3091 3091 1.0
3162 3206 1.0
3208 3222 1.0
3225 3225 1.0
3269 3307 1.0
3350 3350 1.0
3408 3408 1.0
3410 3447 1.0
3490 3498 1.0
3554 3558 1.0
3561 3561 1.0
