81 105 1.0
164 164 1.0
170 201 1.0
203 205 1.0
261 261 1.0
264 264 1.0
268 268 1.0
270 272 1.0
274 294 1.0
296 301 1.0
332 333 1.0
335 352 1.0
354 358 1.0
360 369 1.0
372 372 1.0
391 391 1.0
396 398 1.0
407 432 1.0
438 439 1.0
441 441 1.0
496 500 1.0
508 509 1.0
512 513 1.0
515 534 1.0
539 543 1.0
552 557 1.0
566 566 1.0
573 577 1.0
579 579 1.0
581 590 1.0
600 603 1.0
605 610 1.0
613 613 1.0
640 640 1.0
643 645 1.0
647 647 1.0
660 671 1.0
692 692 1.0
712 712 1.0
715 724 1.0
731 738 1.0
740 740 1.0
750 750 1.0
752 752 1.0
761 768 1.0
770 770 1.0
777 782 1.0
784 784 1.0
789 791 1.0
798 798 1.0
802 804 1.0
807 807 1.0
809 809 1.0
850 887 1.0
931 937 1.0
955 957 1.0
959 959 1.0
962 963 1.0
965 965 1.0
981 981 1.0
983 996 1.0
998 998 1.0
1007 1007 1.0
1009 1016 1.0
1037 1042 1.0
1044 1044 1.0
1047 1048 1.0
1050 1052 1.0
1062 1064 1.0
1084 1084 1.0
1092 1097 1.0
1099 1099 1.0
1102 1117 1.0
1124 1124 1.0
1126 1132 1.0
1134 1136 1.0
1138 1138 1.0
1178 1198 1.0
1204 1215 1.0
1236 1243 1.0
1283 1283 1.0
1285 1308 1.0
1312 1322 1.0
1352 1352 1.0
1356 1356 1.0
1358 1358 1.0
1360 1361 1.0
1367 1367 1.0
1370 1389 1.0
1391 1391 1.0
1402 1411 1.0
1454 1464 1.0
1466 1467 1.0
1470 1471 1.0
1473 1473 1.0
1475 1476 1.0
1478 1485 1.0
1495 1495 1.0
1499 1507 1.0
1510 1510 1.0
1512 1513 1.0
1515 1516 1.0
1534 1534 1.0
1560 1570 1.0
1573 1606 1.0
1608 1616 1.0
1665 1665 1.0
1681 1691 1.0
1705 1715 1.0
1736 1736 1.0
1761 1773 1.0
1775 1803 1.0
1818 1819 1.0
1842 1862 1.0
1864 1878 1.0
1918 1918 1.0
1925 1949 1.0
1959 1960 1.0
1962 1964 1.0
1984 1984 1.0
1986 1996 1.0
2047 2047 1.0
2049 2050 1.0
2052 2052 1.0
2054 2060 1.0
2071 2071 1.0
2073 2083 1.0
2086 2086 1.0
2098 2107 1.0
3490 3490 1.0
