78 106 1.0
152 172 1.0
196 201 1.0
208 229 1.0
231 231 1.0
242 242 1.0
244 245 1.0
284 284 1.0
303 304 1.0
309 309 1.0
343 379 1.0
399 400 1.0
405 408 1.0
410 410 1.0
413 413 1.0
416 423 1.0
425 426 1.0
429 434 1.0
436 436 1.0
450 450 1.0
493 494 1.0
497 498 1.0
500 500 1.0
514 514 1.0
519 519 1.0
521 530 1.0
533 533 1.0
543 543 1.0
545 550 1.0
556 558 1.0
570 570 1.0
572 579 1.0
589 589 1.0
599 599 1.0
625 625 1.0
628 630 1.0
632 632 1.0
636 636 1.0
643 661 1.0
686 694 1.0
700 707 1.0
709 719 1.0
733 736 1.0
770 770 1.0
778 778 1.0
780 813 1.0
840 842 1.0
851 852 1.0
854 854 1.0
857 860 1.0
862 864 1.0
866 867 1.0
885 889 1.0
891 891 1.0
893 893 1.0
912 913 1.0
