103 103 1.0
144 145 1.0
147 169 1.0
171 172 1.0
174 179 1.0
184 187 1.0
190 197 1.0
199 204 1.0
208 208 1.0
210 210 1.0
241 243 1.0
245 245 1.0
250 251 1.0
253 275 1.0
285 292 1.0
314 323 1.0
333 344 1.0
346 346 1.0
350 350 1.0
359 372 1.0
376 376 1.0
380 380 1.0
383 383 1.0
386 394 1.0
411 416 1.0
431 450 1.0
455 465 1.0
467 467 1.0
470 480 1.0
482 484 1.0
496 504 1.0
523 523 1.0
525 528 1.0
544 544 1.0
546 561 1.0
564 567 1.0
570 571 1.0
577 580 1.0
582 584 1.0
606 615 1.0
619 619 1.0
627 641 1.0
655 655 1.0
658 666 1.0
679 680 1.0
682 693 1.0
699 700 1.0
702 704 1.0
706 706 1.0
708 713 1.0
718 720 1.0
723 725 1.0
732 736 1.0
745 755 1.0
759 759 1.0
769 769 1.0
775 785 1.0
800 800 1.0
803 810 1.0
812 812 1.0
824 824 1.0
828 841 1.0
848 848 1.0
851 856 1.0
858 860 1.0
864 865 1.0
879 890 1.0
894 897 1.0
899 916 1.0
929 929 1.0
931 931 1.0
936 936 1.0
956 969 1.0
975 995 1.0
1010 1015 1.0
1017 1019 1.0
1022 1022 1.0
1033 1033 1.0
1037 1047 1.0
1054 1054 1.0
1065 1068 1.0
1072 1081 1.0
1085 1091 1.0
1093 1104 1.0
1106 1110 1.0
1122 1122 1.0
1155 1158 1.0
1161 1193 1.0
1195 1206 1.0
1214 1217 1.0
1219 1232 1.0
1269 1269 1.0
1271 1291 1.0
1302 1303 1.0
1308 1309 1.0
1331 1333 1.0
1337 1339 1.0
1343 1348 1.0
1356 1360 1.0
1363 1363 1.0
1365 1376 1.0
1378 1378 1.0
1380 1380 1.0
1387 1387 1.0
1417 1417 1.0
1421 1421 1.0
1426 1447 1.0
1449 1464 1.0
1479 1489 1.0
1491 1492 1.0
1500 1500 1.0
1503 1514 1.0
1531 1531 1.0
1539 1543 1.0
1550 1565 1.0
1600 1632 1.0
1647 1650 1.0
1653 1684 1.0
1723 1723 1.0
1725 1726 1.0
1729 1729 1.0
1734 1735 1.0
1737 1739 1.0
1743 1750 1.0
1765 1774 1.0
1792 1797 1.0
1799 1800 1.0
1814 1834 1.0
1836 1837 1.0
1839 1854 1.0
1873 1881 1.0
1890 1890 1.0
1900 1900 1.0
1902 1905 1.0
1908 1909 1.0
1918 1918 1.0
1920 1920 1.0
1924 1940 1.0
1950 1953 1.0
1957 1957 1.0
1961 1961 1.0
1964 1965 1.0
1978 1988 1.0
1994 1994 1.0
1996 1998 1.0
2014 2015 1.0
2017 2017 1.0
2022 2022 1.0
2027 2034 1.0
2036 2036 1.0
2038 2051 1.0
2054 2054 1.0
2061 2065 1.0
2067 2067 1.0
2075 2075 1.0
2085 2085 1.0
2094 2094 1.0
2096 2098 1.0
2107 2118 1.0
2127 2134 1.0
2138 2144 1.0
2152 2154 1.0
2156 2166 1.0
2168 2169 1.0
2171 2171 1.0
2173 2176 1.0
2185 2189 1.0
2193 2193 1.0
2195 2199 1.0
2204 2204 1.0
2206 2206 1.0
2210 2210 1.0
2217 2225 1.0
2228 2230 1.0
2232 2232 1.0
2246 2246 1.0
2248 2258 1.0
2268 2268 1.0
2274 2283 1.0
2299 2304 1.0
2309 2312 1.0
2321 2326 1.0
2328 2328 1.0
2331 2337 1.0
2342 2351 1.0
2354 2355 1.0
2357 2358 1.0
2365 2371 1.0
2374 2374 1.0
2377 2377 1.0
2390 2390 1.0
2392 2394 1.0
2397 2397 1.0
2399 2402 1.0
2413 2414 1.0
2416 2425 1.0
2429 2429 1.0
2432 2439 1.0
2444 2450 1.0
2452 2458 1.0
2462 2462 1.0
2468 2469 1.0
2479 2479 1.0
2481 2486 1.0
2488 2489 1.0
2501 2506 1.0
2508 2509 1.0
2514 2519 1.0
2521 2522 1.0
2525 2526 1.0
2528 2531 1.0
2534 2539 1.0
2544 2552 1.0
2555 2555 1.0
2570 2575 1.0
2596 2610 1.0
2612 2612 1.0
2614 2619 1.0
2626 2628 1.0
2632 2643 1.0
2645 2645 1.0
