79 79 1.0
82 89 1.0
101 107 1.0
116 116 1.0
119 138 1.0
146 149 1.0
151 152 1.0
192 196 1.0
198 198 1.0
200 200 1.0
202 203 1.0
212 226 1.0
235 236 1.0
254 254 1.0
257 257 1.0
262 262 1.0
264 289 1.0
296 306 1.0
308 308 1.0
310 310 1.0
318 334 1.0
353 353 1.0
355 355 1.0
373 373 1.0
375 376 1.0
378 387 1.0
400 410 1.0
412 412 1.0
415 415 1.0
418 418 1.0
420 420 1.0
423 423 1.0
425 434 1.0
436 436 1.0
477 491 1.0
493 493 1.0
495 496 1.0
500 500 1.0
502 512 1.0
518 518 1.0
523 524 1.0
526 526 1.0
528 530 1.0
532 532 1.0
534 537 1.0
539 540 1.0
550 557 1.0
571 571 1.0
574 575 1.0
580 580 1.0
585 586 1.0
599 607 1.0
610 610 1.0
616 622 1.0
624 632 1.0
634 638 1.0
650 651 1.0
653 661 1.0
666 666 1.0
669 671 1.0
674 674 1.0
676 690 1.0
692 696 1.0
698 698 1.0
700 704 1.0
706 706 1.0
747 757 1.0
760 761 1.0
768 784 1.0
787 787 1.0
791 793 1.0
796 797 1.0
800 801 1.0
812 820 1.0
823 824 1.0
826 828 1.0
836 849 1.0
860 872 1.0
881 885 1.0
887 897 1.0
910 916 1.0
954 991 1.0
996 996 1.0
999 1008 1.0
1011 1011 1.0
1019 1021 1.0
1023 1026 1.0
1028 1028 1.0
1030 1031 1.0
1050 1051 1.0
1072 1072 1.0
1074 1087 1.0
1090 1090 1.0
1093 1093 1.0
1096 1096 1.0
1100 1111 1.0
1113 1113 1.0
1127 1127 1.0
1129 1129 1.0
1135 1145 1.0
1163 1163 1.0
1166 1166 1.0
1168 1175 1.0
1186 1186 1.0
1188 1203 1.0
1205 1205 1.0
1221 1221 1.0
1242 1242 1.0
1248 1279 1.0
1281 1281 1.0
1320 1358 1.0
1370 1370 1.0
1378 1380 1.0
1382 1382 1.0
1386 1386 1.0
1402 1407 1.0
1409 1410 1.0
1428 1428 1.0
1430 1446 1.0
1451 1451 1.0
1453 1469 1.0
1485 1488 1.0
1490 1490 1.0
1510 1523 1.0
1527 1527 1.0
1530 1530 1.0
1533 1534 1.0
1537 1549 1.0
1563 1574 1.0
1588 1588 1.0
1590 1598 1.0
1617 1619 1.0
1632 1632 1.0
1637 1637 1.0
1639 1668 1.0
1675 1681 1.0
1683 1683 1.0
1685 1685 1.0
1725 1758 1.0
1760 1763 1.0
1772 1772 1.0
1779 1779 1.0
1784 1784 1.0
1786 1798 1.0
1800 1800 1.0
1823 1823 1.0
1837 1837 1.0
1839 1874 1.0
1876 1876 1.0
1881 1884 1.0
1891 1893 1.0
