78 111 1.0
176 221 1.0
264 270 1.0
292 294 1.0
316 330 1.0
333 353 1.0
389 389 1.0
392 397 1.0
400 400 1.0
402 414 1.0
416 416 1.0
432 467 1.0
504 538 1.0
557 566 1.0
581 594 1.0
607 621 1.0
634 634 1.0
636 640 1.0
642 642 1.0
676 676 1.0
678 679 1.0
681 682 1.0
697 699 1.0
702 713 1.0
715 715 1.0
720 721 1.0
730 730 1.0
763 763 1.0
765 769 1.0
771 772 1.0
774 775 1.0
778 778 1.0
781 781 1.0
785 800 1.0
802 802 1.0
811 811 1.0
814 821 1.0
824 827 1.0
830 830 1.0
882 887 1.0
896 896 1.0
898 912 1.0
914 916 1.0
918 919 1.0
926 932 1.0
935 935 1.0
951 951 1.0
972 972 1.0
991 992 1.0
994 1007 1.0
1014 1028 1.0
1032 1032 1.0
1046 1048 1.0
1054 1068 1.0
1077 1080 1.0
1106 1106 1.0
1108 1108 1.0
1120 1139 1.0
1151 1153 1.0
1178 1179 1.0
1182 1182 1.0
1184 1185 1.0
1188 1188 1.0
1192 1195 1.0
1200 1207 1.0
1209 1209 1.0
1215 1215 1.0
1225 1225 1.0
1227 1230 1.0
1234 1236 1.0
1248 1252 1.0
1254 1254 1.0
1258 1261 1.0
1274 1274 1.0
1277 1285 1.0
1294 1308 1.0
1321 1326 1.0
1348 1359 1.0
1366 1366 1.0
1368 1368 1.0
1370 1386 1.0
1400 1410 1.0
1425 1433 1.0
1472 1478 1.0
1480 1482 1.0
1492 1507 1.0
1517 1517 1.0
1522 1524 1.0
1527 1527 1.0
1533 1533 1.0
1535 1535 1.0
1549 1550 1.0
1562 1564 1.0
1566 1566 1.0
1581 1581 1.0
1583 1590 1.0
1592 1598 1.0
1601 1601 1.0
1604 1606 1.0
1615 1621 1.0
1629 1629 1.0
1641 1641 1.0
1648 1651 1.0
1682 1720 1.0
1737 1737 1.0
1753 1754 1.0
1779 1786 1.0
1804 1815 1.0
1825 1840 1.0
1852 1853 1.0
1855 1860 1.0
1873 1876 1.0
1879 1881 1.0
1900 1900 1.0
1902 1910 1.0
1919 1931 1.0
1953 1953 1.0
1955 1955 1.0
1970 1978 1.0
1983 1985 1.0
1990 1990 1.0
1995 2005 1.0
2007 2007 1.0
2018 2024 1.0
2030 2032 1.0
2040 2040 1.0
2044 2044 1.0
2046 2047 1.0
2049 2053 1.0
2063 2066 1.0
2075 2075 1.0
2081 2081 1.0
2090 2090 1.0
2092 2092 1.0
2114 2114 1.0
2116 2116 1.0
2119 2119 1.0
2121 2122 1.0
2124 2126 1.0
2132 2133 1.0
2136 2136 1.0
2138 2138 1.0
2140 2151 1.0
2193 2205 1.0
2208 2222 1.0
2225 2225 1.0
2227 2231 1.0
2233 2238 1.0
2242 2242 1.0
2244 2247 1.0
2249 2251 1.0
2253 2254 1.0
2261 2262 1.0
2298 2301 1.0
2303 2328 1.0
2345 2345 1.0
2358 2363 1.0
2365 2365 1.0
2367 2378 1.0
2382 2382 1.0
2384 2392 1.0
2403 2404 1.0
2406 2406 1.0
2418 2418 1.0
2433 2433 1.0
2450 2466 1.0
2472 2473 1.0
2475 2476 1.0
2478 2488 1.0
2509 2509 1.0
2511 2512 1.0
2515 2517 1.0
2528 2528 1.0
2531 2545 1.0
2556 2556 1.0
2561 2568 1.0
2571 2571 1.0
2578 2578 1.0
2580 2581 1.0
2584 2588 1.0
2591 2591 1.0
2631 2631 1.0
2636 2636 1.0
2638 2638 1.0
2645 2647 1.0
2649 2665 1.0
2670 2672 1.0
2674 2675 1.0
2678 2678 1.0
2680 2680 1.0
2682 2682 1.0
2686 2686 1.0
2692 2692 1.0
2698 2699 1.0
2706 2707 1.0
2719 2719 1.0
2721 2721 1.0
2734 2735 1.0
2738 2738 1.0
2741 2748 1.0
2750 2750 1.0
2763 2763 1.0
2766 2767 1.0
2769 2771 1.0
2775 2775 1.0
2794 2798 1.0
2800 2800 1.0
2802 2803 1.0
2805 2806 1.0
2816 2821 1.0
2825 2830 1.0
2841 2841 1.0
2845 2851 1.0
2860 2862 1.0
2866 2867 1.0
2869 2874 1.0
2878 2878 1.0
2880 2880 1.0
2891 2894 1.0
2935 2951 1.0
2954 2959 1.0
2961 2970 1.0
2972 2972 1.0
2983 2983 1.0
3001 3001 1.0
3007 3007 1.0
3010 3011 1.0
3015 3019 1.0
3023 3037 1.0
3044 3047 1.0
3058 3058 1.0
3060 3060 1.0
3067 3067 1.0
3075 3077 1.0
3079 3080 1.0
3086 3087 1.0
3089 3093 1.0
3095 3095 1.0
3097 3097 1.0
3102 3104 1.0
3106 3106 1.0
3109 3109 1.0
3448 3448 1.0
