78 106 1.0
108 110 1.0
140 177 1.0
220 221 1.0
228 230 1.0
232 232 1.0
234 242 1.0
245 256 1.0
258 258 1.0
263 266 1.0
280 301 1.0
303 315 1.0
317 317 1.0
359 383 1.0
403 404 1.0
407 409 1.0
411 418 1.0
420 437 1.0
439 439 1.0
465 478 1.0
480 480 1.0
482 501 1.0
550 587 1.0
626 634 1.0
642 662 1.0
667 667 1.0
671 671 1.0
674 674 1.0
677 679 1.0
710 710 1.0
713 713 1.0
716 716 1.0
719 743 1.0
745 745 1.0
796 810 1.0
820 820 1.0
824 828 1.0
830 830 1.0
836 838 1.0
851 862 1.0
869 870 1.0
883 883 1.0
901 920 1.0
922 922 1.0
924 935 1.0
951 953 1.0
955 955 1.0
958 959 1.0
961 961 1.0
964 964 1.0
966 966 1.0
969 969 1.0
974 979 1.0
981 981 1.0
1000 1000 1.0
1008 1021 1.0
1027 1031 1.0
1033 1034 1.0
1062 1063 1.0
1069 1070 1.0
1072 1083 1.0
1095 1103 1.0
1105 1106 1.0
1109 1109 1.0
1119 1119 1.0
1121 1129 1.0
1131 1131 1.0
1137 1137 1.0
1140 1148 1.0
1189 1189 1.0
1191 1202 1.0
1204 1205 1.0
1207 1207 1.0
1211 1220 1.0
1241 1246 1.0
1259 1266 1.0
1269 1270 1.0
1272 1272 1.0
1274 1275 1.0
1287 1296 1.0
1306 1306 1.0
1308 1309 1.0
1311 1311 1.0
1313 1324 1.0
1341 1343 1.0
1348 1348 1.0
1365 1375 1.0
1391 1391 1.0
1414 1416 1.0
1423 1460 1.0
1462 1462 1.0
1466 1466 1.0
1497 1497 1.0
1518 1534 1.0
1537 1537 1.0
1539 1551 1.0
1576 1579 1.0
1590 1594 1.0
1605 1605 1.0
1607 1607 1.0
1624 1639 1.0
1641 1661 1.0
1710 1761 1.0
1767 1768 1.0
1784 1784 1.0
1795 1813 1.0
1824 1826 1.0
1842 1842 1.0
1853 1861 1.0
1863 1863 1.0
1865 1889 1.0
1929 1966 1.0
2000 2000 1.0
2003 2003 1.0
2005 2037 1.0
2040 2040 1.0
2042 2042 1.0
2061 2061 1.0
2063 2072 1.0
2085 2094 1.0
2133 2170 1.0
2201 2238 1.0
2273 2273 1.0
2276 2282 1.0
2319 2319 1.0
2321 2326 1.0
2373 2378 1.0
2381 2385 1.0
2404 2418 1.0
2420 2422 1.0
2424 2438 1.0
2440 2441 1.0
2444 2444 1.0
2476 2477 1.0
2479 2480 1.0
2482 2482 1.0
2484 2493 1.0
2495 2505 1.0
2532 2532 1.0
2573 2573 1.0
2575 2576 1.0
2579 2581 1.0
2583 2609 1.0
2611 2613 1.0
2615 2620 1.0
2667 2706 1.0
2712 2714 1.0
2770 2770 1.0
2772 2784 1.0
2788 2810 1.0
2822 2827 1.0
2846 2846 1.0
2848 2859 1.0
2865 2884 1.0
2887 2887 1.0
2899 2900 1.0
2948 2948 1.0
2968 3007 1.0
3049 3049 1.0
3054 3054 1.0
3056 3091 1.0
3132 3151 1.0
3155 3155 1.0
3158 3163 1.0
3200 3237 1.0
3239 3239 1.0
3288 3325 1.0
3355 3355 1.0
3364 3379 1.0
3381 3382 1.0
3385 3385 1.0
3388 3419 1.0
3421 3421 1.0
3475 3517 1.0
3553 3566 1.0
3619 3658 1.0
3713 3713 1.0
3717 3759 1.0
3800 3826 1.0
3828 3828 1.0
3830 3830 1.0
3833 3836 1.0
3838 3839 1.0
3849 3856 1.0
3879 3879 1.0
3881 3881 1.0
3903 3903 1.0
3906 3906 1.0
3908 3908 1.0
3910 3910 1.0
3918 3918 1.0
3921 3923 1.0
3926 3926 1.0
3930 3930 1.0
3933 3939 1.0
3946 3955 1.0
3966 3966 1.0
3977 3983 1.0
4028 4028 1.0
4030 4030 1.0
4033 4071 1.0
4117 4120 1.0
4122 4131 1.0
4133 4133 1.0
4140 4149 1.0
4152 4152 1.0
4191 4199 1.0
4205 4214 1.0
