129 143 1.0
149 157 1.0
159 159 1.0
183 183 1.0
185 185 1.0
202 216 1.0
231 231 1.0
284 297 1.0
346 347 1.0
349 353 1.0
361 361 1.0
369 383 1.0
419 419 1.0
427 451 1.0
481 499 1.0
510 513 1.0
541 544 1.0
557 579 1.0
583 595 1.0
597 598 1.0
644 647 1.0
649 649 1.0
651 661 1.0
705 742 1.0
783 783 1.0
788 788 1.0
801 817 1.0
857 866 1.0
868 884 1.0
897 897 1.0
899 899 1.0
901 901 1.0
958 958 1.0
970 994 1.0
999 1007 1.0
1058 1091 1.0
1115 1115 1.0
1161 1161 1.0
1181 1181 1.0
1183 1194 1.0
1236 1237 1.0
1239 1244 1.0
1257 1258 1.0
1260 1260 1.0
1262 1263 1.0
1289 1289 1.0
1291 1299 1.0
1308 1320 1.0
1337 1345 1.0
1348 1348 1.0
1399 1429 1.0
1447 1448 1.0
1476 1480 1.0
1497 1499 1.0
1501 1501 1.0
1503 1514 1.0
1521 1525 1.0
1527 1527 1.0
1529 1532 1.0
1538 1538 1.0
1556 1560 1.0
1565 1566 1.0
1599 1599 1.0
1601 1601 1.0
1620 1626 1.0
1629 1629 1.0
1641 1659 1.0
1665 1665 1.0
1688 1688 1.0
1711 1713 1.0
1717 1718 1.0
1733 1733 1.0
1742 1742 1.0
1745 1757 1.0
1815 1815 1.0
1818 1846 1.0
1850 1851 1.0
1866 1867 1.0
1869 1872 1.0
1876 1879 1.0
1922 1922 1.0
1924 1924 1.0
1927 1928 1.0
1932 1950 1.0
1982 1982 1.0
1985 1985 1.0
2005 2016 1.0
2018 2018 1.0
2021 2021 1.0
2023 2035 1.0
2074 2078 1.0
2080 2080 1.0
2083 2083 1.0
2085 2085 1.0
2093 2107 1.0
2117 2117 1.0
2119 2121 1.0
2124 2124 1.0
2126 2126 1.0
2207 2207 1.0
2240 2241 1.0
2256 2256 1.0
2306 2306 1.0
2308 2309 1.0
2327 2331 1.0
2350 2357 1.0
2409 2411 1.0
2414 2414 1.0
2416 2428 1.0
2430 2443 1.0
2451 2454 1.0
2517 2540 1.0
2580 2601 1.0
2640 2676 1.0
2710 2744 1.0
2783 2783 1.0
2810 2812 1.0
2877 2908 1.0
2945 2945 1.0
2947 2958 1.0
2960 2961 1.0
2963 2977 1.0
3047 3047 1.0
3049 3049 1.0
3052 3061 1.0
3077 3077 1.0
3080 3080 1.0
3082 3082 1.0
3100 3114 1.0
3121 3126 1.0
3167 3169 1.0
3184 3184 1.0
3186 3199 1.0
3208 3210 1.0
3241 3241 1.0
3245 3245 1.0
3247 3263 1.0
3315 3317 1.0
3321 3321 1.0
3323 3324 1.0
3327 3370 1.0
3372 3375 1.0
3422 3463 1.0
3506 3510 1.0
3513 3515 1.0
3519 3541 1.0
