96 100 1.0
102 123 1.0
170 183 1.0
185 185 1.0
187 187 1.0
189 207 1.0
224 224 1.0
226 226 1.0
228 228 1.0
230 230 1.0
245 261 1.0
263 263 1.0
266 266 1.0
271 281 1.0
300 300 1.0
308 310 1.0
320 324 1.0
328 329 1.0
331 331 1.0
353 356 1.0
371 385 1.0
390 390 1.0
398 401 1.0
403 403 1.0
440 448 1.0
455 471 1.0
473 473 1.0
475 475 1.0
483 483 1.0
485 495 1.0
540 556 1.0
563 563 1.0
565 577 1.0
579 579 1.0
585 600 1.0
664 706 1.0
779 779 1.0
789 808 1.0
810 811 1.0
847 897 1.0
939 975 1.0
996 996 1.0
998 998 1.0
1000 1001 1.0
1003 1009 1.0
1011 1011 1.0
1052 1088 1.0
1125 1150 1.0
1172 1177 1.0
1179 1179 1.0
1221 1221 1.0
1225 1226 1.0
1228 1250 1.0
1252 1252 1.0
1255 1255 1.0
1283 1292 1.0
1303 1307 1.0
1309 1309 1.0
1312 1312 1.0
1314 1314 1.0
1322 1322 1.0
1324 1324 1.0
1326 1342 1.0
1357 1357 1.0
1365 1365 1.0
1408 1444 1.0
1501 1501 1.0
1505 1505 1.0
1546 1581 1.0
1623 1636 1.0
1643 1643 1.0
1645 1672 1.0
1674 1677 1.0
1679 1680 1.0
1682 1682 1.0
1726 1763 1.0
1808 1844 1.0
1872 1875 1.0
1878 1885 1.0
1892 1899 1.0
1901 1901 1.0
1906 1907 1.0
1909 1909 1.0
1912 1917 1.0
1919 1922 1.0
1924 1925 1.0
1927 1928 1.0
1976 2009 1.0
2046 2046 1.0
2048 2056 1.0
2059 2059 1.0
2082 2082 1.0
2085 2085 1.0
2099 2110 1.0
2112 2114 1.0
2118 2119 1.0
2134 2136 1.0
2139 2140 1.0
