80 88 1.0
110 116 1.0
118 118 1.0
127 127 1.0
129 130 1.0
132 145 1.0
158 159 1.0
161 161 1.0
180 193 1.0
195 196 1.0
198 198 1.0
200 214 1.0
231 232 1.0
251 267 1.0
277 286 1.0
305 311 1.0
314 314 1.0
327 338 1.0
355 367 1.0
369 391 1.0
429 465 1.0
491 492 1.0
494 495 1.0
501 501 1.0
504 504 1.0
509 522 1.0
543 543 1.0
545 546 1.0
548 553 1.0
556 556 1.0
564 578 1.0
592 593 1.0
595 598 1.0
600 600 1.0
615 628 1.0
634 649 1.0
651 659 1.0
662 663 1.0
667 669 1.0
673 673 1.0
681 682 1.0
715 716 1.0
719 727 1.0
729 732 1.0
734 749 1.0
766 766 1.0
771 771 1.0
776 776 1.0
779 803 1.0
805 817 1.0
819 819 1.0
825 825 1.0
833 833 1.0
836 837 1.0
839 839 1.0
842 842 1.0
882 883 1.0
885 885 1.0
887 887 1.0
889 890 1.0
899 904 1.0
920 920 1.0
922 922 1.0
925 926 1.0
928 939 1.0
941 944 1.0
972 1004 1.0
1006 1006 1.0
1009 1009 1.0
1014 1020 1.0
1022 1022 1.0
1024 1025 1.0
1027 1027 1.0
1032 1032 1.0
1043 1043 1.0
1045 1046 1.0
1048 1048 1.0
1051 1051 1.0
1053 1053 1.0
1057 1060 1.0
1063 1063 1.0
1068 1068 1.0
1072 1072 1.0
1111 1136 1.0
1147 1147 1.0
1150 1150 1.0
1173 1184 1.0
1194 1210 1.0
1225 1225 1.0
1231 1231 1.0
1234 1237 1.0
1249 1267 1.0
1303 1335 1.0
1357 1359 1.0
1371 1371 1.0
1374 1374 1.0
1377 1377 1.0
1382 1395 1.0
1399 1402 1.0
1404 1405 1.0
1407 1408 1.0
1440 1442 1.0
1444 1446 1.0
1452 1477 1.0
1519 1544 1.0
1551 1551 1.0
1554 1554 1.0
1577 1579 1.0
1581 1581 1.0
1583 1591 1.0
1593 1594 1.0
1598 1613 1.0
1619 1620 1.0
1633 1633 1.0
1653 1656 1.0
1660 1666 1.0
1668 1668 1.0
1673 1674 1.0
1679 1690 1.0
1694 1720 1.0
1755 1759 1.0
1761 1789 1.0
1793 1827 1.0
1864 1900 1.0
1912 1914 1.0
1917 1917 1.0
1957 1993 1.0
2003 2004 1.0
2006 2006 1.0
2014 2017 1.0
2019 2019 1.0
2023 2023 1.0
2025 2036 1.0
2062 2062 1.0
2077 2092 1.0
2104 2117 1.0
2123 2139 1.0
2173 2196 1.0
2232 2262 1.0
2289 2289 1.0
2291 2293 1.0
2296 2296 1.0
2300 2301 1.0
2303 2316 1.0
2318 2322 1.0
2330 2341 1.0
2343 2348 1.0
2355 2355 1.0
2357 2357 1.0
2361 2370 1.0
2372 2372 1.0
2413 2437 1.0
2440 2440 1.0
2459 2459 1.0
2462 2462 1.0
2464 2464 1.0
2468 2468 1.0
2474 2474 1.0
2476 2488 1.0
2490 2490 1.0
2492 2492 1.0
2501 2501 1.0
2503 2503 1.0
2505 2506 1.0
2508 2510 1.0
2516 2516 1.0
2524 2524 1.0
2527 2527 1.0
2544 2551 1.0
2563 2563 1.0
2567 2568 1.0
2570 2574 1.0
2576 2576 1.0
2579 2579 1.0
2581 2581 1.0
2590 2603 1.0
2642 2642 1.0
2644 2653 1.0
2655 2655 1.0
3795 3795 1.0
