79 93 1.0
99 105 1.0
112 120 1.0
122 122 1.0
125 130 1.0
134 134 1.0
187 190 1.0
198 206 1.0
215 215 1.0
217 217 1.0
251 251 1.0
260 289 1.0
295 296 1.0
329 333 1.0
335 337 1.0
340 340 1.0
380 391 1.0
397 419 1.0
421 421 1.0
423 423 1.0
427 427 1.0
432 432 1.0
473 504 1.0
506 507 1.0
539 554 1.0
560 561 1.0
563 573 1.0
579 579 1.0
581 581 1.0
591 591 1.0
593 594 1.0
636 643 1.0
645 645 1.0
663 676 1.0
687 703 1.0
746 753 1.0
755 793 1.0
836 873 1.0
912 918 1.0
920 920 1.0
927 933 1.0
936 945 1.0
961 961 1.0
963 964 1.0
973 973 1.0
988 994 1.0
1005 1006 1.0
1013 1018 1.0
1030 1030 1.0
1040 1040 1.0
1059 1059 1.0
1062 1062 1.0
1072 1072 1.0
1089 1090 1.0
1093 1093 1.0
1099 1099 1.0
1113 1114 1.0
1119 1127 1.0
1139 1145 1.0
1148 1148 1.0
1150 1150 1.0
1153 1155 1.0
1169 1169 1.0
1196 1204 1.0
1210 1230 1.0
1238 1238 1.0
1240 1240 1.0
1243 1243 1.0
1245 1247 1.0
1251 1251 1.0
1259 1259 1.0
1273 1273 1.0
1302 1302 1.0
1305 1306 1.0
1346 1347 1.0
1349 1376 1.0
1382 1383 1.0
1387 1388 1.0
1415 1415 1.0
1417 1419 1.0
1430 1485 1.0
1545 1545 1.0
1548 1601 1.0
1660 1677 1.0
1684 1697 1.0
1717 1720 1.0
1750 1752 1.0
1765 1775 1.0
1812 1823 1.0
1825 1826 1.0
1829 1829 1.0
1831 1847 1.0
1888 1888 1.0
1892 1892 1.0
1894 1922 1.0
1961 1967 1.0
1969 1969 1.0
1972 1974 1.0
1978 1978 1.0
2013 2013 1.0
2015 2018 1.0
2020 2021 1.0
2024 2024 1.0
2038 2038 1.0
2045 2047 1.0
2057 2057 1.0
2106 2109 1.0
2149 2155 1.0
2157 2158 1.0
2160 2161 1.0
2164 2170 1.0
2204 2238 1.0
2280 2318 1.0
2382 2383 1.0
2385 2386 1.0
2388 2418 1.0
2421 2422 1.0
2463 2467 1.0
2469 2470 1.0
2472 2473 1.0
2476 2477 1.0
2485 2492 1.0
2529 2553 1.0
2576 2582 1.0
2585 2610 1.0
2657 2671 1.0
2712 2722 1.0
2737 2740 1.0
2742 2742 1.0
2761 2761 1.0
2763 2774 1.0
2776 2776 1.0
2783 2795 1.0
2835 2862 1.0
2865 2865 1.0
2898 2902 1.0
2917 2918 1.0
2920 2927 1.0
2946 2946 1.0
2949 2952 1.0
2957 2957 1.0
2964 2964 1.0
2974 2978 1.0
2982 2986 1.0
2997 3001 1.0
3003 3013 1.0
3016 3019 1.0
3024 3032 1.0
3072 3096 1.0
