83 119 1.0
121 122 1.0
145 156 1.0
158 162 1.0
221 221 1.0
223 223 1.0
228 248 1.0
258 260 1.0
262 262 1.0
264 265 1.0
267 267 1.0
284 293 1.0
301 301 1.0
306 317 1.0
327 337 1.0
349 350 1.0
374 374 1.0
376 376 1.0
378 382 1.0
394 399 1.0
403 408 1.0
425 426 1.0
477 477 1.0
479 480 1.0
483 521 1.0
584 598 1.0
612 619 1.0
621 621 1.0
623 649 1.0
677 677 1.0
701 701 1.0
706 706 1.0
724 731 1.0
733 733 1.0
746 762 1.0
770 770 1.0
772 781 1.0
798 799 1.0
842 842 1.0
844 844 1.0
846 886 1.0
926 930 1.0
933 933 1.0
935 945 1.0
947 947 1.0
949 950 1.0
953 954 1.0
956 962 1.0
968 970 1.0
972 972 1.0
986 986 1.0
988 998 1.0
1013 1016 1.0
1018 1020 1.0
1040 1040 1.0
1042 1066 1.0
1069 1069 1.0
1072 1075 1.0
1077 1077 1.0
1079 1079 1.0
1085 1085 1.0
1102 1102 1.0
1104 1110 1.0
1118 1118 1.0
1120 1120 1.0
1160 1173 1.0
1175 1179 1.0
1191 1195 1.0
1212 1212 1.0
1217 1245 1.0
1249 1249 1.0
1288 1289 1.0
1293 1293 1.0
1302 1322 1.0
1336 1344 1.0
1346 1347 1.0
1353 1358 1.0
1361 1367 1.0
1369 1369 1.0
1387 1387 1.0
1406 1423 1.0
1429 1433 1.0
1463 1464 1.0
1472 1485 1.0
1492 1496 1.0
1498 1509 1.0
1525 1525 1.0
1565 1571 1.0
1574 1574 1.0
1576 1598 1.0
1610 1610 1.0
1657 1657 1.0
1659 1699 1.0
1730 1730 1.0
1732 1741 1.0
1747 1759 1.0
1803 1816 1.0
1818 1824 1.0
1826 1829 1.0
1837 1837 1.0
1839 1839 1.0
1868 1871 1.0
1878 1878 1.0
1880 1885 1.0
1887 1896 1.0
3795 3795 1.0
