81 81 1.0
83 83 1.0
87 87 1.0
118 124 1.0
143 143 1.0
163 191 1.0
193 193 1.0
195 199 1.0
240 273 1.0
275 278 1.0
294 303 1.0
317 332 1.0
338 338 1.0
341 345 1.0
349 349 1.0
351 353 1.0
405 419 1.0
421 421 1.0
424 442 1.0
444 445 1.0
458 458 1.0
461 462 1.0
512 529 1.0
531 531 1.0
535 535 1.0
537 548 1.0
550 550 1.0
586 587 1.0
589 589 1.0
613 616 1.0
628 645 1.0
647 647 1.0
655 664 1.0
677 677 1.0
680 680 1.0
683 696 1.0
701 719 1.0
778 812 1.0
821 821 1.0
823 824 1.0
826 831 1.0
840 853 1.0
892 929 1.0
969 995 1.0
1063 1103 1.0
1121 1121 1.0
1123 1123 1.0
1126 1126 1.0
1133 1133 1.0
1137 1138 1.0
1140 1142 1.0
1146 1149 1.0
1151 1151 1.0
1193 1204 1.0
1206 1232 1.0
1243 1243 1.0
1290 1317 1.0
1319 1319 1.0
1327 1327 1.0
1356 1364 1.0
1366 1373 1.0
1376 1390 1.0
1412 1412 1.0
1429 1429 1.0
1431 1445 1.0
1453 1456 1.0
1458 1466 1.0
1485 1489 1.0
1495 1498 1.0
1528 1562 1.0
1602 1640 1.0
1647 1648 1.0
1683 1684 1.0
1687 1688 1.0
1691 1699 1.0
1711 1715 1.0
1738 1742 1.0
1760 1773 1.0
1787 1797 1.0
1816 1825 1.0
1827 1827 1.0
1840 1853 1.0
1873 1873 1.0
1891 1922 1.0
1961 1961 1.0
1965 1979 1.0
2019 2038 1.0
2040 2075 1.0
3795 3795 1.0
