191 195 1.0
364 364 1.0
367 373 1.0
375 379 1.0
486 491 1.0
652 656 1.0
662 668 1.0
724 724 1.0
819 822 1.0
874 878 1.0
945 947 1.0
963 982 1.0
986 994 1.0
1047 1083 1.0
1147 1150 1.0
1165 1182 1.0
1291 1295 1.0
1344 1355 1.0
1403 1406 1.0
1537 1542 1.0
1592 1594 1.0
1720 1721 1.0
1732 1733 1.0
1738 1738 1.0
1762 1762 1.0
1803 1808 1.0
1810 1810 1.0
1853 1862 1.0
1901 1901 1.0
1903 1903 1.0
1905 1910 1.0
1912 1912 1.0
1962 1963 1.0
1970 1985 1.0
2024 2026 1.0
2092 2096 1.0
2098 2098 1.0
2226 2231 1.0
2236 2240 1.0
2320 2342 1.0
2403 2418 1.0
2432 2433 1.0
2566 2566 1.0
2569 2580 1.0
2676 2677 1.0
2709 2713 1.0
2718 2720 1.0
2916 2935 1.0
3156 3159 1.0
3276 3280 1.0
3474 3474 1.0
3515 3518 1.0
3761 3761 1.0
3764 3794 1.0
3796 3796 1.0
3873 3875 1.0
4027 4055 1.0
4095 4096 1.0
4098 4107 1.0
4109 4111 1.0
