82 93 1.0
146 190 1.0
235 237 1.0
257 272 1.0
276 287 1.0
328 367 1.0
378 380 1.0
420 420 1.0
431 454 1.0
457 468 1.0
470 470 1.0
481 483 1.0
485 491 1.0
538 569 1.0
602 602 1.0
604 604 1.0
606 611 1.0
613 623 1.0
632 667 1.0
708 711 1.0
714 735 1.0
737 737 1.0
750 752 1.0
767 768 1.0
770 772 1.0
774 787 1.0
792 797 1.0
855 855 1.0
863 887 1.0
898 935 1.0
998 1000 1.0
1020 1035 1.0
1038 1054 1.0
1100 1104 1.0
1106 1113 1.0
1123 1136 1.0
1152 1158 1.0
1200 1241 1.0
1316 1325 1.0
1327 1354 1.0
1389 1410 1.0
1453 1486 1.0
1578 1581 1.0
1591 1631 1.0
1670 1700 1.0
1702 1702 1.0
1782 1811 1.0
1815 1815 1.0
1819 1819 1.0
1867 1897 1.0
1931 1960 1.0
2011 2011 1.0
2016 2016 1.0
2032 2033 1.0
2038 2044 1.0
2053 2053 1.0
2055 2059 1.0
2061 2076 1.0
2081 2088 1.0
