89 107 1.0
119 123 1.0
148 188 1.0
203 213 1.0
229 229 1.0
232 232 1.0
235 238 1.0
250 265 1.0
268 268 1.0
300 300 1.0
304 305 1.0
307 309 1.0
311 331 1.0
364 364 1.0
370 370 1.0
380 380 1.0
382 382 1.0
388 388 1.0
390 396 1.0
403 404 1.0
407 407 1.0
435 440 1.0
442 464 1.0
467 467 1.0
502 511 1.0
516 531 1.0
533 534 1.0
538 538 1.0
548 548 1.0
550 563 1.0
565 571 1.0
573 585 1.0
625 625 1.0
631 631 1.0
634 634 1.0
636 651 1.0
664 668 1.0
670 673 1.0
680 680 1.0
687 687 1.0
693 697 1.0
720 720 1.0
726 731 1.0
736 752 1.0
771 776 1.0
778 778 1.0
780 780 1.0
782 793 1.0
795 795 1.0
797 797 1.0
801 808 1.0
836 836 1.0
845 847 1.0
855 857 1.0
859 874 1.0
894 894 1.0
896 896 1.0
898 902 1.0
908 908 1.0
913 936 1.0
977 1014 1.0
1027 1029 1.0
1044 1044 1.0
1053 1054 1.0
1062 1062 1.0
1102 1102 1.0
1108 1142 1.0
1144 1144 1.0
1187 1223 1.0
1262 1266 1.0
1273 1298 1.0
1301 1301 1.0
1305 1314 1.0
1316 1318 1.0
1336 1338 1.0
1340 1342 1.0
1399 1400 1.0
1402 1403 1.0
1415 1460 1.0
1462 1462 1.0
1464 1464 1.0
1466 1467 1.0
1506 1539 1.0
1541 1541 1.0
1565 1565 1.0
1568 1568 1.0
1571 1583 1.0
1585 1600 1.0
1602 1602 1.0
1604 1626 1.0
1662 1696 1.0
1727 1727 1.0
1732 1749 1.0
1752 1753 1.0
1781 1781 1.0
1783 1783 1.0
1785 1785 1.0
1787 1798 1.0
1800 1806 1.0
1808 1817 1.0
1824 1824 1.0
1868 1884 1.0
1886 1889 1.0
3352 3352 1.0
