125 158 1.0
194 217 1.0
220 228 1.0
230 230 1.0
307 318 1.0
321 331 1.0
357 358 1.0
393 393 1.0
397 409 1.0
411 411 1.0
420 423 1.0
503 508 1.0
510 517 1.0
557 565 1.0
626 629 1.0
631 633 1.0
645 654 1.0
656 656 1.0
658 659 1.0
693 693 1.0
695 718 1.0
720 727 1.0
770 798 1.0
894 898 1.0
915 915 1.0
917 923 1.0
925 925 1.0
927 931 1.0
936 938 1.0
992 1008 1.0
1010 1010 1.0
1012 1014 1.0
1016 1024 1.0
1029 1029 1.0
1087 1089 1.0
1091 1091 1.0
1112 1117 1.0
1120 1133 1.0
1138 1141 1.0
1149 1149 1.0
1154 1161 1.0
1171 1172 1.0
1175 1175 1.0
1211 1220 1.0
1236 1236 1.0
1247 1250 1.0
1265 1273 1.0
1276 1280 1.0
1282 1282 1.0
1292 1294 1.0
1344 1371 1.0
1373 1373 1.0
1413 1429 1.0
1432 1432 1.0
1476 1489 1.0
1512 1512 1.0
1525 1525 1.0
1528 1528 1.0
1530 1548 1.0
1592 1631 1.0
1677 1730 1.0
1847 1853 1.0
1859 1880 1.0
1893 1893 1.0
1915 1934 1.0
2000 2004 1.0
2012 2022 1.0
2025 2037 1.0
2042 2044 1.0
2089 2090 1.0
2092 2093 1.0
2116 2123 1.0
2148 2148 1.0
2168 2176 1.0
2178 2179 1.0
2181 2182 1.0
2189 2205 1.0
2208 2221 1.0
2236 2236 1.0
2279 2314 1.0
2356 2393 1.0
2506 2513 1.0
2515 2515 1.0
2524 2524 1.0
2526 2526 1.0
2563 2563 1.0
2565 2568 1.0
2570 2570 1.0
2572 2572 1.0
2576 2576 1.0
2590 2590 1.0
2648 2653 1.0
2655 2661 1.0
2669 2686 1.0
2692 2692 1.0
2695 2695 1.0
2700 2705 1.0
2745 2773 1.0
2809 2809 1.0
2811 2834 1.0
2868 2868 1.0
2870 2870 1.0
2874 2875 1.0
2890 2893 1.0
2924 2927 1.0
2930 2944 1.0
2946 2946 1.0
2992 2992 1.0
2996 3036 1.0
