82 82 1.0
89 91 1.0
134 138 1.0
164 169 1.0
174 174 1.0
177 177 1.0
190 190 1.0
197 197 1.0
199 201 1.0
216 227 1.0
230 230 1.0
234 234 1.0
236 236 1.0
240 241 1.0
245 246 1.0
248 248 1.0
269 270 1.0
295 306 1.0
309 327 1.0
371 411 1.0
417 427 1.0
451 454 1.0
486 487 1.0
493 528 1.0
578 609 1.0
654 657 1.0
675 675 1.0
680 691 1.0
694 707 1.0
746 751 1.0
790 824 1.0
826 835 1.0
894 899 1.0
901 912 1.0
938 939 1.0
943 979 1.0
1076 1113 1.0
1134 1135 1.0
1152 1152 1.0
1182 1183 1.0
1189 1189 1.0
1191 1192 1.0
1195 1195 1.0
1197 1203 1.0
1205 1206 1.0
1246 1253 1.0
1293 1296 1.0
1311 1348 1.0
1391 1429 1.0
1452 1452 1.0
1455 1462 1.0
1470 1484 1.0
1523 1532 1.0
1543 1554 1.0
1571 1580 1.0
1596 1611 1.0
1617 1636 1.0
1743 1749 1.0
1758 1778 1.0
1780 1780 1.0
1790 1790 1.0
1792 1792 1.0
1805 1805 1.0
1815 1815 1.0
1817 1838 1.0
1912 1933 1.0
1935 1935 1.0
1937 1938 1.0
1950 1950 1.0
2013 2014 1.0
2035 2046 1.0
2069 2072 1.0
2102 2103 1.0
2187 2187 1.0
2196 2212 1.0
2252 2254 1.0
2257 2294 1.0
2347 2352 1.0
2380 2382 1.0
2393 2417 1.0
2419 2425 1.0
2463 2479 1.0
2524 2534 1.0
2571 2605 1.0
2647 2647 1.0
2649 2656 1.0
2659 2659 1.0
2673 2676 1.0
2702 2725 1.0
2732 2737 1.0
2764 2767 1.0
2805 2840 1.0
2860 2877 1.0
2918 2957 1.0
2965 2967 1.0
2973 2973 1.0
2975 2978 1.0
3066 3066 1.0
3068 3106 1.0
3156 3156 1.0
3158 3193 1.0
3235 3256 1.0
3266 3266 1.0
3283 3283 1.0
3292 3309 1.0
3311 3313 1.0
3315 3316 1.0
3320 3320 1.0
3391 3391 1.0
3393 3394 1.0
3396 3396 1.0
3401 3401 1.0
3412 3412 1.0
3416 3417 1.0
3419 3428 1.0
3430 3430 1.0
3438 3438 1.0
3511 3511 1.0
3513 3513 1.0
3517 3524 1.0
3526 3539 1.0
3542 3542 1.0
3553 3554 1.0
