98 108 1.0
121 121 1.0
123 135 1.0
145 161 1.0
163 163 1.0
173 175 1.0
178 178 1.0
180 180 1.0
182 182 1.0
207 208 1.0
214 218 1.0
224 224 1.0
227 227 1.0
229 245 1.0
258 259 1.0
261 266 1.0
271 271 1.0
273 273 1.0
275 275 1.0
281 298 1.0
342 342 1.0
344 344 1.0
351 351 1.0
355 355 1.0
357 364 1.0
369 381 1.0
383 388 1.0
390 396 1.0
399 399 1.0
403 407 1.0
409 409 1.0
419 422 1.0
425 426 1.0
428 439 1.0
442 447 1.0
449 450 1.0
478 479 1.0
486 486 1.0
488 507 1.0
509 509 1.0
519 521 1.0
538 538 1.0
545 554 1.0
566 573 1.0
578 578 1.0
591 606 1.0
613 613 1.0
615 615 1.0
619 622 1.0
661 698 1.0
702 706 1.0
747 782 1.0
789 789 1.0
791 802 1.0
821 825 1.0
834 834 1.0
854 858 1.0
864 870 1.0
884 896 1.0
919 921 1.0
937 938 1.0
940 956 1.0
960 960 1.0
967 967 1.0
969 974 1.0
997 997 1.0
999 1016 1.0
1056 1056 1.0
1058 1095 1.0
1112 1112 1.0
1146 1148 1.0
1158 1158 1.0
1160 1165 1.0
1167 1172 1.0
1174 1183 1.0
1186 1194 1.0
1197 1197 1.0
1212 1212 1.0
1214 1215 1.0
1228 1228 1.0
1230 1230 1.0
1232 1234 1.0
1236 1254 1.0
1260 1260 1.0
1284 1284 1.0
1296 1296 1.0
1300 1300 1.0
1304 1308 1.0
1319 1319 1.0
1329 1343 1.0
1346 1349 1.0
1360 1361 1.0
1391 1391 1.0
1403 1439 1.0
1476 1482 1.0
1489 1491 1.0
1517 1550 1.0
1587 1587 1.0
1590 1620 1.0
1655 1677 1.0
1714 1751 1.0
1753 1753 1.0
1757 1757 1.0
1763 1763 1.0
1766 1766 1.0
1769 1777 1.0
1781 1781 1.0
1823 1833 1.0
1835 1876 1.0
1885 1892 1.0
1912 1913 1.0
1920 1923 1.0
1930 1948 1.0
1952 1957 1.0
1997 2029 1.0
2047 2048 1.0
2053 2058 1.0
2060 2061 1.0
2063 2064 1.0
2066 2076 1.0
2116 2148 1.0
3490 3490 1.0
