79 91 1.0
137 150 1.0
154 154 1.0
194 202 1.0
216 225 1.0
264 266 1.0
272 309 1.0
349 364 1.0
367 391 1.0
393 393 1.0
432 437 1.0
442 442 1.0
496 509 1.0
512 516 1.0
518 525 1.0
527 528 1.0
530 530 1.0
532 533 1.0
577 577 1.0
580 580 1.0
584 584 1.0
586 586 1.0
590 590 1.0
592 592 1.0
598 598 1.0
601 602 1.0
661 700 1.0
723 724 1.0
769 820 1.0
823 827 1.0
881 915 1.0
941 946 1.0
948 949 1.0
951 951 1.0
953 957 1.0
994 1000 1.0
1002 1006 1.0
1014 1020 1.0
1026 1026 1.0
1044 1051 1.0
1093 1130 1.0
1152 1155 1.0
1198 1228 1.0
1270 1270 1.0
1272 1275 1.0
1280 1304 1.0
1312 1312 1.0
1314 1320 1.0
1339 1339 1.0
1342 1342 1.0
1360 1375 1.0
1425 1456 1.0
1494 1526 1.0
1570 1570 1.0
1572 1587 1.0
1593 1633 1.0
1672 1672 1.0
1674 1688 1.0
1757 1776 1.0
1810 1842 1.0
1897 1898 1.0
1900 1915 1.0
1918 1935 1.0
1973 2001 1.0
2032 2037 1.0
2077 2083 1.0
2085 2085 1.0
2087 2091 1.0
2096 2116 1.0
2122 2122 1.0
2124 2124 1.0
2130 2134 1.0
2163 2167 1.0
2177 2177 1.0
2179 2202 1.0
2253 2298 1.0
2301 2301 1.0
2305 2307 1.0
2342 2342 1.0
2346 2346 1.0
2385 2420 1.0
2427 2427 1.0
2464 2464 1.0
2466 2468 1.0
2482 2482 1.0
2484 2484 1.0
2487 2489 1.0
2491 2491 1.0
2494 2503 1.0
2506 2513 1.0
2549 2584 1.0
2624 2628 1.0
2646 2646 1.0
3456 3456 1.0
