119 119 1.0
121 122 1.0
127 127 1.0
136 139 1.0
148 154 1.0
181 181 1.0
200 200 1.0
202 202 1.0
205 205 1.0
229 234 1.0
255 260 1.0
283 283 1.0
299 320 1.0
322 336 1.0
338 340 1.0
346 349 1.0
351 351 1.0
356 362 1.0
364 376 1.0
378 385 1.0
388 388 1.0
433 471 1.0
536 571 1.0
608 614 1.0
665 665 1.0
712 712 1.0
714 714 1.0
719 719 1.0
723 725 1.0
729 730 1.0
733 735 1.0
759 759 1.0
764 769 1.0
792 792 1.0
795 795 1.0
810 810 1.0
812 835 1.0
837 852 1.0
874 875 1.0
3016 3016 1.0
3019 3019 1.0
3448 3448 1.0
