83 92 1.0
95 95 1.0
99 101 1.0
104 107 1.0
116 117 1.0
134 136 1.0
140 140 1.0
151 151 1.0
155 168 1.0
179 187 1.0
206 216 1.0
226 226 1.0
239 239 1.0
279 280 1.0
286 323 1.0
367 368 1.0
375 375 1.0
395 397 1.0
399 404 1.0
407 408 1.0
449 449 1.0
451 453 1.0
455 462 1.0
464 473 1.0
475 475 1.0
483 486 1.0
488 488 1.0
501 501 1.0
516 516 1.0
519 519 1.0
521 525 1.0
528 531 1.0
542 543 1.0
545 550 1.0
570 573 1.0
576 577 1.0
589 593 1.0
596 597 1.0
599 599 1.0
601 601 1.0
603 603 1.0
619 621 1.0
623 624 1.0
630 637 1.0
640 640 1.0
642 646 1.0
671 671 1.0
673 677 1.0
679 680 1.0
684 690 1.0
733 735 1.0
737 766 1.0
769 771 1.0
773 775 1.0
805 806 1.0
834 835 1.0
837 840 1.0
844 844 1.0
846 847 1.0
849 849 1.0
851 851 1.0
854 854 1.0
857 857 1.0
860 870 1.0
872 880 1.0
888 891 1.0
893 893 1.0
895 898 1.0
923 924 1.0
939 958 1.0
965 969 1.0
978 978 1.0
982 983 1.0
985 985 1.0
987 988 1.0
990 990 1.0
992 992 1.0
997 999 1.0
1001 1002 1.0
1006 1008 1.0
1010 1011 1.0
1013 1013 1.0
1053 1055 1.0
1057 1075 1.0
1080 1085 1.0
1088 1094 1.0
1127 1127 1.0
1130 1131 1.0
1133 1154 1.0
1156 1164 1.0
1211 1213 1.0
1215 1215 1.0
1231 1231 1.0
1233 1233 1.0
1238 1251 1.0
1256 1265 1.0
1268 1268 1.0
1273 1274 1.0
1302 1311 1.0
1313 1313 1.0
1319 1319 1.0
1325 1325 1.0
1332 1338 1.0
1353 1353 1.0
1355 1355 1.0
1358 1358 1.0
1361 1362 1.0
1364 1369 1.0
1380 1382 1.0
1387 1387 1.0
1389 1389 1.0
1399 1399 1.0
1404 1404 1.0
1407 1414 1.0
1439 1439 1.0
1441 1441 1.0
1456 1456 1.0
1459 1474 1.0
1482 1482 1.0
1488 1488 1.0
1495 1495 1.0
1498 1505 1.0
1517 1518 1.0
1522 1524 1.0
1527 1539 1.0
1548 1548 1.0
1551 1551 1.0
1554 1554 1.0
1556 1556 1.0
1559 1559 1.0
1563 1564 1.0
1580 1581 1.0
1616 1616 1.0
1621 1621 1.0
1623 1624 1.0
1626 1627 1.0
1632 1635 1.0
1639 1639 1.0
1643 1653 1.0
1655 1659 1.0
1663 1664 1.0
1666 1666 1.0
1672 1672 1.0
1674 1674 1.0
1679 1679 1.0
1684 1684 1.0
1708 1708 1.0
1718 1719 1.0
1721 1721 1.0
1723 1723 1.0
1725 1742 1.0
1744 1744 1.0
1747 1747 1.0
1749 1749 1.0
1752 1755 1.0
1779 1779 1.0
1781 1781 1.0
1789 1789 1.0
1791 1791 1.0
1793 1809 1.0
1820 1820 1.0
1823 1824 1.0
1826 1826 1.0
1846 1846 1.0
1849 1851 1.0
1853 1854 1.0
1867 1867 1.0
1870 1871 1.0
1890 1890 1.0
1896 1899 1.0
1901 1901 1.0
1918 1918 1.0
1938 1938 1.0
1940 1966 1.0
1968 1972 1.0
1975 1975 1.0
1977 1977 1.0
1993 1993 1.0
2000 2001 1.0
2004 2005 1.0
2016 2016 1.0
2028 2028 1.0
2030 2030 1.0
2035 2037 1.0
2040 2040 1.0
2042 2042 1.0
2047 2047 1.0
2050 2050 1.0
2053 2053 1.0
2055 2058 1.0
2060 2060 1.0
2062 2062 1.0
2064 2064 1.0
2084 2084 1.0
2109 2110 1.0
2114 2128 1.0
2131 2131 1.0
2151 2151 1.0
2172 2178 1.0
2180 2181 1.0
2183 2183 1.0
2187 2187 1.0
2191 2191 1.0
2196 2196 1.0
2217 2218 1.0
2222 2223 1.0
2242 2242 1.0
2244 2254 1.0
2257 2257 1.0
2267 2270 1.0
2272 2278 1.0
2281 2281 1.0
2296 2296 1.0
2298 2304 1.0
2306 2306 1.0
2320 2320 1.0
2323 2331 1.0
2338 2339 1.0
2342 2343 1.0
2351 2351 1.0
2353 2354 1.0
2367 2369 1.0
2373 2373 1.0
2387 2387 1.0
2390 2390 1.0
2395 2396 1.0
2398 2400 1.0
2402 2403 1.0
2408 2408 1.0
2450 2450 1.0
2452 2452 1.0
2455 2455 1.0
2459 2470 1.0
2472 2474 1.0
2488 2491 1.0
2495 2495 1.0
2509 2509 1.0
2512 2514 1.0
2516 2516 1.0
2518 2518 1.0
2520 2521 1.0
2531 2531 1.0
2534 2538 1.0
2540 2543 1.0
2568 2568 1.0
2570 2571 1.0
2575 2577 1.0
2582 2583 1.0
2585 2586 1.0
2588 2589 1.0
2592 2601 1.0
2610 2613 1.0
2624 2624 1.0
2627 2627 1.0
2639 2640 1.0
2642 2642 1.0
2644 2646 1.0
2663 2664 1.0
2666 2666 1.0
2668 2670 1.0
2673 2676 1.0
2679 2679 1.0
2681 2681 1.0
2692 2692 1.0
2722 2722 1.0
2729 2729 1.0
2732 2749 1.0
2751 2752 1.0
2762 2766 1.0
2768 2768 1.0
2791 2795 1.0
2808 2808 1.0
2819 2819 1.0
2822 2822 1.0
2825 2828 1.0
2830 2830 1.0
2832 2837 1.0
2839 2839 1.0
2841 2841 1.0
2850 2850 1.0
2853 2853 1.0
2856 2856 1.0
2858 2860 1.0
2862 2862 1.0
2867 2867 1.0
2886 2890 1.0
2902 2902 1.0
2909 2909 1.0
2911 2918 1.0
2921 2921 1.0
2930 2931 1.0
2936 2936 1.0
2938 2938 1.0
2981 2981 1.0
2983 2983 1.0
2985 2985 1.0
2987 2988 1.0
2995 3015 1.0
3017 3018 1.0
3029 3029 1.0
3036 3036 1.0
3039 3039 1.0
3065 3065 1.0
3069 3069 1.0
3078 3091 1.0
3104 3112 1.0
3130 3140 1.0
3149 3149 1.0
3154 3154 1.0
3159 3159 1.0
3163 3164 1.0
3180 3180 1.0
3191 3191 1.0
3194 3194 1.0
3199 3199 1.0
3204 3204 1.0
3219 3220 1.0
3222 3222 1.0
3225 3225 1.0
3255 3256 1.0
3259 3259 1.0
3261 3277 1.0
3280 3280 1.0
3286 3294 1.0
3320 3320 1.0
3326 3326 1.0
3330 3330 1.0
3333 3333 1.0
3335 3338 1.0
3341 3362 1.0
3365 3365 1.0
3369 3370 1.0
3372 3372 1.0
3387 3387 1.0
3389 3390 1.0
3392 3394 1.0
3420 3420 1.0
3445 3450 1.0
3465 3484 1.0
3486 3487 1.0
3489 3504 1.0
3506 3506 1.0
3521 3521 1.0
3523 3523 1.0
3536 3537 1.0
3543 3543 1.0
3553 3553 1.0
3558 3558 1.0
3579 3580 1.0
3584 3589 1.0
3614 3616 1.0
3620 3621 1.0
3628 3647 1.0
3649 3649 1.0
3669 3670 1.0
3672 3674 1.0
3685 3694 1.0
3696 3696 1.0
3698 3699 1.0
3701 3701 1.0
3703 3704 1.0
3706 3706 1.0
3732 3733 1.0
3740 3740 1.0
3743 3743 1.0
3746 3746 1.0
3749 3754 1.0
3758 3759 1.0
3761 3762 1.0
3764 3765 1.0
3768 3768 1.0
3774 3777 1.0
3780 3780 1.0
3793 3794 1.0
3801 3801 1.0
3803 3803 1.0
3805 3805 1.0
3820 3820 1.0
3822 3829 1.0
3836 3836 1.0
3845 3845 1.0
3847 3852 1.0
3854 3856 1.0
3859 3859 1.0
3871 3876 1.0
3878 3879 1.0
3884 3884 1.0
3891 3891 1.0
3899 3901 1.0
3903 3903 1.0
3905 3905 1.0
3923 3923 1.0
3926 3928 1.0
3933 3934 1.0
3940 3940 1.0
3942 3942 1.0
3944 3948 1.0
3950 3951 1.0
3954 3956 1.0
3960 3960 1.0
3963 3963 1.0
4005 4007 1.0
4009 4009 1.0
4011 4011 1.0
4013 4023 1.0
4026 4028 1.0
4030 4030 1.0
4032 4035 1.0
4045 4045 1.0
4048 4048 1.0
4058 4060 1.0
4062 4062 1.0
4069 4069 1.0
4074 4075 1.0
4084 4084 1.0
4087 4087 1.0
4090 4091 1.0
4093 4093 1.0
4099 4099 1.0
4114 4116 1.0
4118 4119 1.0
4121 4121 1.0
4123 4123 1.0
4126 4126 1.0
4130 4130 1.0
4133 4136 1.0
4138 4138 1.0
4145 4146 1.0
4162 4163 1.0
4175 4175 1.0
4177 4178 1.0
4185 4185 1.0
4189 4189 1.0
4191 4192 1.0
4195 4195 1.0
4202 4202 1.0
4204 4205 1.0
4214 4214 1.0
4218 4219 1.0
