78 104 1.0
187 225 1.0
232 250 1.0
253 253 1.0
288 306 1.0
330 334 1.0
378 396 1.0
443 444 1.0
446 447 1.0
449 480 1.0
485 488 1.0
541 541 1.0
543 563 1.0
566 577 1.0
594 594 1.0
613 655 1.0
717 752 1.0
799 817 1.0
824 829 1.0
889 921 1.0
933 935 1.0
979 1012 1.0
1014 1014 1.0
1069 1069 1.0
1072 1072 1.0
1077 1092 1.0
1104 1106 1.0
1108 1108 1.0
1146 1176 1.0
1218 1218 1.0
1220 1258 1.0
1265 1273 1.0
1275 1275 1.0
1277 1277 1.0
1326 1326 1.0
1328 1328 1.0
1330 1330 1.0
1332 1332 1.0
1386 1390 1.0
1392 1392 1.0
1394 1394 1.0
1397 1415 1.0
1418 1419 1.0
1429 1429 1.0
1431 1434 1.0
1477 1490 1.0
1492 1492 1.0
1494 1507 1.0
1538 1538 1.0
1544 1545 1.0
1547 1554 1.0
1556 1556 1.0
1569 1569 1.0
1578 1581 1.0
1583 1587 1.0
1589 1589 1.0
1600 1604 1.0
1606 1606 1.0
1612 1613 1.0
1620 1620 1.0
1627 1632 1.0
1643 1643 1.0
1646 1646 1.0
1692 1692 1.0
1695 1696 1.0
1702 1705 1.0
1707 1707 1.0
1717 1729 1.0
1769 1775 1.0
1786 1802 1.0
1804 1804 1.0
1843 1876 1.0
1891 1892 1.0
1894 1895 1.0
1897 1897 1.0
1899 1903 1.0
1908 1909 1.0
1911 1912 1.0
1915 1919 1.0
1961 1966 1.0
2013 2045 1.0
2082 2095 1.0
2107 2114 1.0
2151 2184 1.0
2223 2231 1.0
2262 2280 1.0
2289 2289 1.0
2294 2295 1.0
2339 2362 1.0
2373 2373 1.0
2398 2398 1.0
2401 2402 1.0
2405 2410 1.0
2437 2438 1.0
2441 2442 1.0
2458 2469 1.0
2471 2471 1.0
2478 2478 1.0
2485 2494 1.0
2502 2503 1.0
2521 2532 1.0
2535 2535 1.0
2545 2547 1.0
2579 2601 1.0
2646 2646 1.0
2649 2676 1.0
2678 2679 1.0
2724 2760 1.0
2804 2826 1.0
2828 2828 1.0
2831 2831 1.0
2893 2928 1.0
2986 3019 1.0
3081 3118 1.0
3150 3183 1.0
3195 3212 1.0
3214 3214 1.0
3217 3217 1.0
3225 3225 1.0
3248 3248 1.0
3250 3250 1.0
3253 3254 1.0
3256 3267 1.0
3269 3270 1.0
3326 3326 1.0
3328 3358 1.0
3394 3420 1.0
3464 3496 1.0
3533 3533 1.0
3535 3553 1.0
3555 3555 1.0
3560 3560 1.0
