87 125 1.0
167 167 1.0
169 169 1.0
171 172 1.0
174 191 1.0
203 214 1.0
227 241 1.0
253 253 1.0
255 259 1.0
322 356 1.0
416 426 1.0
428 434 1.0
473 490 1.0
492 492 1.0
525 525 1.0
528 529 1.0
533 534 1.0
537 562 1.0
568 569 1.0
574 576 1.0
578 579 1.0
581 582 1.0
584 584 1.0
627 645 1.0
655 655 1.0
657 657 1.0
684 692 1.0
694 695 1.0
697 697 1.0
699 699 1.0
701 701 1.0
703 718 1.0
720 721 1.0
723 723 1.0
727 741 1.0
744 744 1.0
746 746 1.0
748 748 1.0
790 791 1.0
794 794 1.0
796 796 1.0
804 805 1.0
809 810 1.0
812 815 1.0
820 820 1.0
832 833 1.0
835 839 1.0
841 841 1.0
844 846 1.0
852 863 1.0
904 934 1.0
936 936 1.0
975 988 1.0
990 1000 1.0
1002 1002 1.0
1008 1015 1.0
1017 1031 1.0
1033 1037 1.0
1039 1039 1.0
1041 1041 1.0
1045 1045 1.0
1054 1054 1.0
1104 1112 1.0
1116 1116 1.0
1125 1125 1.0
1128 1138 1.0
1140 1140 1.0
1183 1206 1.0
1213 1214 1.0
1219 1219 1.0
1223 1224 1.0
1226 1226 1.0
1246 1250 1.0
1255 1256 1.0
1267 1281 1.0
1290 1292 1.0
1338 1342 1.0
1344 1344 1.0
1350 1351 1.0
1355 1355 1.0
1361 1361 1.0
1364 1364 1.0
1372 1372 1.0
1375 1375 1.0
1392 1392 1.0
1394 1398 1.0
1440 1451 1.0
1484 1484 1.0
1490 1516 1.0
1518 1521 1.0
1568 1568 1.0
1579 1579 1.0
1581 1607 1.0
1609 1618 1.0
1657 1657 1.0
1659 1659 1.0
1662 1662 1.0
1680 1683 1.0
1685 1685 1.0
1688 1688 1.0
1690 1690 1.0
1696 1696 1.0
1710 1713 1.0
1715 1717 1.0
1719 1719 1.0
1721 1722 1.0
1724 1725 1.0
1727 1727 1.0
1729 1730 1.0
1742 1742 1.0
1752 1752 1.0
1769 1779 1.0
1791 1794 1.0
1796 1798 1.0
1805 1805 1.0
1819 1820 1.0
1825 1825 1.0
1862 1862 1.0
1866 1882 1.0
1884 1886 1.0
1890 1891 1.0
1933 1938 1.0
1962 1962 1.0
1981 1989 1.0
1991 1991 1.0
1995 1995 1.0
2002 2002 1.0
2004 2009 1.0
2011 2017 1.0
2061 2062 1.0
2067 2067 1.0
2070 2070 1.0
2072 2072 1.0
2102 2104 1.0
2106 2107 1.0
2109 2121 1.0
2123 2128 1.0
2130 2137 1.0
2139 2139 1.0
2143 2143 1.0
2146 2148 1.0
2150 2150 1.0
2157 2158 1.0
2160 2160 1.0
2163 2169 1.0
2172 2172 1.0
2223 2223 1.0
2226 2250 1.0
2252 2253 1.0
2255 2259 1.0
2288 2289 1.0
2292 2292 1.0
2302 2318 1.0
2332 2332 1.0
2357 2362 1.0
2373 2383 1.0
2419 2423 1.0
2425 2425 1.0
2428 2428 1.0
2431 2450 1.0
2462 2462 1.0
2464 2468 1.0
2470 2480 1.0
2485 2498 1.0
2518 2520 1.0
2522 2522 1.0
2524 2524 1.0
2569 2569 1.0
2590 2618 1.0
2620 2623 1.0
2647 2656 1.0
