81 110 1.0
130 141 1.0
143 144 1.0
149 170 1.0
223 262 1.0
319 319 1.0
323 341 1.0
359 360 1.0
362 363 1.0
380 393 1.0
408 416 1.0
427 427 1.0
461 461 1.0
464 464 1.0
466 466 1.0
468 512 1.0
552 590 1.0
661 668 1.0
690 694 1.0
712 712 1.0
717 724 1.0
726 728 1.0
735 735 1.0
737 752 1.0
774 774 1.0
791 791 1.0
793 810 1.0
818 832 1.0
834 834 1.0
836 836 1.0
838 838 1.0
841 851 1.0
890 894 1.0
903 906 1.0
909 920 1.0
922 924 1.0
926 926 1.0
959 959 1.0
962 963 1.0
967 967 1.0
969 969 1.0
976 995 1.0
1004 1013 1.0
1015 1015 1.0
1031 1037 1.0
1072 1072 1.0
1074 1074 1.0
1076 1093 1.0
1128 1161 1.0
1203 1203 1.0
1207 1209 1.0
1211 1212 1.0
1222 1244 1.0
1286 1325 1.0
1370 1407 1.0
1409 1409 1.0
1458 1494 1.0
1534 1534 1.0
1536 1573 1.0
1583 1583 1.0
1585 1585 1.0
1590 1590 1.0
1592 1592 1.0
1634 1663 1.0
1665 1665 1.0
1714 1727 1.0
1744 1750 1.0
1778 1779 1.0
1783 1821 1.0
1863 1869 1.0
1873 1901 1.0
1909 1909 1.0
1960 1990 1.0
2002 2016 1.0
2029 2029 1.0
2033 2034 1.0
2036 2037 1.0
2058 2058 1.0
2063 2063 1.0
2109 2152 1.0
2158 2159 1.0
2161 2161 1.0
2205 2207 1.0
2225 2242 1.0
2245 2266 1.0
2271 2271 1.0
2274 2275 1.0
2277 2294 1.0
2338 2377 1.0
2446 2455 1.0
2477 2477 1.0
2479 2479 1.0
2503 2516 1.0
2518 2520 1.0
2526 2546 1.0
2586 2586 1.0
2588 2610 1.0
2612 2618 1.0
2665 2706 1.0
2765 2767 1.0
2769 2791 1.0
2819 2819 1.0
2821 2848 1.0
2852 2852 1.0
2855 2856 1.0
2886 2887 1.0
2889 2889 1.0
2891 2891 1.0
2895 2898 1.0
2900 2900 1.0
2903 2921 1.0
2964 2980 1.0
2982 2983 1.0
2986 2998 1.0
3000 3001 1.0
3041 3041 1.0
3043 3070 1.0
3106 3142 1.0
3145 3145 1.0
3187 3228 1.0
3302 3325 1.0
3327 3342 1.0
3351 3351 1.0
3381 3386 1.0
3388 3415 1.0
3424 3428 1.0
3455 3457 1.0
3488 3488 1.0
3490 3493 1.0
3497 3497 1.0
3499 3499 1.0
3525 3563 1.0
3613 3633 1.0
3643 3654 1.0
3672 3672 1.0
3676 3681 1.0
3683 3684 1.0
3692 3715 1.0
3749 3749 1.0
3753 3782 1.0
3859 3897 1.0
3937 3955 1.0
3990 4022 1.0
4024 4024 1.0
4064 4073 1.0
4110 4144 1.0
4186 4216 1.0
