78 91 1.0
106 107 1.0
136 142 1.0
151 165 1.0
184 191 1.0
200 222 1.0
227 227 1.0
280 317 1.0
374 395 1.0
466 497 1.0
530 543 1.0
545 545 1.0
550 563 1.0
600 617 1.0
646 660 1.0
695 717 1.0
744 776 1.0
825 845 1.0
848 848 1.0
850 853 1.0
865 865 1.0
868 895 1.0
932 942 1.0
945 952 1.0
955 960 1.0
971 971 1.0
975 984 1.0
991 991 1.0
1010 1028 1.0
1030 1043 1.0
1067 1067 1.0
1083 1083 1.0
1085 1117 1.0
1172 1196 1.0
1227 1256 1.0
1272 1281 1.0
1319 1349 1.0
1351 1352 1.0
1354 1355 1.0
1357 1357 1.0
1359 1359 1.0
1361 1364 1.0
1404 1432 1.0
1441 1441 1.0
1443 1455 1.0
1467 1474 1.0
1519 1553 1.0
1585 1585 1.0
1602 1636 1.0
1653 1656 1.0
1659 1667 1.0
1732 1755 1.0
1774 1775 1.0
1777 1778 1.0
1781 1786 1.0
1796 1796 1.0
1843 1844 1.0
1846 1884 1.0
1939 1967 1.0
1969 1970 1.0
1986 1996 1.0
2032 2038 1.0
2043 2048 1.0
2050 2051 1.0
2094 2095 1.0
2097 2098 1.0
2100 2115 1.0
2117 2126 1.0
2154 2154 1.0
2157 2191 1.0
2204 2205 1.0
2207 2208 1.0
2210 2210 1.0
2213 2213 1.0
2215 2219 1.0
2257 2285 1.0
2288 2288 1.0
2351 2374 1.0
2383 2383 1.0
2407 2409 1.0
2411 2419 1.0
2465 2465 1.0
2467 2467 1.0
2470 2485 1.0
2487 2487 1.0
2489 2494 1.0
2512 2514 1.0
2522 2524 1.0
2558 2591 1.0
2641 2678 1.0
2695 2706 1.0
2739 2740 1.0
2742 2768 1.0
2815 2853 1.0
2873 2884 1.0
2886 2886 1.0
2893 2895 1.0
2904 2904 1.0
2942 2971 1.0
2975 2975 1.0
3031 3041 1.0
3045 3045 1.0
3051 3051 1.0
3059 3092 1.0
3134 3156 1.0
3159 3159 1.0
3191 3222 1.0
3230 3231 1.0
3233 3239 1.0
3241 3241 1.0
3261 3261 1.0
3281 3283 1.0
3285 3285 1.0
3287 3287 1.0
3310 3315 1.0
3336 3336 1.0
3345 3347 1.0
3375 3404 1.0
3433 3462 1.0
3505 3518 1.0
3520 3542 1.0
3556 3557 1.0
