89 115 1.0
154 166 1.0
172 172 1.0
245 264 1.0
312 314 1.0
320 349 1.0
353 354 1.0
356 356 1.0
485 485 1.0
556 561 1.0
564 575 1.0
626 626 1.0
628 628 1.0
631 631 1.0
694 694 1.0
702 703 1.0
705 705 1.0
707 707 1.0
823 840 1.0
842 853 1.0
905 914 1.0
916 945 1.0
948 957 1.0
1046 1046 1.0
1048 1048 1.0
1168 1168 1.0
1171 1171 1.0
1173 1174 1.0
1380 1380 1.0
1382 1386 1.0
1388 1388 1.0
1474 1474 1.0
1476 1476 1.0
1662 1662 1.0
1711 1720 1.0
1722 1722 1.0
1807 1813 1.0
1818 1844 1.0
1981 1988 1.0
1991 1991 1.0
2108 2114 1.0
2116 2116 1.0
2118 2119 1.0
2125 2125 1.0
2128 2131 1.0
