121 157 1.0
168 169 1.0
172 178 1.0
183 185 1.0
195 204 1.0
247 286 1.0
330 351 1.0
354 354 1.0
356 360 1.0
364 364 1.0
366 378 1.0
388 396 1.0
403 403 1.0
407 412 1.0
416 427 1.0
433 444 1.0
448 451 1.0
453 455 1.0
461 464 1.0
503 526 1.0
529 532 1.0
549 551 1.0
555 586 1.0
624 626 1.0
653 653 1.0
655 655 1.0
666 703 1.0
716 716 1.0
743 745 1.0
749 749 1.0
755 795 1.0
834 867 1.0
873 875 1.0
894 895 1.0
915 930 1.0
934 951 1.0
979 1012 1.0
1052 1090 1.0
1132 1162 1.0
1164 1166 1.0
1187 1201 1.0
1206 1209 1.0
1211 1219 1.0
1221 1221 1.0
1231 1261 1.0
1299 1323 1.0
1357 1373 1.0
1375 1389 1.0
1428 1462 1.0
1487 1488 1.0
1501 1524 1.0
1529 1535 1.0
1550 1550 1.0
1559 1561 1.0
1565 1566 1.0
1574 1582 1.0
1617 1655 1.0
1698 1698 1.0
1701 1735 1.0
1768 1768 1.0
1776 1799 1.0
1833 1870 1.0
1917 1938 1.0
1940 1940 1.0
1961 1962 1.0
1977 2012 1.0
2027 2067 1.0
2114 2150 1.0
2188 2222 1.0
2246 2277 1.0
2316 2353 1.0
2377 2379 1.0
2389 2402 1.0
2404 2413 1.0
2417 2420 1.0
2446 2484 1.0
2526 2543 1.0
2562 2566 1.0
2581 2602 1.0
2606 2609 1.0
2626 2627 1.0
2650 2654 1.0
2664 2677 1.0
2682 2682 1.0
2692 2703 1.0
2716 2740 1.0
2748 2766 1.0
2783 2787 1.0
2811 2817 1.0
2826 2863 1.0
2869 2869 1.0
2874 2874 1.0
2876 2880 1.0
2882 2882 1.0
2918 2921 1.0
2923 2942 1.0
2945 2947 1.0
2949 2949 1.0
2951 2953 1.0
2955 2955 1.0
2959 2963 1.0
2981 2988 1.0
3004 3020 1.0
3032 3041 1.0
3067 3069 1.0
3083 3089 1.0
3091 3104 1.0
3107 3123 1.0
3125 3125 1.0
3128 3128 1.0
3136 3137 1.0
3142 3142 1.0
3144 3144 1.0
3169 3172 1.0
3183 3201 1.0
3214 3218 1.0
3239 3252 1.0
3258 3260 1.0
3267 3268 1.0
3270 3273 1.0
3275 3280 1.0
3282 3282 1.0
3292 3295 1.0
3297 3306 1.0
3312 3312 1.0
3326 3327 1.0
3329 3347 1.0
3351 3365 1.0
3390 3422 1.0
3424 3425 1.0
3458 3485 1.0
3487 3495 1.0
3523 3525 1.0
3538 3544 1.0
3546 3560 1.0
3564 3566 1.0
3570 3570 1.0
3574 3575 1.0
3580 3585 1.0
3622 3623 1.0
3625 3625 1.0
3627 3659 1.0
3678 3678 1.0
3685 3685 1.0
3689 3689 1.0
3701 3707 1.0
3709 3712 1.0
3717 3719 1.0
3721 3731 1.0
3733 3734 1.0
3736 3738 1.0
3742 3747 1.0
3750 3763 1.0
3785 3787 1.0
3807 3818 1.0
3820 3821 1.0
3825 3842 1.0
3853 3857 1.0
3875 3913 1.0
3958 3992 1.0
4021 4023 1.0
4033 4052 1.0
4055 4055 1.0
4057 4057 1.0
4063 4072 1.0
4086 4086 1.0
4088 4123 1.0
4164 4164 1.0
4173 4208 1.0
4210 4210 1.0
