121 161 1.0
203 225 1.0
227 245 1.0
258 264 1.0
304 310 1.0
348 386 1.0
389 390 1.0
396 405 1.0
425 425 1.0
455 455 1.0
469 469 1.0
471 471 1.0
477 481 1.0
489 491 1.0
495 500 1.0
520 520 1.0
536 554 1.0
559 564 1.0
566 570 1.0
600 606 1.0
608 613 1.0
641 642 1.0
644 648 1.0
650 663 1.0
671 674 1.0
696 708 1.0
719 730 1.0
748 750 1.0
753 754 1.0
756 756 1.0
759 784 1.0
788 792 1.0
820 856 1.0
896 910 1.0
918 932 1.0
948 956 1.0
971 979 1.0
981 986 1.0
997 1000 1.0
1004 1006 1.0
1029 1067 1.0
1108 1123 1.0
1125 1125 1.0
1128 1144 1.0
1180 1186 1.0
1191 1210 1.0
1220 1228 1.0
1244 1251 1.0
1269 1280 1.0
1292 1306 1.0
1318 1334 1.0
1343 1355 1.0
1421 1461 1.0
1503 1538 1.0
1579 1619 1.0
1678 1719 1.0
1763 1778 1.0
1789 1801 1.0
1811 1829 1.0
1839 1845 1.0
1865 1865 1.0
1867 1867 1.0
1869 1874 1.0
1890 1890 1.0
1912 1944 1.0
1963 1967 1.0
1984 1994 1.0
2011 2011 1.0
2031 2071 1.0
2113 2113 1.0
2117 2119 1.0
2129 2155 1.0
2196 2224 1.0
2258 2280 1.0
2349 2349 1.0
2351 2393 1.0
2399 2399 1.0
2444 2445 1.0
2447 2451 1.0
2454 2454 1.0
2458 2460 1.0
2474 2475 1.0
2477 2482 1.0
2487 2495 1.0
2497 2508 1.0
2549 2585 1.0
2618 2637 1.0
2646 2652 1.0
2676 2684 1.0
2699 2713 1.0
2722 2738 1.0
2752 2752 1.0
2778 2785 1.0
2787 2788 1.0
2799 2812 1.0
2826 2835 1.0
2859 2861 1.0
2879 2896 1.0
2899 2908 1.0
2915 2922 1.0
2925 2930 1.0
2948 2955 1.0
2967 2988 1.0
2995 2996 1.0
3044 3085 1.0
3102 3103 1.0
3105 3105 1.0
3352 3352 1.0
