79 79 1.0
87 92 1.0
95 95 1.0
99 100 1.0
103 111 1.0
120 120 1.0
138 143 1.0
146 146 1.0
148 149 1.0
151 151 1.0
160 164 1.0
166 172 1.0
190 197 1.0
212 227 1.0
239 252 1.0
257 257 1.0
267 267 1.0
269 275 1.0
279 279 1.0
286 286 1.0
293 294 1.0
314 314 1.0
327 346 1.0
385 420 1.0
440 440 1.0
445 448 1.0
451 451 1.0
454 482 1.0
484 484 1.0
486 486 1.0
528 539 1.0
550 564 1.0
582 619 1.0
650 654 1.0
663 685 1.0
687 687 1.0
694 707 1.0
742 774 1.0
822 829 1.0
834 834 1.0
836 838 1.0
850 859 1.0
866 866 1.0
868 869 1.0
871 871 1.0
883 889 1.0
896 904 1.0
907 916 1.0
918 918 1.0
920 920 1.0
929 966 1.0
1007 1045 1.0
1085 1091 1.0
1098 1115 1.0
1117 1117 1.0
1119 1119 1.0
1124 1135 1.0
1172 1208 1.0
1248 1253 1.0
1264 1280 1.0
1292 1307 1.0
1316 1336 1.0
1347 1357 1.0
1359 1360 1.0
1408 1411 1.0
1414 1414 1.0
1424 1465 1.0
1467 1467 1.0
1477 1492 1.0
1494 1494 1.0
1500 1501 1.0
1504 1504 1.0
1506 1508 1.0
1547 1584 1.0
1614 1615 1.0
1620 1638 1.0
1640 1646 1.0
1648 1650 1.0
1652 1656 1.0
1696 1734 1.0
1779 1816 1.0
1826 1827 1.0
1861 1861 1.0
1863 1863 1.0
1866 1866 1.0
1871 1871 1.0
1877 1879 1.0
1881 1897 1.0
3795 3795 1.0
