97 131 1.0
172 200 1.0
206 211 1.0
238 245 1.0
250 257 1.0
268 268 1.0
270 274 1.0
301 301 1.0
307 335 1.0
368 391 1.0
401 403 1.0
427 438 1.0
442 459 1.0
499 536 1.0
574 603 1.0
623 632 1.0
643 659 1.0
696 698 1.0
700 716 1.0
720 732 1.0
753 759 1.0
761 766 1.0
777 779 1.0
784 801 1.0
809 817 1.0
846 883 1.0
922 962 1.0
967 970 1.0
1013 1053 1.0
1074 1078 1.0
1092 1098 1.0
1123 1123 1.0
1142 1143 1.0
1149 1201 1.0
1223 1224 1.0
1273 1314 1.0
1358 1358 1.0
1383 1395 1.0
1397 1403 1.0
1422 1450 1.0
1453 1453 1.0
1463 1463 1.0
1466 1466 1.0
1486 1495 1.0
1513 1519 1.0
1534 1568 1.0
1570 1572 1.0
1618 1649 1.0
1652 1653 1.0
1688 1688 1.0
1692 1694 1.0
1706 1712 1.0
1714 1718 1.0
1732 1751 1.0
1756 1757 1.0
1761 1768 1.0
1772 1772 1.0
1774 1781 1.0
1788 1799 1.0
1843 1903 1.0
1925 1926 1.0
1954 1954 1.0
1970 1989 1.0
1995 2005 1.0
2029 2034 1.0
2036 2068 1.0
2108 2115 1.0
