78 90 1.0
132 168 1.0
190 190 1.0
192 193 1.0
195 196 1.0
198 205 1.0
215 216 1.0
226 226 1.0
229 229 1.0
232 232 1.0
244 281 1.0
329 367 1.0
410 412 1.0
425 431 1.0
434 434 1.0
436 449 1.0
452 458 1.0
461 463 1.0
467 479 1.0
497 498 1.0
522 529 1.0
538 538 1.0
543 562 1.0
566 568 1.0
571 573 1.0
577 577 1.0
608 608 1.0
613 622 1.0
633 669 1.0
713 715 1.0
717 719 1.0
721 758 1.0
791 807 1.0
857 891 1.0
924 954 1.0
993 1030 1.0
1055 1055 1.0
1059 1059 1.0
1069 1089 1.0
1094 1096 1.0
1104 1104 1.0
1165 1188 1.0
1194 1204 1.0
1226 1232 1.0
1242 1242 1.0
1244 1260 1.0
1270 1274 1.0
1315 1351 1.0
1374 1374 1.0
1389 1398 1.0
1415 1417 1.0
1436 1452 1.0
1458 1467 1.0
1474 1474 1.0
1487 1497 1.0
1500 1500 1.0
1506 1506 1.0
1537 1537 1.0
1539 1539 1.0
1541 1541 1.0
1546 1573 1.0
1577 1584 1.0
1596 1634 1.0
1674 1692 1.0
1728 1728 1.0
1731 1769 1.0
1830 1868 1.0
1874 1875 1.0
1910 1910 1.0
1936 1945 1.0
1956 1969 1.0
1981 1994 1.0
2009 2009 1.0
2028 2034 1.0
2039 2040 1.0
2042 2043 1.0
2045 2045 1.0
2051 2052 1.0
2055 2065 1.0
2078 2082 1.0
2085 2102 1.0
2107 2107 1.0
2109 2123 1.0
2144 2151 1.0
