81 86 1.0
188 188 1.0
191 192 1.0
194 196 1.0
252 260 1.0
264 269 1.0
275 285 1.0
333 336 1.0
339 357 1.0
359 360 1.0
367 377 1.0
394 404 1.0
444 454 1.0
456 457 1.0
462 463 1.0
496 499 1.0
501 516 1.0
518 518 1.0
525 525 1.0
577 580 1.0
582 587 1.0
589 589 1.0
686 686 1.0
696 696 1.0
699 699 1.0
704 711 1.0
713 713 1.0
764 764 1.0
789 789 1.0
791 797 1.0
808 808 1.0
810 810 1.0
812 815 1.0
825 830 1.0
840 840 1.0
883 924 1.0
975 977 1.0
998 999 1.0
1017 1028 1.0
1041 1051 1.0
1115 1115 1.0
1117 1155 1.0
1195 1233 1.0
1235 1235 1.0
1247 1247 1.0
1326 1327 1.0
1385 1399 1.0
1401 1404 1.0
1409 1419 1.0
1464 1467 1.0
1479 1500 1.0
1509 1514 1.0
1538 1544 1.0
1594 1594 1.0
1606 1610 1.0
1626 1644 1.0
1649 1654 1.0
1699 1710 1.0
1715 1733 1.0
1790 1828 1.0
1877 1914 1.0
2019 2019 1.0
2026 2026 1.0
2033 2035 1.0
2037 2040 1.0
2074 2111 1.0
