81 88 1.0
92 92 1.0
94 94 1.0
100 102 1.0
104 109 1.0
115 131 1.0
133 141 1.0
183 219 1.0
323 327 1.0
340 344 1.0
394 396 1.0
399 399 1.0
405 406 1.0
451 481 1.0
527 534 1.0
538 539 1.0
553 554 1.0
602 612 1.0
621 621 1.0
628 628 1.0
635 635 1.0
708 713 1.0
717 718 1.0
727 737 1.0
740 742 1.0
747 759 1.0
781 783 1.0
855 856 1.0
866 867 1.0
869 872 1.0
874 875 1.0
939 959 1.0
969 973 1.0
997 1001 1.0
1055 1061 1.0
1067 1076 1.0
1118 1124 1.0
1144 1149 1.0
1163 1175 1.0
1193 1193 1.0
1195 1196 1.0
1262 1268 1.0
1283 1283 1.0
1291 1295 1.0
1306 1309 1.0
1324 1342 1.0
1384 1425 1.0
1451 1452 1.0
1465 1470 1.0
1472 1482 1.0
1484 1486 1.0
1488 1488 1.0
1534 1540 1.0
1585 1589 1.0
1591 1592 1.0
1619 1619 1.0
1665 1704 1.0
1707 1707 1.0
1763 1764 1.0
1769 1773 1.0
1783 1787 1.0
1789 1789 1.0
1792 1799 1.0
1808 1816 1.0
1819 1820 1.0
1885 1890 1.0
1917 1919 1.0
1938 1938 1.0
1940 1946 1.0
1964 1971 1.0
2015 2015 1.0
2020 2022 1.0
2043 2051 1.0
2092 2103 1.0
2107 2112 1.0
2114 2129 1.0
2159 2159 1.0
2220 2225 1.0
2227 2240 1.0
2242 2256 1.0
2262 2275 1.0
2277 2277 1.0
2279 2279 1.0
2285 2286 1.0
2348 2357 1.0
2364 2370 1.0
2424 2424 1.0
2427 2433 1.0
2437 2458 1.0
2501 2518 1.0
2520 2520 1.0
2574 2574 1.0
2578 2578 1.0
2581 2584 1.0
2600 2600 1.0
2603 2603 1.0
2680 2699 1.0
2738 2764 1.0
2837 2839 1.0
2883 2883 1.0
2895 2895 1.0
2898 2901 1.0
2903 2906 1.0
2908 2909 1.0
2911 2912 1.0
2967 2967 1.0
3041 3046 1.0
3051 3051 1.0
3062 3062 1.0
3065 3065 1.0
3068 3068 1.0
