81 100 1.0
103 103 1.0
109 121 1.0
140 140 1.0
142 180 1.0
224 228 1.0
270 302 1.0
398 433 1.0
474 474 1.0
476 479 1.0
481 482 1.0
492 511 1.0
513 514 1.0
516 518 1.0
521 522 1.0
595 606 1.0
608 608 1.0
679 682 1.0
697 697 1.0
699 706 1.0
751 758 1.0
908 908 1.0
972 974 1.0
977 977 1.0
988 993 1.0
1046 1051 1.0
1070 1071 1.0
1112 1122 1.0
1280 1282 1.0
1302 1302 1.0
1304 1306 1.0
1308 1309 1.0
1320 1326 1.0
1384 1390 1.0
1392 1392 1.0
1402 1402 1.0
1654 1656 1.0
1658 1658 1.0
1703 1719 1.0
1723 1723 1.0
1725 1727 1.0
1730 1732 1.0
1930 1931 1.0
1933 1935 1.0
1953 1955 1.0
2055 2055 1.0
2177 2190 1.0
2197 2198 1.0
2237 2237 1.0
2263 2270 1.0
2339 2339 1.0
2343 2352 1.0
2358 2372 1.0
2413 2413 1.0
2420 2420 1.0
2422 2423 1.0
2488 2488 1.0
2491 2492 1.0
2516 2516 1.0
2520 2522 1.0
2640 2640 1.0
2642 2642 1.0
2734 2734 1.0
2786 2795 1.0
2797 2797 1.0
2816 2819 1.0
2846 2847 1.0
2856 2857 1.0
3063 3063 1.0
3120 3120 1.0
3130 3142 1.0
3189 3192 1.0
3502 3503 1.0
3518 3521 1.0
3526 3528 1.0
3531 3534 1.0
3536 3539 1.0
3542 3543 1.0
