81 82 1.0
89 91 1.0
94 111 1.0
114 114 1.0
121 125 1.0
127 127 1.0
130 130 1.0
132 132 1.0
134 134 1.0
136 139 1.0
143 143 1.0
147 147 1.0
195 208 1.0
220 231 1.0
242 246 1.0
251 253 1.0
255 255 1.0
272 276 1.0
285 288 1.0
292 292 1.0
295 306 1.0
308 309 1.0
320 322 1.0
325 335 1.0
338 340 1.0
342 342 1.0
344 348 1.0
350 358 1.0
387 387 1.0
390 390 1.0
399 424 1.0
426 427 1.0
429 433 1.0
435 436 1.0
481 503 1.0
506 507 1.0
510 515 1.0
518 518 1.0
527 527 1.0
546 548 1.0
553 562 1.0
578 578 1.0
605 622 1.0
625 626 1.0
629 629 1.0
631 633 1.0
635 641 1.0
657 657 1.0
669 669 1.0
672 672 1.0
676 676 1.0
678 691 1.0
693 694 1.0
698 713 1.0
715 716 1.0
718 718 1.0
722 722 1.0
728 728 1.0
730 730 1.0
733 737 1.0
767 767 1.0
769 770 1.0
779 801 1.0
803 804 1.0
808 816 1.0
839 848 1.0
850 863 1.0
865 865 1.0
873 875 1.0
898 898 1.0
901 901 1.0
903 904 1.0
906 910 1.0
912 928 1.0
964 964 1.0
966 997 1.0
1002 1003 1.0
1026 1026 1.0
1036 1038 1.0
1049 1050 1.0
1055 1058 1.0
1060 1061 1.0
1066 1068 1.0
1071 1073 1.0
1076 1102 1.0
1104 1104 1.0
1106 1109 1.0
1141 1141 1.0
1143 1169 1.0
1171 1174 1.0
1206 1209 1.0
1212 1214 1.0
1219 1224 1.0
1226 1226 1.0
1228 1263 1.0
1302 1334 1.0
1336 1336 1.0
1367 1389 1.0
1391 1393 1.0
1395 1396 1.0
1398 1399 1.0
1404 1404 1.0
1438 1438 1.0
1443 1464 1.0
1467 1473 1.0
1487 1488 1.0
1491 1492 1.0
1495 1495 1.0
1501 1501 1.0
1503 1503 1.0
1508 1537 1.0
1542 1544 1.0
1579 1579 1.0
1582 1617 1.0
1629 1636 1.0
1639 1640 1.0
1654 1664 1.0
1675 1676 1.0
1681 1687 1.0
1702 1710 1.0
1714 1716 1.0
1721 1738 1.0
1748 1751 1.0
1754 1767 1.0
1779 1785 1.0
1816 1817 1.0
1820 1820 1.0
1824 1825 1.0
1827 1853 1.0
1899 1899 1.0
1901 1901 1.0
1903 1903 1.0
1905 1919 1.0
1922 1935 1.0
1941 1950 1.0
1952 1961 1.0
1970 1981 1.0
1989 1992 1.0
2033 2072 1.0
2074 2074 1.0
2076 2077 1.0
2079 2079 1.0
2084 2086 1.0
2119 2119 1.0
3448 3448 1.0
