89 93 1.0
117 120 1.0
122 154 1.0
191 228 1.0
272 295 1.0
297 309 1.0
321 321 1.0
331 331 1.0
336 336 1.0
344 344 1.0
365 377 1.0
385 401 1.0
414 414 1.0
419 420 1.0
451 456 1.0
458 475 1.0
477 489 1.0
491 492 1.0
509 509 1.0
513 521 1.0
562 598 1.0
636 645 1.0
663 664 1.0
666 668 1.0
676 676 1.0
678 712 1.0
728 728 1.0
730 731 1.0
765 765 1.0
771 771 1.0
773 773 1.0
775 802 1.0
804 804 1.0
839 858 1.0
862 866 1.0
868 868 1.0
872 872 1.0
885 885 1.0
900 900 1.0
907 922 1.0
924 925 1.0
929 933 1.0
935 935 1.0
937 937 1.0
940 944 1.0
946 946 1.0
997 1035 1.0
1064 1066 1.0
1069 1069 1.0
1077 1077 1.0
1109 1114 1.0
1116 1141 1.0
1153 1153 1.0
1156 1156 1.0
1159 1160 1.0
1171 1171 1.0
1173 1185 1.0
1223 1239 1.0
1247 1247 1.0
1253 1260 1.0
1277 1301 1.0
1319 1319 1.0
1323 1323 1.0
1334 1335 1.0
1337 1355 1.0
1387 1399 1.0
1402 1402 1.0
1410 1410 1.0
1432 1433 1.0
1435 1466 1.0
1506 1534 1.0
1538 1539 1.0
1541 1541 1.0
1552 1552 1.0
1554 1554 1.0
1563 1589 1.0
1596 1598 1.0
1600 1600 1.0
1615 1615 1.0
1620 1620 1.0
1632 1632 1.0
1655 1657 1.0
1659 1659 1.0
1661 1669 1.0
1671 1692 1.0
1735 1760 1.0
1762 1762 1.0
1781 1781 1.0
1784 1785 1.0
1790 1809 1.0
1824 1825 1.0
1836 1861 1.0
1863 1867 1.0
1904 1914 1.0
1932 1932 1.0
1934 1939 1.0
1951 1969 1.0
1988 1988 1.0
1990 2002 1.0
2009 2024 1.0
2031 2037 1.0
2041 2051 1.0
2053 2056 1.0
2089 2124 1.0
2161 2173 1.0
2182 2182 1.0
2188 2190 1.0
2205 2226 1.0
2228 2230 1.0
2267 2268 1.0
2270 2287 1.0
2292 2292 1.0
2307 2307 1.0
2311 2311 1.0
2313 2313 1.0
2316 2317 1.0
2319 2321 1.0
2324 2333 1.0
2337 2337 1.0
2360 2361 1.0
2367 2367 1.0
2369 2393 1.0
2395 2395 1.0
2400 2404 1.0
2406 2406 1.0
2421 2427 1.0
2448 2454 1.0
2456 2456 1.0
2466 2485 1.0
2523 2550 1.0
2552 2554 1.0
2566 2587 1.0
2626 2652 1.0
3795 3795 1.0
