207 207 1.0
211 258 1.0
260 265 1.0
267 271 1.0
274 274 1.0
276 277 1.0
282 282 1.0
284 284 1.0
287 290 1.0
300 301 1.0
303 303 1.0
362 362 1.0
364 365 1.0
367 367 1.0
369 370 1.0
372 378 1.0
380 426 1.0
428 430 1.0
432 432 1.0
434 435 1.0
469 469 1.0
542 542 1.0
544 547 1.0
549 617 1.0
684 696 1.0
698 737 1.0
740 740 1.0
744 744 1.0
754 754 1.0
776 776 1.0
831 832 1.0
834 834 1.0
836 836 1.0
838 838 1.0
840 842 1.0
844 852 1.0
854 854 1.0
856 900 1.0
903 903 1.0
908 908 1.0
914 914 1.0
922 922 1.0
932 932 1.0
946 949 1.0
951 951 1.0
953 953 1.0
955 956 1.0
960 962 1.0
964 968 1.0
1004 1004 1.0
1012 1013 1.0
1015 1017 1.0
1050 1087 1.0
1089 1089 1.0
1103 1104 1.0
1114 1114 1.0
1118 1118 1.0
1132 1132 1.0
1176 1176 1.0
1185 1185 1.0
1187 1189 1.0
1195 1196 1.0
1199 1199 1.0
1201 1210 1.0
1212 1217 1.0
1219 1223 1.0
1226 1226 1.0
1228 1254 1.0
1256 1265 1.0
1297 1297 1.0
1345 1361 1.0
1363 1381 1.0
1383 1395 1.0
1397 1444 1.0
1447 1447 1.0
1449 1450 1.0
1461 1461 1.0
1465 1465 1.0
1475 1475 1.0
1530 1530 1.0
1538 1538 1.0
1545 1545 1.0
1549 1550 1.0
1564 1564 1.0
1576 1576 1.0
1578 1578 1.0
1581 1581 1.0
1585 1585 1.0
1587 1587 1.0
1590 1592 1.0
1594 1594 1.0
1661 1663 1.0
1667 1741 1.0
1743 1743 1.0
1745 1745 1.0
1844 1844 1.0
1848 1848 1.0
1855 1856 1.0
1861 1876 1.0
1878 1878 1.0
1886 1886 1.0
1897 1897 1.0
1902 1902 1.0
1906 1906 1.0
1926 1926 1.0
1928 1940 1.0
1952 2004 1.0
2022 2022 1.0
2028 2028 1.0
2060 2060 1.0
2914 2914 1.0
8056 8056 1.0
8060 8060 1.0
