191 191 1.0
195 283 1.0
285 285 1.0
378 378 1.0
382 387 1.0
389 393 1.0
396 397 1.0
404 404 1.0
406 406 1.0
408 408 1.0
428 428 1.0
454 454 1.0
456 456 1.0
473 473 1.0
514 514 1.0
516 516 1.0
523 523 1.0
534 534 1.0
536 537 1.0
540 540 1.0
543 544 1.0
547 547 1.0
553 553 1.0
555 563 1.0
565 565 1.0
567 567 1.0
570 574 1.0
576 579 1.0
581 581 1.0
583 584 1.0
586 587 1.0
589 590 1.0
592 592 1.0
598 598 1.0
624 624 1.0
628 629 1.0
661 661 1.0
673 673 1.0
679 679 1.0
686 686 1.0
688 688 1.0
694 694 1.0
696 696 1.0
717 717 1.0
719 719 1.0
721 721 1.0
723 723 1.0
726 726 1.0
733 733 1.0
762 763 1.0
766 766 1.0
795 795 1.0
860 860 1.0
876 876 1.0
908 908 1.0
911 912 1.0
920 920 1.0
928 928 1.0
934 934 1.0
940 940 1.0
942 942 1.0
950 950 1.0
960 960 1.0
971 972 1.0
974 974 1.0
976 976 1.0
978 978 1.0
988 988 1.0
1024 1024 1.0
1035 1035 1.0
1043 1043 1.0
1061 1061 1.0
1072 1072 1.0
1108 1108 1.0
1112 1112 1.0
1123 1123 1.0
1157 1157 1.0
1159 1161 1.0
1167 1168 1.0
1174 1177 1.0
1183 1183 1.0
1186 1186 1.0
1189 1189 1.0
1197 1197 1.0
1199 1199 1.0
1205 1206 1.0
1210 1210 1.0
1218 1218 1.0
1225 1225 1.0
1267 1267 1.0
1269 1269 1.0
1271 1271 1.0
1314 1314 1.0
1316 1316 1.0
1318 1337 1.0
1339 1339 1.0
1341 1341 1.0
1345 1345 1.0
1355 1355 1.0
1368 1390 1.0
1442 1442 1.0
1444 1444 1.0
1468 1468 1.0
1470 1470 1.0
1472 1472 1.0
1474 1476 1.0
1482 1482 1.0
1502 1502 1.0
1517 1517 1.0
1525 1525 1.0
1527 1527 1.0
1531 1531 1.0
1583 1583 1.0
1595 1595 1.0
1608 1608 1.0
1616 1616 1.0
1632 1632 1.0
1639 1639 1.0
1643 1643 1.0
1649 1649 1.0
1697 1697 1.0
1704 1704 1.0
1708 1708 1.0
1720 1720 1.0
1723 1723 1.0
1730 1730 1.0
1732 1732 1.0
1734 1734 1.0
1738 1738 1.0
1747 1751 1.0
1755 1755 1.0
1819 1819 1.0
1832 1832 1.0
1835 1873 1.0
1875 1882 1.0
1884 1889 1.0
1891 1892 1.0
1895 1895 1.0
1897 1897 1.0
1899 1899 1.0
1903 1903 1.0
1906 1906 1.0
1912 1913 1.0
1917 1924 1.0
1926 1926 1.0
1929 1929 1.0
1933 1933 1.0
1936 1936 1.0
1969 1969 1.0
1987 1989 1.0
2028 2028 1.0
2031 2033 1.0
2035 2040 1.0
2042 2046 1.0
2051 2051 1.0
2053 2054 1.0
2056 2056 1.0
2064 2064 1.0
2069 2069 1.0
2071 2071 1.0
2073 2074 1.0
2076 2076 1.0
2078 2080 1.0
2085 2085 1.0
2087 2088 1.0
2095 2095 1.0
2098 2101 1.0
2113 2113 1.0
2120 2120 1.0
2127 2127 1.0
2138 2138 1.0
2144 2144 1.0
2161 2161 1.0
2168 2168 1.0
2172 2172 1.0
2194 2194 1.0
2198 2198 1.0
2209 2211 1.0
2213 2213 1.0
2215 2215 1.0
2219 2219 1.0
2223 2224 1.0
2230 2230 1.0
2235 2235 1.0
2242 2242 1.0
2245 2245 1.0
2260 2260 1.0
2264 2264 1.0
2276 2276 1.0
2279 2279 1.0
2284 2284 1.0
2300 2300 1.0
2304 2305 1.0
2318 2318 1.0
2327 2327 1.0
2336 2336 1.0
2389 2389 1.0
2391 2391 1.0
2395 2395 1.0
2398 2398 1.0
2400 2401 1.0
2405 2405 1.0
2407 2407 1.0
2414 2414 1.0
2419 2419 1.0
2471 2471 1.0
2488 2488 1.0
2506 2507 1.0
2511 2511 1.0
2514 2514 1.0
2518 2522 1.0
2524 2529 1.0
2531 2532 1.0
2534 2536 1.0
2538 2539 1.0
2546 2547 1.0
2549 2549 1.0
2553 2553 1.0
2559 2559 1.0
2578 2578 1.0
2612 2612 1.0
2620 2620 1.0
2668 2668 1.0
2723 2723 1.0
2733 2733 1.0
2737 2738 1.0
2753 2753 1.0
2755 2755 1.0
2759 2759 1.0
2763 2763 1.0
2767 2767 1.0
2772 2772 1.0
2782 2782 1.0
2799 2799 1.0
2836 2836 1.0
2865 2866 1.0
2872 2872 1.0
2876 2876 1.0
2880 2880 1.0
2883 2884 1.0
2891 2891 1.0
2894 2894 1.0
2896 2896 1.0
2928 2928 1.0
2947 2947 1.0
2952 2952 1.0
2958 2958 1.0
2968 2968 1.0
2993 2993 1.0
3004 3004 1.0
3008 3008 1.0
3035 3035 1.0
3041 3041 1.0
3055 3055 1.0
3057 3057 1.0
3059 3059 1.0
3062 3062 1.0
3078 3078 1.0
3088 3088 1.0
3092 3092 1.0
3096 3096 1.0
3130 3130 1.0
3139 3139 1.0
3149 3149 1.0
3178 3178 1.0
3182 3182 1.0
3214 3214 1.0
3221 3221 1.0
3226 3226 1.0
3233 3233 1.0
3235 3236 1.0
3243 3243 1.0
3313 3313 1.0
3321 3321 1.0
3327 3327 1.0
3345 3374 1.0
3381 3381 1.0
3388 3389 1.0
3391 3391 1.0
3393 3393 1.0
3404 3404 1.0
3410 3410 1.0
3413 3413 1.0
3417 3417 1.0
3425 3425 1.0
3430 3431 1.0
3479 3479 1.0
3502 3503 1.0
3519 3519 1.0
3525 3525 1.0
3535 3535 1.0
3545 3545 1.0
3549 3549 1.0
3551 3551 1.0
3553 3553 1.0
3555 3555 1.0
3559 3559 1.0
3573 3573 1.0
3580 3580 1.0
3588 3588 1.0
3616 3616 1.0
3638 3638 1.0
3646 3646 1.0
3656 3656 1.0
3658 3658 1.0
3662 3662 1.0
3670 3670 1.0
3672 3672 1.0
3674 3674 1.0
3676 3676 1.0
3680 3680 1.0
3684 3687 1.0
3691 3691 1.0
3709 3709 1.0
3736 3736 1.0
3824 3824 1.0
3828 3828 1.0
3833 3834 1.0
3836 3836 1.0
3838 3838 1.0
3840 3840 1.0
3842 3842 1.0
3847 3847 1.0
3849 3849 1.0
3862 3862 1.0
3871 3871 1.0
3882 3882 1.0
3884 3885 1.0
3890 3890 1.0
3899 3899 1.0
3946 3946 1.0
3954 3954 1.0
3972 3972 1.0
3979 3979 1.0
3988 3988 1.0
3999 3999 1.0
4068 4068 1.0
4070 4070 1.0
4074 4074 1.0
4082 4082 1.0
4087 4087 1.0
4106 4106 1.0
4108 4108 1.0
4116 4117 1.0
4120 4120 1.0
4158 4158 1.0
4175 4175 1.0
4178 4178 1.0
4184 4184 1.0
4211 4211 1.0
4213 4213 1.0
4287 4288 1.0
4301 4302 1.0
4304 4304 1.0
4306 4312 1.0
4314 4327 1.0
4329 4329 1.0
4331 4336 1.0
4354 4354 1.0
4376 4376 1.0
4384 4384 1.0
4392 4392 1.0
4432 4432 1.0
4444 4444 1.0
4458 4458 1.0
4460 4460 1.0
4480 4480 1.0
4483 4484 1.0
4489 4489 1.0
4491 4499 1.0
4501 4501 1.0
4503 4505 1.0
4508 4509 1.0
4513 4513 1.0
4518 4519 1.0
4521 4521 1.0
4533 4533 1.0
4540 4540 1.0
4544 4544 1.0
4547 4547 1.0
4553 4553 1.0
4557 4557 1.0
4601 4601 1.0
4625 4625 1.0
4629 4629 1.0
4637 4637 1.0
4642 4642 1.0
4647 4679 1.0
4681 4688 1.0
4691 4691 1.0
4696 4696 1.0
4698 4698 1.0
