170 170 1.0
176 176 1.0
180 180 1.0
184 184 1.0
186 186 1.0
188 188 1.0
190 192 1.0
195 196 1.0
200 200 1.0
202 202 1.0
204 204 1.0
206 206 1.0
208 209 1.0
212 214 1.0
222 222 1.0
224 225 1.0
230 230 1.0
234 234 1.0
236 236 1.0
238 238 1.0
240 240 1.0
242 242 1.0
244 244 1.0
246 246 1.0
248 248 1.0
252 252 1.0
254 254 1.0
257 257 1.0
264 264 1.0
276 276 1.0
290 290 1.0
311 311 1.0
354 354 1.0
407 407 1.0
409 409 1.0
417 417 1.0
422 422 1.0
434 434 1.0
436 436 1.0
439 439 1.0
445 445 1.0
455 456 1.0
460 461 1.0
463 479 1.0
481 483 1.0
490 490 1.0
493 493 1.0
495 495 1.0
499 499 1.0
523 523 1.0
530 530 1.0
585 585 1.0
587 587 1.0
592 593 1.0
595 601 1.0
603 604 1.0
606 608 1.0
610 610 1.0
612 633 1.0
635 691 1.0
693 694 1.0
713 713 1.0
799 884 1.0
886 888 1.0
968 968 1.0
970 970 1.0
984 984 1.0
986 986 1.0
995 995 1.0
997 1000 1.0
1002 1057 1.0
1059 1059 1.0
1134 1134 1.0
1136 1140 1.0
1142 1143 1.0
1145 1162 1.0
1164 1164 1.0
1166 1177 1.0
1179 1185 1.0
1188 1192 1.0
1208 1208 1.0
1210 1210 1.0
1214 1214 1.0
1223 1223 1.0
1238 1238 1.0
1242 1242 1.0
1244 1244 1.0
1248 1248 1.0
1254 1254 1.0
1257 1259 1.0
1261 1262 1.0
1266 1266 1.0
1273 1274 1.0
1276 1280 1.0
1284 1284 1.0
1288 1288 1.0
1290 1290 1.0
1294 1301 1.0
1303 1320 1.0
1322 1322 1.0
1324 1332 1.0
1334 1335 1.0
1339 1339 1.0
1342 1344 1.0
1348 1350 1.0
1365 1365 1.0
1371 1371 1.0
1397 1397 1.0
1419 1419 1.0
1425 1425 1.0
1435 1435 1.0
1437 1438 1.0
1441 1441 1.0
1443 1443 1.0
1445 1445 1.0
1447 1449 1.0
1461 1461 1.0
1463 1463 1.0
1467 1469 1.0
1472 1472 1.0
1475 1475 1.0
1477 1477 1.0
1502 1502 1.0
1510 1510 1.0
1532 1532 1.0
1559 1559 1.0
1562 1562 1.0
1575 1575 1.0
1579 1579 1.0
1582 1582 1.0
1585 1588 1.0
1591 1591 1.0
1593 1604 1.0
1607 1607 1.0
1610 1613 1.0
1615 1620 1.0
1622 1625 1.0
1627 1627 1.0
1629 1630 1.0
1635 1637 1.0
1639 1639 1.0
1642 1642 1.0
1645 1645 1.0
1647 1647 1.0
1649 1649 1.0
1651 1651 1.0
1653 1653 1.0
1655 1655 1.0
1685 1685 1.0
1687 1687 1.0
1689 1689 1.0
1700 1700 1.0
1710 1710 1.0
1713 1713 1.0
1723 1723 1.0
1738 1738 1.0
1742 1742 1.0
1745 1745 1.0
1748 1748 1.0
1750 1750 1.0
1783 1783 1.0
1791 1791 1.0
1795 1795 1.0
1800 1800 1.0
1803 1804 1.0
1807 1809 1.0
1818 1818 1.0
1820 1820 1.0
1822 1822 1.0
1826 1826 1.0
1828 1828 1.0
1836 1836 1.0
1838 1838 1.0
1840 1840 1.0
1842 1842 1.0
1847 1849 1.0
1854 1854 1.0
1858 1858 1.0
1869 1869 1.0
1890 1890 1.0
1894 1895 1.0
1909 1909 1.0
1922 1922 1.0
1924 1924 1.0
1932 1932 1.0
1939 1939 1.0
1943 1943 1.0
1947 1947 1.0
1951 1951 1.0
1954 1954 1.0
1958 1958 1.0
1960 1960 1.0
1991 1991 1.0
2009 2009 1.0
2040 2040 1.0
2064 2064 1.0
2071 2071 1.0
2073 2073 1.0
2081 2081 1.0
2087 2087 1.0
2089 2110 1.0
2116 2117 1.0
2121 2121 1.0
2124 2124 1.0
2126 2126 1.0
2145 2146 1.0
2149 2150 1.0
2156 2156 1.0
2159 2159 1.0
2163 2163 1.0
2172 2172 1.0
2177 2177 1.0
2181 2181 1.0
2191 2191 1.0
2198 2198 1.0
2201 2201 1.0
2207 2207 1.0
2209 2209 1.0
2211 2211 1.0
2215 2215 1.0
2217 2217 1.0
2221 2221 1.0
2223 2223 1.0
2226 2226 1.0
2239 2239 1.0
2309 2309 1.0
2312 2312 1.0
2329 2329 1.0
2337 2337 1.0
2340 2341 1.0
2344 2368 1.0
2370 2370 1.0
2373 2373 1.0
2375 2376 1.0
2378 2390 1.0
2392 2407 1.0
2409 2409 1.0
2412 2414 1.0
2421 2421 1.0
2450 2451 1.0
2453 2453 1.0
2489 2489 1.0
2552 2552 1.0
2556 2556 1.0
2566 2566 1.0
2570 2570 1.0
2573 2576 1.0
2580 2587 1.0
2589 2593 1.0
2595 2597 1.0
2599 2599 1.0
2601 2612 1.0
2614 2621 1.0
2623 2623 1.0
2625 2627 1.0
2692 2692 1.0
2708 2708 1.0
2712 2716 1.0
2720 2734 1.0
2736 2736 1.0
2738 2750 1.0
2754 2755 1.0
2760 2760 1.0
2816 2816 1.0
2830 2830 1.0
2832 2832 1.0
2836 2838 1.0
2840 2847 1.0
2849 2849 1.0
2851 2857 1.0
2859 2861 1.0
2864 2868 1.0
2871 2871 1.0
2874 2879 1.0
2881 2889 1.0
2893 2894 1.0
2897 2904 1.0
2907 2908 1.0
2910 2910 1.0
2914 2915 1.0
2917 2919 1.0
2921 2921 1.0
2923 2949 1.0
2951 2951 1.0
2960 2960 1.0
2968 2968 1.0
2970 2970 1.0
2972 2979 1.0
2981 2985 1.0
2988 2988 1.0
3074 3076 1.0
3078 3122 1.0
3124 3124 1.0
3126 3126 1.0
3128 3145 1.0
