161 161 1.0
172 173 1.0
175 175 1.0
177 181 1.0
183 216 1.0
218 235 1.0
237 239 1.0
241 241 1.0
243 243 1.0
253 253 1.0
255 255 1.0
258 258 1.0
296 296 1.0
356 359 1.0
362 362 1.0
364 364 1.0
366 366 1.0
368 372 1.0
374 374 1.0
376 440 1.0
443 444 1.0
446 446 1.0
452 452 1.0
511 511 1.0
521 521 1.0
524 524 1.0
526 528 1.0
532 535 1.0
537 544 1.0
546 564 1.0
566 566 1.0
568 572 1.0
574 576 1.0
591 591 1.0
593 593 1.0
615 615 1.0
617 617 1.0
644 644 1.0
646 648 1.0
650 650 1.0
652 653 1.0
657 657 1.0
659 692 1.0
704 704 1.0
706 706 1.0
714 714 1.0
718 718 1.0
720 720 1.0
722 722 1.0
735 735 1.0
737 737 1.0
740 740 1.0
784 784 1.0
786 786 1.0
788 788 1.0
792 792 1.0
794 796 1.0
798 798 1.0
800 800 1.0
802 802 1.0
804 804 1.0
810 810 1.0
812 812 1.0
815 815 1.0
817 818 1.0
820 843 1.0
845 847 1.0
849 853 1.0
857 857 1.0
864 864 1.0
866 866 1.0
868 870 1.0
872 872 1.0
875 876 1.0
878 878 1.0
880 892 1.0
894 895 1.0
899 899 1.0
902 902 1.0
904 905 1.0
907 907 1.0
911 913 1.0
916 916 1.0
919 925 1.0
927 929 1.0
931 941 1.0
944 944 1.0
957 957 1.0
1024 1024 1.0
1029 1029 1.0
1058 1061 1.0
1063 1063 1.0
1065 1071 1.0
1073 1084 1.0
1086 1090 1.0
1092 1093 1.0
1095 1095 1.0
1098 1098 1.0
1101 1101 1.0
1104 1140 1.0
1142 1143 1.0
1147 1147 1.0
1151 1151 1.0
1154 1154 1.0
1156 1156 1.0
1162 1162 1.0
1164 1164 1.0
1170 1170 1.0
1172 1173 1.0
1175 1176 1.0
1178 1179 1.0
1181 1181 1.0
1240 1240 1.0
1250 1250 1.0
1259 1259 1.0
1261 1266 1.0
1268 1268 1.0
1270 1272 1.0
1274 1275 1.0
1277 1295 1.0
1297 1298 1.0
1300 1308 1.0
1310 1312 1.0
1315 1316 1.0
1326 1326 1.0
1335 1335 1.0
1348 1348 1.0
1350 1350 1.0
1352 1353 1.0
1355 1355 1.0
1360 1360 1.0
1364 1364 1.0
1366 1366 1.0
1369 1369 1.0
1375 1375 1.0
1378 1379 1.0
1382 1386 1.0
1388 1389 1.0
1393 1404 1.0
1406 1438 1.0
1440 1444 1.0
1446 1447 1.0
1449 1450 1.0
1452 1453 1.0
1455 1456 1.0
1459 1459 1.0
1468 1468 1.0
1470 1471 1.0
1487 1487 1.0
1542 1542 1.0
1560 1561 1.0
1565 1565 1.0
1567 1570 1.0
1572 1595 1.0
1597 1620 1.0
1622 1627 1.0
1630 1632 1.0
1634 1634 1.0
1642 1643 1.0
1650 1650 1.0
1675 1675 1.0
1702 1702 1.0
1704 1704 1.0
1706 1706 1.0
1708 1708 1.0
1710 1710 1.0
1712 1753 1.0
1755 1772 1.0
1774 1774 1.0
1776 1776 1.0
1779 1779 1.0
1797 1797 1.0
1804 1804 1.0
1810 1812 1.0
1814 1814 1.0
1819 1819 1.0
1827 1827 1.0
1845 1845 1.0
1873 1873 1.0
1885 1885 1.0
1899 1899 1.0
1904 1904 1.0
1911 1911 1.0
1916 1916 1.0
1927 1927 1.0
1929 1929 1.0
1931 1963 1.0
1965 1977 1.0
1979 1982 1.0
1984 1985 1.0
1987 1994 1.0
1996 2004 1.0
2006 2012 1.0
2014 2014 1.0
2017 2017 1.0
2030 2033 1.0
2035 2047 1.0
2049 2050 1.0
2052 2054 1.0
2056 2057 1.0
2059 2066 1.0
2068 2069 1.0
2071 2076 1.0
2078 2078 1.0
2080 2080 1.0
2083 2085 1.0
2099 2099 1.0
2134 2134 1.0
2203 2203 1.0
2218 2219 1.0
2222 2318 1.0
2320 2320 1.0
2322 2323 1.0
2383 2383 1.0
2385 2385 1.0
2388 2392 1.0
2395 2403 1.0
2405 2456 1.0
2483 2483 1.0
2500 2501 1.0
2503 2503 1.0
2507 2507 1.0
2513 2513 1.0
2517 2517 1.0
2522 2522 1.0
2526 2528 1.0
2530 2530 1.0
2532 2532 1.0
2536 2536 1.0
2538 2538 1.0
2540 2544 1.0
2546 2547 1.0
2549 2550 1.0
2552 2552 1.0
2554 2556 1.0
2560 2560 1.0
2564 2564 1.0
2568 2571 1.0
2574 2574 1.0
2576 2576 1.0
2578 2578 1.0
2582 2582 1.0
2590 2590 1.0
2594 2594 1.0
2598 2598 1.0
2600 2600 1.0
2602 2602 1.0
2608 2608 1.0
2613 2613 1.0
2618 2618 1.0
2622 2622 1.0
2624 2624 1.0
2632 2632 1.0
2715 2715 1.0
2718 2718 1.0
2720 2721 1.0
2724 2725 1.0
2727 2727 1.0
2729 2793 1.0
2795 2796 1.0
2799 2799 1.0
2801 2802 1.0
2807 2808 1.0
2811 2811 1.0
2813 2813 1.0
2819 2819 1.0
2825 2825 1.0
2877 2877 1.0
2897 2897 1.0
2899 2901 1.0
2903 2923 1.0
2925 2927 1.0
2929 2931 1.0
2933 2941 1.0
2943 2943 1.0
2945 2949 1.0
2951 2954 1.0
2956 2962 1.0
2964 2964 1.0
2966 2966 1.0
2968 2975 1.0
2977 2980 1.0
2983 2988 1.0
2990 2990 1.0
2993 2993 1.0
2996 2996 1.0
2998 3000 1.0
3002 3007 1.0
3009 3019 1.0
3021 3026 1.0
3028 3030 1.0
3032 3032 1.0
3034 3034 1.0
3036 3038 1.0
3040 3040 1.0
3042 3042 1.0
3046 3046 1.0
3051 3051 1.0
3060 3060 1.0
3071 3071 1.0
3076 3076 1.0
3148 3148 1.0
3151 3154 1.0
3157 3163 1.0
3168 3171 1.0
3173 3174 1.0
3176 3188 1.0
3191 3191 1.0
3193 3193 1.0
3199 3199 1.0
3251 3251 1.0
3269 3269 1.0
3271 3271 1.0
3273 3329 1.0
3331 3347 1.0
3349 3349 1.0
3351 3354 1.0
3359 3359 1.0
3365 3365 1.0
3470 3470 1.0
3473 3474 1.0
3477 3548 1.0
3551 3551 1.0
3553 3553 1.0
3555 3555 1.0
3591 3591 1.0
3593 3593 1.0
3595 3595 1.0
3616 3616 1.0
3629 3629 1.0
3641 3642 1.0
3654 3655 1.0
3658 3658 1.0
3661 3662 1.0
3664 3664 1.0
3667 3667 1.0
3680 3680 1.0
3685 3685 1.0
3704 3704 1.0
3709 3709 1.0
3713 3713 1.0
3738 3738 1.0
3742 3742 1.0
3750 3750 1.0
3752 3758 1.0
3760 3763 1.0
3765 3787 1.0
3789 3816 1.0
3818 3827 1.0
3838 3838 1.0
3907 3907 1.0
3914 3914 1.0
3918 3918 1.0
3920 3920 1.0
3923 3926 1.0
3928 4004 1.0
4006 4008 1.0
4011 4011 1.0
4013 4013 1.0
4021 4021 1.0
4023 4023 1.0
4112 4114 1.0
4117 4117 1.0
4125 4126 1.0
4137 4138 1.0
4143 4147 1.0
4149 4149 1.0
4151 4153 1.0
4156 4156 1.0
4177 4177 1.0
4185 4185 1.0
4189 4189 1.0
4191 4191 1.0
4193 4195 1.0
4197 4197 1.0
4199 4203 1.0
4205 4258 1.0
4262 4262 1.0
4265 4267 1.0
4275 4275 1.0
4277 4277 1.0
4307 4307 1.0
4319 4319 1.0
4321 4321 1.0
4331 4331 1.0
4333 4333 1.0
4337 4340 1.0
4342 4342 1.0
4347 4350 1.0
4352 4353 1.0
4355 4355 1.0
4357 4357 1.0
4360 4360 1.0
4362 4363 1.0
4365 4367 1.0
4371 4372 1.0
4375 4376 1.0
4378 4378 1.0
4380 4380 1.0
4382 4385 1.0
4387 4392 1.0
4394 4394 1.0
4397 4397 1.0
4399 4399 1.0
4401 4401 1.0
4403 4403 1.0
4406 4406 1.0
4409 4409 1.0
4414 4414 1.0
4422 4422 1.0
4424 4424 1.0
4438 4438 1.0
4440 4440 1.0
4448 4448 1.0
4453 4453 1.0
4472 4472 1.0
4500 4500 1.0
4535 4535 1.0
4558 4567 1.0
4570 4577 1.0
4579 4594 1.0
4596 4597 1.0
4599 4608 1.0
4611 4611 1.0
4615 4628 1.0
4630 4636 1.0
4677 4677 1.0
4688 4688 1.0
4692 4692 1.0
4708 4708 1.0
4723 4768 1.0
4770 4805 1.0
4892 4896 1.0
4898 4963 1.0
4965 4966 1.0
4992 4994 1.0
5023 5023 1.0
5027 5027 1.0
5031 5031 1.0
5035 5035 1.0
5037 5037 1.0
5039 5039 1.0
5041 5041 1.0
5043 5043 1.0
5045 5058 1.0
5060 5060 1.0
5062 5063 1.0
5065 5065 1.0
5067 5068 1.0
5086 5087 1.0
5091 5091 1.0
5113 5113 1.0
5121 5121 1.0
5123 5123 1.0
5175 5201 1.0
5203 5253 1.0
5281 5281 1.0
5346 5346 1.0
5353 5353 1.0
5358 5358 1.0
5364 5364 1.0
5366 5366 1.0
5370 5373 1.0
5379 5379 1.0
5382 5384 1.0
5386 5387 1.0
5389 5389 1.0
5405 5405 1.0
5412 5412 1.0
5467 5467 1.0
5472 5510 1.0
5512 5521 1.0
5523 5526 1.0
5533 5533 1.0
5601 5601 1.0
5609 5609 1.0
5625 5684 1.0
5686 5686 1.0
5689 5689 1.0
5693 5694 1.0
5696 5696 1.0
5730 5730 1.0
5745 5745 1.0
5749 5750 1.0
5752 5808 1.0
5810 5813 1.0
5816 5817 1.0
5822 5822 1.0
5856 5856 1.0
5906 5906 1.0
5927 5931 1.0
5933 5934 1.0
5936 5971 1.0
5973 5977 1.0
5979 5983 1.0
5986 5992 1.0
6051 6051 1.0
6057 6057 1.0
6059 6061 1.0
6063 6135 1.0
6137 6137 1.0
6141 6141 1.0
6223 6223 1.0
6225 6231 1.0
6233 6303 1.0
6307 6307 1.0
6309 6309 1.0
6325 6325 1.0
6403 6403 1.0
6405 6444 1.0
6446 6448 1.0
6450 6454 1.0
6456 6456 1.0
6464 6464 1.0
6470 6470 1.0
6472 6483 1.0
6485 6495 1.0
6497 6508 1.0
6510 6516 1.0
6518 6552 1.0
6554 6565 1.0
6575 6575 1.0
6577 6578 1.0
6580 6580 1.0
6586 6589 1.0
6592 6592 1.0
6595 6596 1.0
6679 6679 1.0
6681 6681 1.0
6685 6777 1.0
6884 6910 1.0
6912 6938 1.0
6940 6944 1.0
6946 6958 1.0
6960 6977 1.0
6979 7034 1.0
7036 7041 1.0
7046 7046 1.0
7048 7049 1.0
7057 7057 1.0
7114 7114 1.0
7139 7143 1.0
7145 7145 1.0
7147 7149 1.0
7151 7151 1.0
7153 7157 1.0
7159 7159 1.0
7161 7167 1.0
7169 7169 1.0
7171 7175 1.0
7178 7179 1.0
7183 7183 1.0
7185 7185 1.0
7190 7190 1.0
7192 7192 1.0
7200 7200 1.0
7204 7204 1.0
7207 7207 1.0
7261 7261 1.0
7263 7263 1.0
7267 7333 1.0
7404 7404 1.0
7406 7480 1.0
7482 7482 1.0
7597 7598 1.0
7601 7694 1.0
7701 7701 1.0
7703 7703 1.0
7719 7719 1.0
7722 7722 1.0
7731 7731 1.0
7734 7734 1.0
7738 7738 1.0
7741 7743 1.0
7745 7748 1.0
7750 7751 1.0
7753 7797 1.0
7799 7800 1.0
7802 7804 1.0
7807 7807 1.0
7812 7812 1.0
7903 7976 1.0
7978 7986 1.0
7989 7989 1.0
8056 8056 1.0
8092 8092 1.0
8105 8105 1.0
8107 8107 1.0
8109 8109 1.0
8114 8115 1.0
8118 8123 1.0
8125 8127 1.0
8129 8134 1.0
8137 8170 1.0
8172 8176 1.0
8178 8185 1.0
8195 8195 1.0
8200 8200 1.0
8203 8203 1.0
8207 8207 1.0
8210 8210 1.0
8212 8216 1.0
8218 8223 1.0
8225 8230 1.0
8232 8233 1.0
8236 8239 1.0
8241 8242 1.0
8244 8259 1.0
8261 8278 1.0
8280 8281 1.0
8283 8285 1.0
8392 8392 1.0
8394 8429 1.0
