217 217 1.0
245 245 1.0
248 248 1.0
251 251 1.0
253 253 1.0
257 257 1.0
260 260 1.0
268 268 1.0
273 273 1.0
281 281 1.0
285 285 1.0
289 289 1.0
295 295 1.0
302 302 1.0
311 311 1.0
313 313 1.0
321 321 1.0
415 415 1.0
417 417 1.0
421 422 1.0
424 427 1.0
430 435 1.0
437 437 1.0
440 450 1.0
452 455 1.0
457 486 1.0
488 492 1.0
494 495 1.0
497 539 1.0
646 646 1.0
650 723 1.0
726 728 1.0
735 735 1.0
783 783 1.0
791 791 1.0
803 804 1.0
806 806 1.0
811 813 1.0
815 817 1.0
819 825 1.0
827 828 1.0
830 830 1.0
832 832 1.0
837 837 1.0
844 845 1.0
848 848 1.0
864 864 1.0
867 868 1.0
871 873 1.0
878 878 1.0
881 881 1.0
884 884 1.0
910 910 1.0
912 912 1.0
941 941 1.0
944 944 1.0
965 965 1.0
980 980 1.0
984 984 1.0
994 994 1.0
996 1019 1.0
1022 1022 1.0
1024 1024 1.0
1026 1036 1.0
1038 1040 1.0
1055 1055 1.0
1057 1057 1.0
1100 1100 1.0
1104 1104 1.0
1128 1128 1.0
1154 1154 1.0
1169 1169 1.0
1176 1176 1.0
1198 1198 1.0
1213 1213 1.0
1218 1218 1.0
1235 1235 1.0
1242 1242 1.0
1244 1244 1.0
1246 1246 1.0
1252 1252 1.0
1254 1254 1.0
1256 1256 1.0
1260 1260 1.0
1282 1282 1.0
1288 1288 1.0
1290 1290 1.0
1292 1292 1.0
1307 1307 1.0
1340 1340 1.0
1349 1349 1.0
1353 1368 1.0
1370 1370 1.0
1372 1385 1.0
1387 1401 1.0
1403 1406 1.0
1408 1408 1.0
1410 1410 1.0
1430 1430 1.0
1459 1459 1.0
1465 1465 1.0
1468 1468 1.0
1470 1470 1.0
1472 1474 1.0
1476 1476 1.0
1478 1508 1.0
1510 1522 1.0
1525 1525 1.0
1527 1527 1.0
1529 1529 1.0
1532 1532 1.0
1534 1534 1.0
1554 1554 1.0
1628 1628 1.0
1630 1630 1.0
1632 1632 1.0
1634 1710 1.0
1800 1800 1.0
1802 1803 1.0
1805 1805 1.0
1835 1835 1.0
1837 1837 1.0
1858 1858 1.0
1860 1860 1.0
1908 1909 1.0
1912 1912 1.0
1924 1924 1.0
1928 1928 1.0
1931 1931 1.0
1934 1934 1.0
1942 1943 1.0
1948 1949 1.0
1952 1952 1.0
1954 1954 1.0
1957 1961 1.0
1963 1964 1.0
1966 1967 1.0
1969 1971 1.0
1973 1973 1.0
1975 1975 1.0
1977 1977 1.0
1981 1982 1.0
1990 1990 1.0
2005 2005 1.0
2024 2024 1.0
2051 2051 1.0
2070 2070 1.0
2079 2079 1.0
2082 2083 1.0
2090 2090 1.0
2103 2120 1.0
2122 2126 1.0
2128 2128 1.0
2164 2164 1.0
2167 2167 1.0
2171 2171 1.0
2184 2184 1.0
2218 2218 1.0
2241 2241 1.0
2268 2268 1.0
2284 2284 1.0
2286 2287 1.0
2290 2290 1.0
2294 2294 1.0
2296 2296 1.0
2298 2305 1.0
2307 2307 1.0
2309 2313 1.0
2315 2315 1.0
2317 2318 1.0
2321 2323 1.0
2325 2332 1.0
2334 2345 1.0
2362 2362 1.0
2368 2368 1.0
2370 2370 1.0
2374 2374 1.0
2376 2376 1.0
2396 2396 1.0
2398 2398 1.0
2412 2412 1.0
2425 2425 1.0
2427 2427 1.0
2430 2430 1.0
2432 2432 1.0
2467 2467 1.0
2486 2486 1.0
2505 2505 1.0
2519 2519 1.0
2525 2525 1.0
2553 2553 1.0
2557 2557 1.0
2569 2569 1.0
2574 2575 1.0
2577 2578 1.0
2581 2582 1.0
2589 2589 1.0
2591 2592 1.0
2606 2607 1.0
2611 2611 1.0
2615 2615 1.0
2621 2621 1.0
2625 2625 1.0
2650 2650 1.0
2672 2673 1.0
2676 2676 1.0
2678 2680 1.0
2684 2684 1.0
2688 2688 1.0
2690 2690 1.0
2692 2692 1.0
2695 2696 1.0
2698 2698 1.0
2700 2700 1.0
2702 2703 1.0
2706 2710 1.0
2712 2718 1.0
2720 2722 1.0
2724 2724 1.0
2727 2727 1.0
2734 2734 1.0
2736 2738 1.0
2740 2740 1.0
2768 2768 1.0
2770 2770 1.0
2778 2778 1.0
2790 2790 1.0
2798 2798 1.0
2809 2809 1.0
2812 2812 1.0
2823 2823 1.0
2825 2825 1.0
2827 2827 1.0
2829 2829 1.0
2834 2834 1.0
2839 2839 1.0
2850 2851 1.0
2855 2855 1.0
2863 2863 1.0
2865 2865 1.0
2875 2875 1.0
2881 2881 1.0
2883 2883 1.0
2895 2895 1.0
2900 2900 1.0
2903 2903 1.0
2909 2909 1.0
2911 2911 1.0
2916 2916 1.0
2920 2921 1.0
2923 2925 1.0
2928 2928 1.0
2931 2932 1.0
2935 2935 1.0
2937 2941 1.0
2943 2943 1.0
2945 2953 1.0
2955 2955 1.0
2957 2958 1.0
2961 2961 1.0
2977 2977 1.0
2984 2984 1.0
3012 3012 1.0
3030 3030 1.0
3034 3035 1.0
3038 3038 1.0
3040 3040 1.0
3042 3042 1.0
3046 3046 1.0
3048 3048 1.0
3054 3054 1.0
3068 3068 1.0
3070 3070 1.0
3077 3078 1.0
3080 3081 1.0
3086 3086 1.0
3092 3092 1.0
3097 3097 1.0
3102 3102 1.0
3106 3106 1.0
3108 3108 1.0
3112 3112 1.0
3120 3120 1.0
3152 3152 1.0
3162 3162 1.0
3166 3166 1.0
3169 3169 1.0
3180 3180 1.0
3182 3182 1.0
3184 3184 1.0
3186 3186 1.0
3188 3188 1.0
3196 3196 1.0
3202 3202 1.0
3216 3216 1.0
3218 3218 1.0
3244 3244 1.0
3246 3246 1.0
3249 3249 1.0
3251 3251 1.0
3253 3260 1.0
3262 3277 1.0
3279 3296 1.0
3298 3319 1.0
3321 3322 1.0
3331 3331 1.0
3422 3501 1.0
3503 3503 1.0
3581 3581 1.0
3583 3589 1.0
3591 3601 1.0
3603 3607 1.0
3609 3609 1.0
3611 3611 1.0
3613 3618 1.0
3625 3625 1.0
3659 3659 1.0
3669 3669 1.0
3684 3684 1.0
3725 3725 1.0
3727 3727 1.0
3753 3753 1.0
3755 3755 1.0
3760 3760 1.0
3771 3771 1.0
3778 3778 1.0
3785 3785 1.0
3787 3792 1.0
3794 3796 1.0
3799 3802 1.0
3805 3805 1.0
3807 3807 1.0
3809 3809 1.0
3813 3813 1.0
3815 3819 1.0
3821 3829 1.0
3831 3831 1.0
3833 3833 1.0
3837 3837 1.0
3840 3842 1.0
3846 3847 1.0
3855 3855 1.0
3859 3859 1.0
3865 3865 1.0
3877 3877 1.0
3885 3885 1.0
3891 3891 1.0
3899 3899 1.0
3909 3909 1.0
3927 3927 1.0
3929 3929 1.0
3931 3933 1.0
3937 3937 1.0
3939 3939 1.0
3941 3941 1.0
3943 3943 1.0
3950 3951 1.0
3955 3955 1.0
3958 3958 1.0
3972 3972 1.0
3981 3981 1.0
3983 3985 1.0
3998 3998 1.0
4000 4000 1.0
4005 4005 1.0
4014 4014 1.0
4019 4019 1.0
4021 4021 1.0
4025 4025 1.0
4031 4032 1.0
4039 4039 1.0
4041 4041 1.0
4046 4046 1.0
4048 4050 1.0
4052 4057 1.0
4059 4059 1.0
4061 4061 1.0
4065 4067 1.0
4069 4078 1.0
4080 4083 1.0
4085 4087 1.0
4090 4092 1.0
4095 4096 1.0
4101 4101 1.0
4115 4115 1.0
4122 4123 1.0
4126 4126 1.0
4128 4128 1.0
4130 4130 1.0
4135 4135 1.0
4137 4138 1.0
4141 4143 1.0
4145 4145 1.0
4147 4147 1.0
4151 4151 1.0
4159 4159 1.0
4172 4172 1.0
4184 4184 1.0
4280 4359 1.0
4361 4361 1.0
4437 4437 1.0
4439 4439 1.0
4441 4481 1.0
5059 5059 1.0
