164 164 1.0
169 169 1.0
177 179 1.0
182 182 1.0
184 185 1.0
191 191 1.0
194 195 1.0
197 197 1.0
203 203 1.0
205 205 1.0
209 209 1.0
211 211 1.0
219 219 1.0
229 229 1.0
241 241 1.0
259 259 1.0
261 261 1.0
287 287 1.0
342 342 1.0
360 360 1.0
362 363 1.0
365 365 1.0
367 368 1.0
370 370 1.0
372 374 1.0
376 376 1.0
378 386 1.0
388 388 1.0
390 404 1.0
406 420 1.0
422 436 1.0
448 448 1.0
450 450 1.0
454 454 1.0
540 621 1.0
623 627 1.0
629 629 1.0
637 637 1.0
654 654 1.0
718 718 1.0
738 738 1.0
741 796 1.0
798 819 1.0
821 825 1.0
840 840 1.0
846 846 1.0
895 895 1.0
937 937 1.0
939 939 1.0
947 947 1.0
959 960 1.0
962 969 1.0
972 972 1.0
975 976 1.0
979 979 1.0
981 981 1.0
984 984 1.0
986 987 1.0
993 994 1.0
997 997 1.0
999 999 1.0
1001 1001 1.0
1005 1005 1.0
1008 1008 1.0
1020 1021 1.0
1056 1056 1.0
1068 1068 1.0
1074 1074 1.0
1094 1094 1.0
1098 1098 1.0
1104 1104 1.0
1107 1107 1.0
1109 1111 1.0
1113 1134 1.0
1136 1146 1.0
1148 1152 1.0
1154 1157 1.0
1159 1161 1.0
1163 1166 1.0
1168 1168 1.0
1178 1179 1.0
1181 1181 1.0
1187 1187 1.0
1206 1206 1.0
1251 1251 1.0
1253 1253 1.0
1255 1255 1.0
1257 1257 1.0
1259 1265 1.0
1267 1313 1.0
1315 1315 1.0
1317 1317 1.0
1324 1324 1.0
1331 1331 1.0
1333 1333 1.0
1337 1337 1.0
1395 1395 1.0
1398 1398 1.0
1401 1402 1.0
1404 1409 1.0
1411 1411 1.0
1413 1415 1.0
1417 1466 1.0
1469 1471 1.0
1473 1473 1.0
1475 1475 1.0
1477 1479 1.0
1482 1484 1.0
1486 1487 1.0
1489 1492 1.0
1494 1497 1.0
1499 1511 1.0
1513 1514 1.0
1517 1517 1.0
1600 1600 1.0
1609 1609 1.0
1613 1616 1.0
1619 1635 1.0
1637 1637 1.0
1715 1793 1.0
1804 1804 1.0
1806 1810 1.0
1814 1814 1.0
1817 1848 1.0
1855 1855 1.0
1865 1865 1.0
1867 1867 1.0
1869 1869 1.0
1871 1871 1.0
1873 1873 1.0
1875 1878 1.0
1939 1949 1.0
1951 1951 1.0
1953 1953 1.0
1957 2012 1.0
2028 2028 1.0
2076 2076 1.0
2084 2084 1.0
2086 2086 1.0
2088 2106 1.0
2108 2138 1.0
2140 2140 1.0
2174 2174 1.0
2272 2272 1.0
2274 2361 1.0
2363 2363 1.0
2366 2366 1.0
2469 2469 1.0
2475 2475 1.0
2482 2482 1.0
2485 2486 1.0
2489 2489 1.0
2494 2495 1.0
2497 2497 1.0
2499 2547 1.0
2549 2553 1.0
2555 2557 1.0
2559 2560 1.0
2562 2563 1.0
2565 2565 1.0
2567 2567 1.0
2570 2572 1.0
2577 2577 1.0
2582 2582 1.0
2596 2596 1.0
2633 2633 1.0
2637 2637 1.0
2645 2645 1.0
2647 2647 1.0
2654 2655 1.0
2658 2660 1.0
2662 2711 1.0
2736 2736 1.0
2816 2816 1.0
2820 2826 1.0
2828 2903 1.0
2906 2906 1.0
3006 3006 1.0
3009 3009 1.0
3011 3012 1.0
3015 3015 1.0
3017 3023 1.0
3026 3027 1.0
3029 3087 1.0
3089 3093 1.0
3095 3095 1.0
3099 3100 1.0
3104 3105 1.0
3110 3110 1.0
3113 3114 1.0
3118 3119 1.0
3121 3139 1.0
3141 3152 1.0
3154 3155 1.0
3195 3195 1.0
3243 3243 1.0
3251 3273 1.0
3275 3329 1.0
3331 3339 1.0
3341 3341 1.0
3343 3344 1.0
3347 3348 1.0
3351 3353 1.0
3370 3370 1.0
3374 3374 1.0
3480 3482 1.0
3484 3484 1.0
3487 3487 1.0
3489 3495 1.0
3497 3497 1.0
3499 3499 1.0
3501 3502 1.0
3504 3504 1.0
3506 3507 1.0
3516 3516 1.0
3530 3530 1.0
3532 3535 1.0
3539 3539 1.0
3567 3567 1.0
3573 3573 1.0
3579 3579 1.0
3593 3593 1.0
3599 3599 1.0
3617 3645 1.0
3647 3670 1.0
3673 3677 1.0
3679 3697 1.0
3750 3750 1.0
3781 3781 1.0
3785 3785 1.0
3788 3828 1.0
3830 3838 1.0
3840 3840 1.0
3842 3843 1.0
3850 3850 1.0
3853 3853 1.0
3855 3855 1.0
3865 3865 1.0
3871 3871 1.0
3907 3907 1.0
4002 4002 1.0
4007 4016 1.0
4018 4018 1.0
4023 4075 1.0
4112 4112 1.0
4114 4116 1.0
4118 4118 1.0
4151 4178 1.0
4180 4180 1.0
4182 4183 1.0
4185 4187 1.0
4220 4224 1.0
4226 4226 1.0
4228 4229 1.0
4237 4237 1.0
4239 4239 1.0
4244 4270 1.0
4278 4367 1.0
4449 4449 1.0
4462 4462 1.0
4497 4516 1.0
4518 4518 1.0
4640 4681 1.0
