169 172 1.0
174 179 1.0
181 226 1.0
228 235 1.0
237 239 1.0
241 241 1.0
243 243 1.0
281 281 1.0
299 299 1.0
306 306 1.0
315 315 1.0
319 364 1.0
366 367 1.0
369 369 1.0
384 384 1.0
386 391 1.0
393 397 1.0
449 449 1.0
451 468 1.0
470 472 1.0
474 474 1.0
478 478 1.0
480 520 1.0
524 524 1.0
572 572 1.0
578 578 1.0
580 580 1.0
584 659 1.0
662 662 1.0
739 739 1.0
754 754 1.0
757 757 1.0
759 759 1.0
762 790 1.0
792 817 1.0
819 820 1.0
822 832 1.0
834 837 1.0
839 843 1.0
854 854 1.0
857 878 1.0
892 893 1.0
895 895 1.0
900 900 1.0
904 904 1.0
912 912 1.0
923 942 1.0
944 944 1.0
946 948 1.0
950 964 1.0
966 968 1.0
970 970 1.0
972 972 1.0
981 981 1.0
983 983 1.0
985 990 1.0
993 1003 1.0
1016 1016 1.0
1018 1018 1.0
1020 1020 1.0
1022 1022 1.0
1024 1024 1.0
1026 1026 1.0
1028 1028 1.0
1036 1036 1.0
1038 1042 1.0
1044 1044 1.0
1046 1064 1.0
1070 1071 1.0
1079 1079 1.0
1084 1084 1.0
1145 1146 1.0
1153 1153 1.0
1159 1159 1.0
1161 1162 1.0
1166 1167 1.0
1169 1169 1.0
1171 1177 1.0
1179 1223 1.0
1230 1231 1.0
1233 1233 1.0
1235 1235 1.0
1243 1243 1.0
1247 1247 1.0
1249 1249 1.0
1257 1257 1.0
1282 1283 1.0
1287 1287 1.0
1291 1291 1.0
1295 1295 1.0
1311 1311 1.0
1313 1313 1.0
1315 1391 1.0
1472 1540 1.0
1542 1548 1.0
1550 1550 1.0
1563 1563 1.0
1570 1570 1.0
1672 1672 1.0
1679 1680 1.0
1682 1683 1.0
1685 1685 1.0
1687 1705 1.0
1707 1710 1.0
1715 1715 1.0
1725 1725 1.0
1733 1814 1.0
1900 1902 1.0
1904 1920 1.0
1922 1922 1.0
1930 1930 1.0
1934 1935 1.0
1938 1938 1.0
1942 1942 1.0
1967 1967 1.0
1971 1972 1.0
1976 1976 1.0
1978 1980 1.0
1982 1982 1.0
1984 1985 1.0
1988 1988 1.0
1991 1991 1.0
2002 2002 1.0
2016 2016 1.0
2018 2060 1.0
2062 2062 1.0
2068 2068 1.0
2071 2072 1.0
2074 2126 1.0
2128 2128 1.0
2130 2130 1.0
2132 2132 1.0
2137 2138 1.0
2140 2140 1.0
2142 2142 1.0
2144 2145 1.0
2149 2149 1.0
2152 2152 1.0
2165 2165 1.0
2171 2171 1.0
2175 2190 1.0
2196 2196 1.0
2198 2198 1.0
2202 2202 1.0
2214 2214 1.0
2220 2227 1.0
2230 2232 1.0
2234 2238 1.0
2242 2242 1.0
2247 2247 1.0
2253 2253 1.0
2289 2289 1.0
2335 2335 1.0
2337 2351 1.0
2353 2353 1.0
