173 174 1.0
177 177 1.0
179 179 1.0
181 181 1.0
183 185 1.0
191 191 1.0
194 196 1.0
203 203 1.0
207 208 1.0
211 243 1.0
245 251 1.0
254 255 1.0
257 257 1.0
259 259 1.0
261 261 1.0
265 269 1.0
271 273 1.0
276 289 1.0
293 295 1.0
297 299 1.0
301 301 1.0
303 303 1.0
307 307 1.0
321 321 1.0
323 323 1.0
333 333 1.0
354 354 1.0
392 392 1.0
394 394 1.0
439 439 1.0
452 452 1.0
467 469 1.0
472 472 1.0
476 476 1.0
478 517 1.0
519 521 1.0
523 524 1.0
601 601 1.0
605 611 1.0
613 615 1.0
617 617 1.0
623 623 1.0
627 627 1.0
631 631 1.0
633 667 1.0
669 669 1.0
671 673 1.0
675 675 1.0
677 677 1.0
681 682 1.0
698 699 1.0
701 701 1.0
703 705 1.0
707 708 1.0
729 729 1.0
747 747 1.0
767 767 1.0
783 810 1.0
812 816 1.0
818 818 1.0
820 820 1.0
822 824 1.0
827 845 1.0
847 862 1.0
864 868 1.0
890 890 1.0
978 980 1.0
983 985 1.0
987 987 1.0
989 1057 1.0
1059 1061 1.0
1063 1067 1.0
1072 1072 1.0
1083 1083 1.0
1085 1085 1.0
1087 1089 1.0
1091 1091 1.0
1104 1104 1.0
1107 1161 1.0
1163 1163 1.0
1166 1166 1.0
1260 1338 1.0
1340 1340 1.0
1345 1345 1.0
1422 1422 1.0
1426 1426 1.0
1458 1459 1.0
1462 1464 1.0
1466 1466 1.0
1469 1471 1.0
1474 1474 1.0
1477 1477 1.0
1479 1488 1.0
1491 1496 1.0
1498 1500 1.0
1502 1522 1.0
1524 1528 1.0
1530 1530 1.0
1536 1536 1.0
1549 1549 1.0
1551 1551 1.0
1554 1555 1.0
1557 1558 1.0
1564 1564 1.0
1568 1569 1.0
1571 1571 1.0
1575 1581 1.0
1592 1592 1.0
1608 1608 1.0
1617 1618 1.0
1649 1649 1.0
1669 1669 1.0
1679 1679 1.0
1705 1705 1.0
1721 1725 1.0
1727 1783 1.0
1785 1800 1.0
1805 1805 1.0
1894 1895 1.0
1898 1899 1.0
1901 1946 1.0
1948 1950 1.0
1994 1994 1.0
2015 2015 1.0
2026 2026 1.0
2032 2078 1.0
2081 2082 1.0
2093 2093 1.0
2095 2095 1.0
2099 2099 1.0
2103 2104 1.0
2140 2140 1.0
2145 2145 1.0
2159 2159 1.0
2162 2172 1.0
2174 2174 1.0
2176 2177 1.0
2180 2181 1.0
2184 2187 1.0
2189 2196 1.0
2198 2204 1.0
2209 2210 1.0
2212 2214 1.0
2220 2220 1.0
2223 2223 1.0
2225 2225 1.0
2227 2227 1.0
2229 2229 1.0
2261 2261 1.0
2307 2307 1.0
2317 2318 1.0
2320 2326 1.0
2328 2339 1.0
2341 2372 1.0
2374 2374 1.0
2378 2383 1.0
2385 2385 1.0
2387 2387 1.0
2391 2391 1.0
2399 2399 1.0
2406 2407 1.0
2435 2435 1.0
2447 2447 1.0
2454 2454 1.0
2462 2462 1.0
2466 2472 1.0
2474 2476 1.0
2479 2480 1.0
2483 2484 1.0
2490 2490 1.0
2520 2520 1.0
2528 2528 1.0
2530 2531 1.0
2534 2536 1.0
2538 2538 1.0
2540 2540 1.0
2544 2544 1.0
2556 2556 1.0
2577 2577 1.0
2579 2598 1.0
2600 2606 1.0
2608 2608 1.0
2611 2611 1.0
2616 2616 1.0
2618 2618 1.0
2622 2622 1.0
2627 2627 1.0
2629 2630 1.0
2632 2634 1.0
2636 2637 1.0
2639 2647 1.0
2667 2668 1.0
2674 2674 1.0
2676 2676 1.0
2707 2707 1.0
2709 2709 1.0
2717 2719 1.0
2723 2733 1.0
2735 2739 1.0
2741 2741 1.0
2743 2743 1.0
2752 2752 1.0
2769 2769 1.0
2771 2771 1.0
2774 2774 1.0
2777 2777 1.0
2855 2855 1.0
2857 2935 1.0
2952 2952 1.0
3021 3030 1.0
3032 3034 1.0
3038 3038 1.0
3042 3042 1.0
3050 3050 1.0
3052 3052 1.0
3060 3060 1.0
3062 3103 1.0
3105 3107 1.0
3109 3143 1.0
3145 3146 1.0
3167 3167 1.0
3248 3321 1.0
3323 3326 1.0
3379 3379 1.0
3397 3397 1.0
3401 3401 1.0
3406 3406 1.0
3409 3440 1.0
3442 3443 1.0
3446 3447 1.0
3449 3449 1.0
3455 3455 1.0
3474 3474 1.0
