225 259 1.0
261 262 1.0
432 432 1.0
547 547 1.0
553 553 1.0
555 609 1.0
695 723 1.0
808 870 1.0
929 929 1.0
932 933 1.0
935 937 1.0
939 941 1.0
943 943 1.0
946 977 1.0
1065 1076 1.0
1078 1079 1.0
1089 1091 1.0
1093 1137 1.0
1156 1156 1.0
1158 1176 1.0
1216 1223 1.0
1261 1271 1.0
1278 1278 1.0
1288 1292 1.0
1294 1294 1.0
1299 1313 1.0
1385 1385 1.0
1387 1415 1.0
1495 1527 1.0
1621 1711 1.0
1803 1829 1.0
1831 1831 1.0
1833 1836 1.0
2053 2053 1.0
2109 2109 1.0
2113 2113 1.0
2115 2115 1.0
2121 2121 1.0
2130 2130 1.0
2302 2341 1.0
2422 2422 1.0
2424 2424 1.0
2514 2514 1.0
2516 2516 1.0
2518 2526 1.0
2528 2528 1.0
2531 2531 1.0
2534 2534 1.0
2558 2558 1.0
2560 2561 1.0
2654 2654 1.0
2675 2744 1.0
2838 2839 1.0
2841 2890 1.0
2973 3018 1.0
3109 3198 1.0
3323 3337 1.0
3340 3349 1.0
3351 3376 1.0
3429 3429 1.0
3456 3478 1.0
3591 3591 1.0
3606 3606 1.0
3627 3627 1.0
3636 3720 1.0
3863 3948 1.0
4097 4097 1.0
4099 4103 1.0
4105 4105 1.0
4107 4107 1.0
4116 4116 1.0
4228 4261 1.0
4263 4305 1.0
4340 4344 1.0
4346 4362 1.0
4374 4374 1.0
4376 4405 1.0
4424 4424 1.0
4427 4428 1.0
4430 4430 1.0
4433 4433 1.0
4589 4669 1.0
4674 4674 1.0
4751 4752 1.0
4754 4822 1.0
4987 5058 1.0
5157 5245 1.0
5247 5247 1.0
5338 5338 1.0
5340 5415 1.0
5536 5537 1.0
5540 5618 1.0
5707 5733 1.0
5859 5895 1.0
5897 5913 1.0
5916 5916 1.0
5918 5918 1.0
6065 6065 1.0
6072 6110 1.0
6112 6112 1.0
6221 6221 1.0
6224 6330 1.0
6332 6332 1.0
6429 6489 1.0
6491 6491 1.0
6738 6738 1.0
6740 6740 1.0
6846 6924 1.0
7007 7007 1.0
7040 7085 1.0
7165 7166 1.0
7169 7181 1.0
