166 166 1.0
170 171 1.0
174 176 1.0
178 183 1.0
187 189 1.0
191 191 1.0
193 200 1.0
202 205 1.0
207 213 1.0
217 217 1.0
240 240 1.0
242 242 1.0
246 246 1.0
251 252 1.0
254 254 1.0
256 256 1.0
258 260 1.0
262 269 1.0
271 273 1.0
276 276 1.0
280 282 1.0
288 288 1.0
294 295 1.0
297 299 1.0
301 303 1.0
306 308 1.0
310 315 1.0
317 318 1.0
320 320 1.0
322 322 1.0
324 324 1.0
329 329 1.0
340 340 1.0
354 354 1.0
357 358 1.0
362 367 1.0
369 372 1.0
375 379 1.0
382 385 1.0
388 388 1.0
392 392 1.0
395 395 1.0
398 398 1.0
400 407 1.0
409 418 1.0
420 428 1.0
431 431 1.0
434 435 1.0
439 439 1.0
447 447 1.0
450 450 1.0
452 453 1.0
465 473 1.0
475 476 1.0
487 487 1.0
508 509 1.0
511 511 1.0
515 516 1.0
519 525 1.0
527 530 1.0
533 534 1.0
537 537 1.0
539 539 1.0
556 557 1.0
559 563 1.0
565 565 1.0
567 570 1.0
575 575 1.0
577 577 1.0
585 585 1.0
591 592 1.0
596 596 1.0
600 600 1.0
606 607 1.0
611 611 1.0
614 615 1.0
617 617 1.0
619 625 1.0
627 634 1.0
643 643 1.0
647 647 1.0
650 653 1.0
665 665 1.0
668 668 1.0
673 673 1.0
676 678 1.0
680 680 1.0
1084 1085 1.0
5567 5569 1.0
