185 263 1.0
265 265 1.0
268 268 1.0
270 271 1.0
276 276 1.0
288 288 1.0
300 300 1.0
348 348 1.0
357 357 1.0
418 418 1.0
421 421 1.0
423 483 1.0
485 485 1.0
487 487 1.0
539 539 1.0
541 618 1.0
699 699 1.0
701 702 1.0
704 782 1.0
784 784 1.0
790 790 1.0
820 820 1.0
857 857 1.0
859 860 1.0
862 911 1.0
913 914 1.0
916 916 1.0
918 918 1.0
988 988 1.0
990 990 1.0
992 994 1.0
996 996 1.0
998 1003 1.0
1005 1005 1.0
1007 1042 1.0
1044 1046 1.0
1054 1054 1.0
1056 1056 1.0
1059 1059 1.0
1068 1068 1.0
1070 1070 1.0
1074 1075 1.0
1079 1090 1.0
1092 1092 1.0
1112 1112 1.0
1116 1117 1.0
1119 1138 1.0
1140 1140 1.0
1143 1144 1.0
1151 1152 1.0
1155 1155 1.0
1157 1157 1.0
1162 1163 1.0
1165 1166 1.0
1168 1170 1.0
1603 1603 1.0
1605 1605 1.0
1607 1608 1.0
1610 1610 1.0
