177 177 1.0
186 188 1.0
192 194 1.0
197 198 1.0
200 202 1.0
204 208 1.0
214 215 1.0
217 217 1.0
219 220 1.0
224 224 1.0
227 227 1.0
230 230 1.0
232 232 1.0
252 252 1.0
259 259 1.0
282 282 1.0
307 307 1.0
312 312 1.0
316 316 1.0
326 326 1.0
336 336 1.0
355 355 1.0
377 377 1.0
504 504 1.0
508 508 1.0
511 511 1.0
519 521 1.0
524 532 1.0
534 536 1.0
641 641 1.0
648 651 1.0
653 731 1.0
733 733 1.0
827 900 1.0
987 988 1.0
990 991 1.0
994 995 1.0
998 998 1.0
1002 1002 1.0
1004 1004 1.0
1118 1118 1.0
1125 1125 1.0
1131 1144 1.0
1174 1174 1.0
1194 1194 1.0
1228 1228 1.0
1230 1231 1.0
1233 1233 1.0
1235 1235 1.0
1240 1240 1.0
1252 1252 1.0
1263 1263 1.0
1277 1277 1.0
1313 1313 1.0
1333 1333 1.0
1368 1369 1.0
1441 1441 1.0
1451 1451 1.0
1462 1463 1.0
1473 1473 1.0
1484 1484 1.0
1492 1506 1.0
1709 1709 1.0
1713 1713 1.0
1806 1806 1.0
1812 1814 1.0
1816 1816 1.0
1818 1820 1.0
1822 1822 1.0
1938 1938 1.0
1941 1946 1.0
1948 1977 1.0
1982 1982 1.0
1989 1989 1.0
1993 1993 1.0
2001 2003 1.0
2005 2006 1.0
2012 2013 1.0
2026 2026 1.0
2030 2030 1.0
2039 2039 1.0
2078 2078 1.0
2122 2123 1.0
2126 2126 1.0
2129 2129 1.0
2131 2131 1.0
2133 2137 1.0
2139 2140 1.0
2143 2143 1.0
2145 2146 1.0
2151 2151 1.0
2185 2185 1.0
2396 2396 1.0
2398 2422 1.0
2424 2429 1.0
2437 2446 1.0
2448 2448 1.0
2451 2451 1.0
2865 2865 1.0
2874 2874 1.0
2892 2892 1.0
2902 2923 1.0
2970 2970 1.0
2972 2972 1.0
2976 2977 1.0
3069 3069 1.0
3164 3164 1.0
3166 3183 1.0
3205 3215 1.0
3318 3394 1.0
3569 3631 1.0
3635 3635 1.0
3711 3713 1.0
3717 3717 1.0
3721 3721 1.0
3723 3723 1.0
3725 3732 1.0
3734 3734 1.0
3736 3736 1.0
3740 3740 1.0
3742 3746 1.0
3749 3749 1.0
3752 3752 1.0
3754 3754 1.0
3758 3766 1.0
3768 3768 1.0
3772 3772 1.0
3820 3820 1.0
3830 3830 1.0
3853 3853 1.0
3987 3988 1.0
3999 3999 1.0
4001 4005 1.0
4007 4019 1.0
4021 4053 1.0
4055 4055 1.0
4182 4203 1.0
4283 4297 1.0
4350 4350 1.0
4353 4353 1.0
4393 4394 1.0
4396 4396 1.0
4401 4401 1.0
4442 4442 1.0
4484 4484 1.0
4530 4530 1.0
4626 4626 1.0
4634 4634 1.0
4664 4664 1.0
4689 4689 1.0
4718 4718 1.0
4730 4730 1.0
4735 4735 1.0
4744 4744 1.0
4749 4752 1.0
4754 4754 1.0
4757 4761 1.0
4763 4765 1.0
4777 4777 1.0
4872 4930 1.0
4935 4935 1.0
5009 5062 1.0
5150 5181 1.0
