160 190 1.0
201 201 1.0
206 207 1.0
210 211 1.0
217 217 1.0
240 240 1.0
246 246 1.0
248 249 1.0
274 288 1.0
293 293 1.0
297 307 1.0
309 309 1.0
311 353 1.0
355 355 1.0
462 465 1.0
467 511 1.0
513 518 1.0
520 520 1.0
581 581 1.0
588 588 1.0
591 591 1.0
611 659 1.0
661 663 1.0
665 666 1.0
668 688 1.0
756 757 1.0
759 828 1.0
910 914 1.0
947 988 1.0
994 1030 1.0
1122 1157 1.0
1202 1202 1.0
1223 1223 1.0
1344 1363 1.0
1366 1366 1.0
1372 1373 1.0
1375 1422 1.0
1487 1488 1.0
1490 1490 1.0
1516 1561 1.0
1563 1564 1.0
1568 1568 1.0
1574 1574 1.0
1582 1586 1.0
1588 1588 1.0
1612 1617 1.0
1619 1619 1.0
1622 1622 1.0
1675 1690 1.0
1694 1710 1.0
1730 1748 1.0
1808 1880 1.0
1951 1951 1.0
1954 1994 1.0
1996 2029 1.0
2128 2128 1.0
2130 2130 1.0
2164 2164 1.0
2215 2289 1.0
2370 2371 1.0
2373 2441 1.0
2536 2536 1.0
2538 2539 1.0
2542 2542 1.0
2545 2548 1.0
2550 2550 1.0
2552 2560 1.0
2598 2688 1.0
2779 2801 1.0
