160 245 1.0
247 247 1.0
350 421 1.0
491 552 1.0
591 645 1.0
727 788 1.0
790 791 1.0
794 794 1.0
832 834 1.0
918 962 1.0
964 970 1.0
972 972 1.0
974 998 1.0
1001 1001 1.0
1005 1005 1.0
1007 1013 1.0
1015 1015 1.0
1017 1017 1.0
1019 1019 1.0
1021 1025 1.0
1027 1027 1.0
1029 1029 1.0
1033 1035 1.0
1174 1174 1.0
1178 1183 1.0
1185 1279 1.0
1418 1484 1.0
1512 1512 1.0
1514 1514 1.0
1517 1573 1.0
1575 1575 1.0
1631 1631 1.0
1633 1659 1.0
1740 1819 1.0
1922 1988 1.0
2069 2148 1.0
2299 2370 1.0
2449 2491 1.0
2571 2663 1.0
2808 2881 1.0
3627 3627 1.0
