160 181 1.0
268 325 1.0
512 514 1.0
558 558 1.0
560 560 1.0
562 562 1.0
596 675 1.0
677 677 1.0
681 686 1.0
807 883 1.0
885 885 1.0
958 992 1.0
1077 1106 1.0
1183 1252 1.0
1457 1457 1.0
1459 1464 1.0
1472 1472 1.0
1476 1476 1.0
1478 1478 1.0
1480 1489 1.0
1501 1516 1.0
1635 1677 1.0
1712 1770 1.0
1891 1894 1.0
1913 1997 1.0
2046 2051 1.0
2053 2099 1.0
2298 2319 1.0
2322 2322 1.0
2444 2554 1.0
2747 2837 1.0
2844 2846 1.0
2935 3020 1.0
3168 3247 1.0
3398 3455 1.0
3574 3586 1.0
3708 3723 1.0
3804 3828 1.0
3997 3997 1.0
4240 4310 1.0
4413 4432 1.0
4542 4571 1.0
4911 4972 1.0
5634 5651 1.0
5720 5733 1.0
5833 5911 1.0
6026 6091 1.0
6202 6226 1.0
6236 6236 1.0
6238 6264 1.0
6338 6370 1.0
6640 6675 1.0
6820 6883 1.0
6997 7000 1.0
7020 7058 1.0
7060 7062 1.0
7064 7064 1.0
7287 7319 1.0
7392 7450 1.0
7574 7648 1.0
7774 7794 1.0
7873 7900 1.0
8120 8193 1.0
8270 8346 1.0
8466 8466 1.0
