175 225 1.0
313 313 1.0
316 320 1.0
322 322 1.0
324 471 1.0
558 626 1.0
699 699 1.0
701 770 1.0
854 936 1.0
939 975 1.0
1076 1152 1.0
1230 1298 1.0
1359 1420 1.0
1496 1519 1.0
1565 1572 1.0
1600 1622 1.0
1651 1754 1.0
1773 1801 1.0
1903 1912 1.0
1914 1915 1.0
1930 1930 1.0
1934 2008 1.0
2010 2010 1.0
2088 2131 1.0
2133 2134 1.0
2149 2149 1.0
2152 2163 1.0
2215 2232 1.0
2320 2402 1.0
2404 2406 1.0
2522 2577 1.0
2587 2587 1.0
2593 2594 1.0
2597 2599 1.0
2653 2653 1.0
2655 2672 1.0
2674 2674 1.0
2761 2761 1.0
2764 2793 1.0
2801 2849 1.0
2852 2914 1.0
2918 2918 1.0
2979 3005 1.0
3007 3007 1.0
3009 3009 1.0
3011 3044 1.0
3143 3246 1.0
3335 3414 1.0
3450 3465 1.0
3505 3527 1.0
3546 3576 1.0
3644 3647 1.0
3655 3718 1.0
3778 3834 1.0
3903 4010 1.0
4107 4185 1.0
4263 4327 1.0
4329 4330 1.0
4349 4390 1.0
4514 4515 1.0
4517 4517 1.0
4519 4519 1.0
4525 4532 1.0
4570 4570 1.0
4575 4577 1.0
4579 4579 1.0
4581 4582 1.0
4585 4694 1.0
4696 4696 1.0
4794 4869 1.0
4941 4976 1.0
5054 5054 1.0
5056 5065 1.0
5067 5120 1.0
5143 5153 1.0
5184 5223 1.0
5334 5423 1.0
5461 5479 1.0
5481 5481 1.0
5483 5484 1.0
5486 5489 1.0
5491 5501 1.0
5503 5503 1.0
5505 5505 1.0
5516 5529 1.0
5564 5650 1.0
5737 5812 1.0
5891 5931 1.0
6008 6089 1.0
6146 6146 1.0
6150 6150 1.0
6176 6176 1.0
6178 6185 1.0
6187 6187 1.0
6189 6189 1.0
6270 6293 1.0
6296 6296 1.0
6304 6431 1.0
6522 6616 1.0
