223 223 1.0
225 225 1.0
230 308 1.0
310 310 1.0
313 314 1.0
412 444 1.0
659 693 1.0
707 731 1.0
894 904 1.0
906 906 1.0
1024 1103 1.0
1180 1241 1.0
1325 1325 1.0
1329 1480 1.0
1598 1724 1.0
1815 1817 1.0
1836 1861 1.0
1945 2032 1.0
2140 2180 1.0
2198 2219 1.0
2240 2279 1.0
2282 2289 1.0
2396 2430 1.0
2436 2469 1.0
2552 2604 1.0
2606 2606 1.0
2704 2759 1.0
2851 2861 1.0
2863 2957 1.0
3074 3121 1.0
3193 3225 1.0
3300 3337 1.0
3411 3483 1.0
3705 3748 1.0
3822 3887 1.0
3889 3889 1.0
4013 4099 1.0
4236 4303 1.0
4323 4340 1.0
4342 4347 1.0
4438 4482 1.0
4580 4591 1.0
4632 4690 1.0
4692 4692 1.0
4766 4766 1.0
4770 4840 1.0
4934 5011 1.0
5090 5178 1.0
5229 5229 1.0
5231 5236 1.0
5354 5392 1.0
