227 233 1.0
235 235 1.0
237 237 1.0
386 473 1.0
616 643 1.0
793 874 1.0
1086 1154 1.0
1156 1156 1.0
1180 1182 1.0
1185 1185 1.0
1222 1248 1.0
1326 1385 1.0
1474 1512 1.0
1521 1598 1.0
1672 1690 1.0
1760 1836 1.0
1934 1995 1.0
1997 2013 1.0
2015 2075 1.0
2165 2252 1.0
2363 2442 1.0
2520 2520 1.0
2522 2564 1.0
2566 2569 1.0
2606 2606 1.0
2609 2611 1.0
2654 2663 1.0
2666 2667 1.0
2669 2677 1.0
2780 2797 1.0
2838 2889 1.0
2891 2891 1.0
2982 2982 1.0
2985 3060 1.0
3234 3291 1.0
3377 3401 1.0
3491 3507 1.0
3509 3509 1.0
3622 3704 1.0
3816 3828 1.0
3902 3953 1.0
4033 4049 1.0
4254 4344 1.0
