160 162 1.0
170 170 1.0
172 172 1.0
174 175 1.0
180 180 1.0
182 182 1.0
187 187 1.0
189 201 1.0
264 328 1.0
405 474 1.0
537 537 1.0
539 620 1.0
753 840 1.0
981 1056 1.0
1130 1130 1.0
1133 1134 1.0
1139 1139 1.0
1142 1149 1.0
1151 1151 1.0
1162 1162 1.0
1164 1207 1.0
1342 1430 1.0
1433 1433 1.0
1527 1562 1.0
1565 1565 1.0
1628 1700 1.0
1771 1798 1.0
1800 1800 1.0
1808 1808 1.0
1811 1827 1.0
1829 1829 1.0
1877 1878 1.0
1881 1883 1.0
1886 1886 1.0
1901 1950 1.0
2050 2050 1.0
2052 2099 1.0
2161 2232 1.0
2320 2379 1.0
2381 2381 1.0
2458 2536 1.0
2606 2648 1.0
2728 2757 1.0
2762 2806 1.0
2829 2854 1.0
2883 2886 1.0
2922 2922 1.0
2924 2953 1.0
3033 3091 1.0
3151 3201 1.0
3299 3381 1.0
3528 3528 1.0
3530 3538 1.0
3575 3604 1.0
3607 3609 1.0
3611 3687 1.0
3788 3879 1.0
3981 4057 1.0
4186 4300 1.0
4302 4302 1.0
4313 4313 1.0
4435 4555 1.0
4657 4657 1.0
4659 4789 1.0
4794 4803 1.0
4887 4960 1.0
5001 5003 1.0
5005 5076 1.0
5271 5271 1.0
5273 5363 1.0
5446 5476 1.0
5544 5603 1.0
5684 5684 1.0
5718 5718 1.0
5739 5758 1.0
5764 5812 1.0
5816 5843 1.0
5854 5858 1.0
5860 5860 1.0
5863 5863 1.0
