222 222 1.0
224 248 1.0
323 403 1.0
615 648 1.0
650 650 1.0
730 803 1.0
845 857 1.0
859 859 1.0
878 902 1.0
904 904 1.0
1011 1092 1.0
1177 1180 1.0
1182 1182 1.0
1184 1185 1.0
1187 1187 1.0
1191 1226 1.0
1280 1352 1.0
1436 1519 1.0
1600 1678 1.0
1821 1891 1.0
1977 1978 1.0
1985 1985 1.0
1988 1989 1.0
1991 2027 1.0
2058 2072 1.0
2075 2076 1.0
2082 2084 1.0
2086 2130 1.0
2303 2376 1.0
2495 2574 1.0
2643 2681 1.0
2753 2782 1.0
2806 2872 1.0
2964 3036 1.0
3128 3206 1.0
3381 3403 1.0
3564 3644 1.0
3746 3816 1.0
3858 3878 1.0
3880 3880 1.0
3988 4020 1.0
4035 4035 1.0
4037 4037 1.0
4086 4150 1.0
4152 4152 1.0
4245 4288 1.0
4290 4292 1.0
4294 4302 1.0
4392 4432 1.0
4513 4539 1.0
4616 4677 1.0
4781 4868 1.0
5011 5025 1.0
5072 5096 1.0
5098 5098 1.0
5102 5160 1.0
5259 5329 1.0
5450 5529 1.0
5682 5690 1.0
5788 5788 1.0
5790 5791 1.0
5793 5824 1.0
5826 5827 1.0
5901 5958 1.0
6044 6104 1.0
6184 6199 1.0
6220 6259 1.0
6278 6303 1.0
6448 6538 1.0
6631 6710 1.0
6899 6945 1.0
6953 7011 1.0
7015 7037 1.0
7118 7149 1.0
7235 7249 1.0
7251 7251 1.0
7329 7367 1.0
7465 7466 1.0
7543 7543 1.0
7545 7575 1.0
7658 7726 1.0
7859 7871 1.0
7906 7926 1.0
7961 7979 1.0
8076 8076 1.0
8086 8134 1.0
8246 8319 1.0
8408 8441 1.0
8443 8491 1.0
8599 8599 1.0
8601 8615 1.0
8633 8633 1.0
8635 8649 1.0
8651 8651 1.0
8742 8820 1.0
8915 9007 1.0
9100 9101 1.0
9103 9182 1.0
