160 160 1.0
184 184 1.0
269 366 1.0
453 513 1.0
515 518 1.0
521 521 1.0
529 529 1.0
535 536 1.0
539 611 1.0
702 704 1.0
706 752 1.0
754 754 1.0
805 805 1.0
808 809 1.0
813 813 1.0
823 823 1.0
825 825 1.0
827 827 1.0
829 829 1.0
831 887 1.0
889 889 1.0
894 894 1.0
896 896 1.0
986 1010 1.0
1012 1056 1.0
1078 1094 1.0
1122 1156 1.0
1161 1199 1.0
1285 1317 1.0
1351 1423 1.0
1425 1425 1.0
1428 1429 1.0
1549 1550 1.0
1553 1553 1.0
1555 1555 1.0
1558 1668 1.0
1671 1671 1.0
1676 1676 1.0
1679 1679 1.0
1681 1682 1.0
1684 1684 1.0
1709 1710 1.0
1712 1712 1.0
1718 1724 1.0
1726 1728 1.0
1730 1730 1.0
1733 1733 1.0
1735 1735 1.0
1893 1974 1.0
2054 2116 1.0
2119 2119 1.0
2199 2280 1.0
2384 2399 1.0
2438 2565 1.0
2700 2700 1.0
2704 2709 1.0
2711 2711 1.0
2718 2723 1.0
2733 2733 1.0
2735 2829 1.0
2921 3002 1.0
3012 3014 1.0
3016 3016 1.0
3018 3018 1.0
3028 3028 1.0
3034 3034 1.0
3036 3036 1.0
3038 3038 1.0
3073 3086 1.0
3100 3100 1.0
3220 3306 1.0
3308 3313 1.0
3317 3317 1.0
3456 3533 1.0
3586 3652 1.0
3736 3777 1.0
3794 3814 1.0
3817 3817 1.0
3823 3823 1.0
3828 3828 1.0
3830 3830 1.0
3832 3833 1.0
3835 3848 1.0
3850 3850 1.0
3894 3895 1.0
3897 3899 1.0
3904 3904 1.0
3922 3972 1.0
4057 4134 1.0
4148 4180 1.0
4186 4210 1.0
4286 4342 1.0
