513 543 1.0
605 605 1.0
660 661 1.0
663 663 1.0
665 672 1.0
696 708 1.0
710 710 1.0
823 824 1.0
826 849 1.0
851 851 1.0
853 855 1.0
979 1007 1.0
1009 1010 1.0
1012 1012 1.0
1014 1014 1.0
1142 1142 1.0
1237 1237 1.0
1239 1277 1.0
1279 1279 1.0
1381 1428 1.0
1430 1430 1.0
1467 1477 1.0
1479 1480 1.0
1571 1590 1.0
1592 1593 1.0
1613 1613 1.0
1615 1615 1.0
1617 1617 1.0
1619 1619 1.0
1621 1622 1.0
1627 1627 1.0
1629 1629 1.0
1668 1670 1.0
1673 1682 1.0
1794 1864 1.0
1999 2077 1.0
2087 2087 1.0
2091 2092 1.0
2094 2095 1.0
2187 2246 1.0
2330 2330 1.0
2332 2351 1.0
2353 2357 1.0
2359 2359 1.0
2363 2363 1.0
2680 2705 1.0
2707 2733 1.0
2778 2785 1.0
2820 2823 1.0
2825 2833 1.0
2835 2835 1.0
3240 3317 1.0
3335 3335 1.0
3437 3437 1.0
3439 3455 1.0
3457 3458 1.0
3753 3771 1.0
3855 3855 1.0
3857 3881 1.0
3884 3884 1.0
3994 4017 1.0
4287 4327 1.0
4495 4633 1.0
4757 4757 1.0
4761 4855 1.0
4926 4926 1.0
4929 4929 1.0
4943 4970 1.0
5033 5087 1.0
