162 162 1.0
166 166 1.0
170 173 1.0
176 184 1.0
186 194 1.0
197 198 1.0
200 202 1.0
204 204 1.0
220 220 1.0
289 291 1.0
293 385 1.0
403 403 1.0
505 510 1.0
512 574 1.0
576 656 1.0
743 743 1.0
745 745 1.0
747 749 1.0
751 821 1.0
823 823 1.0
825 825 1.0
829 829 1.0
833 833 1.0
837 837 1.0
847 847 1.0
849 851 1.0
853 865 1.0
869 887 1.0
889 907 1.0
909 912 1.0
914 914 1.0
916 918 1.0
920 928 1.0
930 932 1.0
934 936 1.0
938 938 1.0
940 940 1.0
942 968 1.0
970 972 1.0
974 978 1.0
980 980 1.0
984 984 1.0
992 992 1.0
994 994 1.0
1066 1066 1.0
1070 1070 1.0
1072 1072 1.0
1074 1144 1.0
1146 1146 1.0
1205 1205 1.0
1209 1209 1.0
1211 1213 1.0
1216 1217 1.0
1220 1225 1.0
1231 1231 1.0
1235 1235 1.0
1245 1245 1.0
1261 1261 1.0
1305 1339 1.0
1341 1364 1.0
1372 1372 1.0
1428 1428 1.0
1434 1434 1.0
1436 1501 1.0
1504 1504 1.0
1508 1508 1.0
1510 1510 1.0
1514 1515 1.0
1519 1523 1.0
1525 1526 1.0
1528 1528 1.0
1531 1531 1.0
1535 1540 1.0
1543 1543 1.0
1545 1545 1.0
1547 1547 1.0
1641 1687 1.0
1691 1692 1.0
1695 1699 1.0
1701 1701 1.0
1703 1703 1.0
1707 1707 1.0
1713 1713 1.0
1717 1717 1.0
1728 1729 1.0
1732 1732 1.0
1736 1744 1.0
1746 1789 1.0
1847 1847 1.0
1853 1853 1.0
1855 1910 1.0
1912 1912 1.0
1916 1916 1.0
1918 1918 1.0
1992 1992 1.0
1994 1994 1.0
1998 2044 1.0
2072 2072 1.0
2085 2085 1.0
2097 2097 1.0
2113 2113 1.0
2121 2150 1.0
2152 2153 1.0
2158 2158 1.0
2160 2175 1.0
2228 2228 1.0
2230 2241 1.0
2244 2244 1.0
2246 2246 1.0
2248 2249 1.0
2252 2260 1.0
2264 2264 1.0
2270 2322 1.0
2324 2363 1.0
2367 2373 1.0
2433 2433 1.0
2435 2435 1.0
2443 2443 1.0
2445 2448 1.0
2450 2451 1.0
2453 2471 1.0
2473 2473 1.0
2475 2479 1.0
2520 2592 1.0
2668 2668 1.0
2670 2670 1.0
2672 2728 1.0
2766 2766 1.0
2794 2794 1.0
2797 2828 1.0
2830 2830 1.0
2832 2833 1.0
2905 2905 1.0
2907 2907 1.0
2912 2912 1.0
2914 3017 1.0
3097 3178 1.0
3180 3182 1.0
3184 3184 1.0
3194 3194 1.0
3222 3222 1.0
3224 3224 1.0
3226 3227 1.0
3232 3232 1.0
3238 3238 1.0
3258 3258 1.0
3347 3347 1.0
3350 3350 1.0
3352 3461 1.0
3558 3640 1.0
3642 3642 1.0
3644 3644 1.0
3725 3804 1.0
3833 3833 1.0
3858 3863 1.0
3865 3865 1.0
3871 3871 1.0
3873 3873 1.0
3875 3875 1.0
3877 3882 1.0
3969 3969 1.0
3971 3971 1.0
3977 3977 1.0
3981 4070 1.0
4078 4078 1.0
4112 4112 1.0
4114 4114 1.0
4116 4116 1.0
4120 4120 1.0
4122 4122 1.0
4126 4126 1.0
4132 4132 1.0
4134 4134 1.0
4224 4325 1.0
4327 4329 1.0
4425 4488 1.0
4490 4508 1.0
4510 4510 1.0
4512 4512 1.0
4514 4514 1.0
4516 4516 1.0
4522 4522 1.0
4527 4574 1.0
4666 4666 1.0
4668 4749 1.0
4751 4753 1.0
4755 4755 1.0
4757 4757 1.0
4759 4759 1.0
4762 4762 1.0
4797 4797 1.0
4885 4954 1.0
4956 4956 1.0
4978 4978 1.0
4982 4982 1.0
4984 4984 1.0
4987 4988 1.0
4990 4991 1.0
4994 4994 1.0
4996 4996 1.0
4998 5000 1.0
5002 5014 1.0
5016 5016 1.0
5036 5036 1.0
5080 5080 1.0
5096 5152 1.0
5154 5155 1.0
5162 5162 1.0
5201 5201 1.0
5207 5257 1.0
5259 5259 1.0
5337 5337 1.0
5339 5391 1.0
5393 5393 1.0
5438 5478 1.0
5480 5489 1.0
5492 5492 1.0
5558 5558 1.0
5569 5569 1.0
5571 5647 1.0
5649 5649 1.0
5695 5695 1.0
5704 5707 1.0
5710 5710 1.0
5717 5717 1.0
5802 5802 1.0
5806 5806 1.0
5811 5814 1.0
5816 5820 1.0
5822 5822 1.0
5828 5828 1.0
5855 5855 1.0
5858 5859 1.0
5862 5933 1.0
5940 5940 1.0
5946 5946 1.0
5997 5997 1.0
5999 5999 1.0
6003 6004 1.0
6006 6008 1.0
6010 6029 1.0
6031 6032 1.0
6130 6199 1.0
6201 6201 1.0
6245 6245 1.0
6248 6249 1.0
6251 6323 1.0
6325 6340 1.0
6342 6383 1.0
6385 6385 1.0
6457 6457 1.0
6459 6459 1.0
6461 6532 1.0
6534 6535 1.0
6539 6539 1.0
6541 6543 1.0
6553 6553 1.0
6557 6597 1.0
6599 6599 1.0
6615 6615 1.0
6702 6774 1.0
6778 6778 1.0
6780 6780 1.0
6845 6846 1.0
6848 6856 1.0
6858 6858 1.0
6860 6869 1.0
6871 6891 1.0
6895 6895 1.0
6897 6897 1.0
6945 6945 1.0
6947 6947 1.0
6949 6949 1.0
6953 6955 1.0
6957 6957 1.0
6959 6961 1.0
6963 6963 1.0
6965 6965 1.0
6967 7079 1.0
7081 7082 1.0
7168 7168 1.0
7170 7224 1.0
7226 7284 1.0
7288 7290 1.0
7293 7297 1.0
7392 7468 1.0
7470 7470 1.0
7504 7511 1.0
7513 7518 1.0
7520 7520 1.0
7522 7524 1.0
7528 7528 1.0
7533 7533 1.0
7536 7536 1.0
7548 7548 1.0
7550 7550 1.0
7552 7552 1.0
7554 7560 1.0
7641 7641 1.0
7643 7643 1.0
7645 7696 1.0
7702 7702 1.0
7723 7723 1.0
7725 7739 1.0
7741 7741 1.0
7743 7743 1.0
7745 7745 1.0
7747 7747 1.0
7749 7749 1.0
7751 7751 1.0
7753 7757 1.0
7759 7759 1.0
7761 7761 1.0
7763 7801 1.0
7803 7803 1.0
7805 7809 1.0
7811 7811 1.0
7814 7835 1.0
7837 7837 1.0
7839 7845 1.0
7847 7847 1.0
7851 7853 1.0
7855 7855 1.0
7857 7857 1.0
7859 7859 1.0
7861 7861 1.0
7863 7863 1.0
7865 7865 1.0
7867 7869 1.0
7871 7871 1.0
7873 7907 1.0
7909 7909 1.0
7911 7912 1.0
7914 7915 1.0
7917 7917 1.0
8020 8095 1.0
8171 8239 1.0
8241 8241 1.0
8309 8309 1.0
8319 8319 1.0
8321 8357 1.0
8359 8375 1.0
8377 8377 1.0
8379 8381 1.0
8383 8385 1.0
8387 8387 1.0
8390 8390 1.0
8392 8397 1.0
8434 8434 1.0
8446 8446 1.0
8448 8458 1.0
8460 8468 1.0
