234 240 1.0
242 242 1.0
245 246 1.0
252 252 1.0
254 304 1.0
319 354 1.0
357 357 1.0
363 365 1.0
368 368 1.0
377 377 1.0
379 381 1.0
383 402 1.0
481 549 1.0
594 662 1.0
768 768 1.0
774 775 1.0
778 779 1.0
790 790 1.0
808 808 1.0
810 841 1.0
859 859 1.0
861 893 1.0
906 906 1.0
908 951 1.0
967 995 1.0
1094 1172 1.0
1174 1179 1.0
1264 1330 1.0
1332 1332 1.0
1342 1342 1.0
1366 1390 1.0
1392 1392 1.0
1394 1396 1.0
1398 1427 1.0
1431 1431 1.0
1434 1434 1.0
1437 1437 1.0
1439 1439 1.0
1442 1442 1.0
1464 1465 1.0
1467 1481 1.0
1484 1484 1.0
1486 1487 1.0
1489 1489 1.0
1495 1495 1.0
1535 1535 1.0
1558 1586 1.0
1669 1746 1.0
1822 1890 1.0
1894 1894 1.0
1909 1961 1.0
1972 1972 1.0
2035 2035 1.0
2037 2109 1.0
2195 2283 1.0
2396 2492 1.0
2496 2496 1.0
2498 2511 1.0
2591 2659 1.0
2661 2662 1.0
2728 2740 1.0
2742 2743 1.0
2745 2745 1.0
2747 2785 1.0
2787 2787 1.0
2789 2791 1.0
2793 2799 1.0
2801 2801 1.0
2803 2809 1.0
2811 2811 1.0
2813 2829 1.0
2913 2930 1.0
2932 2933 1.0
2935 2935 1.0
2941 2974 1.0
2976 2976 1.0
2982 2982 1.0
2984 2984 1.0
3004 3079 1.0
3170 3252 1.0
3297 3297 1.0
3302 3302 1.0
3329 3329 1.0
3331 3331 1.0
3333 3373 1.0
3391 3391 1.0
3395 3395 1.0
3479 3481 1.0
3483 3534 1.0
3567 3567 1.0
3599 3599 1.0
3603 3603 1.0
3606 3659 1.0
3661 3662 1.0
3664 3667 1.0
3727 3776 1.0
3784 3784 1.0
3786 3794 1.0
3923 4005 1.0
4059 4066 1.0
4114 4189 1.0
4275 4353 1.0
4401 4422 1.0
4424 4424 1.0
4426 4451 1.0
4462 4468 1.0
4559 4639 1.0
4641 4641 1.0
4659 4660 1.0
4662 4681 1.0
4683 4684 1.0
4686 4686 1.0
4705 4706 1.0
4708 4708 1.0
4728 4728 1.0
4740 4740 1.0
4835 4914 1.0
5001 5060 1.0
5065 5065 1.0
5067 5067 1.0
5134 5221 1.0
5306 5367 1.0
5395 5395 1.0
5420 5420 1.0
5428 5428 1.0
5430 5468 1.0
5548 5548 1.0
5550 5619 1.0
5698 5749 1.0
5754 5770 1.0
5772 5773 1.0
5776 5776 1.0
5779 5779 1.0
5890 6006 1.0
6094 6171 1.0
6247 6285 1.0
6307 6307 1.0
6313 6313 1.0
6315 6317 1.0
6319 6388 1.0
6474 6528 1.0
6530 6530 1.0
6532 6545 1.0
6552 6552 1.0
6556 6556 1.0
6608 6608 1.0
6610 6610 1.0
6613 6675 1.0
6756 6786 1.0
6788 6821 1.0
6827 6827 1.0
6833 6833 1.0
6867 6867 1.0
6869 6869 1.0
6871 6871 1.0
6875 6879 1.0
6881 6881 1.0
6885 6885 1.0
6887 6887 1.0
6897 6945 1.0
6947 6947 1.0
6949 6949 1.0
6951 6951 1.0
6953 6953 1.0
6973 6973 1.0
6975 6975 1.0
6979 6979 1.0
6981 6983 1.0
6985 6987 1.0
7036 7036 1.0
7039 7039 1.0
7045 7045 1.0
7090 7090 1.0
7098 7098 1.0
7100 7100 1.0
7127 7207 1.0
7210 7210 1.0
7290 7358 1.0
7396 7413 1.0
7416 7417 1.0
7419 7419 1.0
7436 7497 1.0
7499 7499 1.0
7581 7663 1.0
7665 7669 1.0
7671 7674 1.0
7680 7680 1.0
