162 162 1.0
164 164 1.0
168 168 1.0
170 170 1.0
172 174 1.0
176 176 1.0
178 178 1.0
180 180 1.0
184 184 1.0
186 192 1.0
194 194 1.0
196 196 1.0
198 201 1.0
204 206 1.0
208 208 1.0
210 210 1.0
212 212 1.0
216 216 1.0
220 220 1.0
222 222 1.0
225 226 1.0
228 228 1.0
230 230 1.0
250 250 1.0
255 255 1.0
258 258 1.0
260 262 1.0
264 264 1.0
272 276 1.0
278 278 1.0
280 282 1.0
284 284 1.0
286 286 1.0
288 288 1.0
290 294 1.0
296 298 1.0
300 304 1.0
306 308 1.0
310 329 1.0
331 337 1.0
339 351 1.0
354 355 1.0
358 360 1.0
362 365 1.0
367 367 1.0
369 369 1.0
372 373 1.0
375 377 1.0
432 432 1.0
436 436 1.0
448 448 1.0
450 450 1.0
453 453 1.0
456 456 1.0
458 458 1.0
460 510 1.0
512 534 1.0
536 536 1.0
538 540 1.0
542 542 1.0
544 544 1.0
546 546 1.0
548 548 1.0
554 554 1.0
562 562 1.0
640 640 1.0
646 646 1.0
650 650 1.0
652 652 1.0
654 667 1.0
669 681 1.0
1773 1773 1.0
