160 168 1.0
228 298 1.0
376 445 1.0
451 451 1.0
494 568 1.0
645 646 1.0
648 694 1.0
696 696 1.0
698 698 1.0
754 754 1.0
759 759 1.0
763 847 1.0
849 849 1.0
931 931 1.0
944 1009 1.0
1011 1017 1.0
1021 1021 1.0
1067 1069 1.0
1071 1145 1.0
1224 1302 1.0
1390 1391 1.0
1393 1463 1.0
1471 1471 1.0
1489 1489 1.0
1493 1493 1.0
1500 1500 1.0
1525 1525 1.0
1527 1547 1.0
1549 1549 1.0
1552 1555 1.0
1560 1560 1.0
1562 1563 1.0
1581 1585 1.0
1587 1588 1.0
1590 1591 1.0
1654 1656 1.0
1658 1726 1.0
1728 1728 1.0
1761 1846 1.0
1848 1851 1.0
1855 1856 1.0
1858 1901 1.0
2001 2130 1.0
2132 2139 1.0
2246 2322 1.0
2374 2383 1.0
2385 2429 1.0
2506 2506 1.0
2509 2570 1.0
10354 10354 1.0
