160 171 1.0
173 173 1.0
177 194 1.0
273 274 1.0
276 278 1.0
282 282 1.0
287 287 1.0
289 291 1.0
294 294 1.0
296 299 1.0
301 336 1.0
433 510 1.0
521 521 1.0
583 623 1.0
640 643 1.0
645 653 1.0
733 810 1.0
923 926 1.0
928 986 1.0
1066 1115 1.0
1193 1244 1.0
1246 1246 1.0
1255 1255 1.0
1259 1259 1.0
1261 1261 1.0
1263 1269 1.0
1300 1318 1.0
1324 1324 1.0
1401 1402 1.0
1404 1409 1.0
1412 1419 1.0
1424 1450 1.0
1454 1454 1.0
1457 1459 1.0
1461 1461 1.0
1463 1463 1.0
1465 1467 1.0
1472 1472 1.0
1474 1474 1.0
1479 1479 1.0
1483 1485 1.0
1487 1497 1.0
1500 1500 1.0
1573 1573 1.0
1575 1665 1.0
1667 1667 1.0
1670 1671 1.0
1807 1809 1.0
1858 1952 1.0
1954 1954 1.0
2020 2020 1.0
2028 2050 1.0
2161 2161 1.0
2170 2172 1.0
2174 2178 1.0
2180 2180 1.0
