176 224 1.0
329 395 1.0
397 398 1.0
487 487 1.0
489 559 1.0
651 663 1.0
666 666 1.0
824 901 1.0
1073 1143 1.0
1226 1252 1.0
1352 1352 1.0
1354 1354 1.0
1356 1412 1.0
1505 1582 1.0
1710 1710 1.0
1712 1769 1.0
1771 1775 1.0
1777 1777 1.0
1851 1851 1.0
1857 1857 1.0
1861 1861 1.0
1882 1882 1.0
1899 1899 1.0
1901 1901 1.0
1903 1925 1.0
1927 1927 1.0
1945 1945 1.0
1947 1960 1.0
1962 1962 1.0
1964 1966 1.0
2079 2138 1.0
2273 2273 1.0
2277 2354 1.0
2472 2555 1.0
2646 2665 1.0
2759 2787 1.0
2795 2795 1.0
2800 2835 1.0
2955 2955 1.0
2965 2967 1.0
3017 3017 1.0
3019 3027 1.0
3029 3033 1.0
3035 3035 1.0
3037 3037 1.0
3039 3040 1.0
3043 3043 1.0
3048 3048 1.0
3181 3182 1.0
3184 3260 1.0
3262 3262 1.0
3264 3293 1.0
3400 3477 1.0
3567 3619 1.0
3621 3621 1.0
3627 3627 1.0
3689 3759 1.0
3877 3956 1.0
3979 4019 1.0
4126 4206 1.0
4208 4208 1.0
4290 4363 1.0
4366 4366 1.0
4496 4567 1.0
4624 4641 1.0
8056 8056 1.0
8060 8060 1.0
