172 172 1.0
185 260 1.0
375 375 1.0
377 409 1.0
411 412 1.0
414 414 1.0
417 417 1.0
420 420 1.0
476 476 1.0
478 495 1.0
576 655 1.0
788 830 1.0
833 833 1.0
836 836 1.0
931 931 1.0
957 958 1.0
1020 1020 1.0
1022 1096 1.0
1098 1098 1.0
1237 1237 1.0
1239 1323 1.0
1445 1445 1.0
1447 1478 1.0
1558 1635 1.0
1645 1650 1.0
1728 1801 1.0
1973 1973 1.0
2009 2079 1.0
2081 2081 1.0
2168 2245 1.0
2342 2343 1.0
2345 2425 1.0
2427 2428 1.0
2430 2434 1.0
2561 2561 1.0
2563 2565 1.0
2567 2640 1.0
2645 2645 1.0
2726 2726 1.0
2728 2804 1.0
2806 2806 1.0
2881 2902 1.0
2986 2986 1.0
2988 3020 1.0
3022 3022 1.0
3120 3137 1.0
4976 4976 1.0
5139 5139 1.0
