218 218 1.0
220 296 1.0
375 413 1.0
485 544 1.0
684 757 1.0
845 855 1.0
933 1010 1.0
1056 1099 1.0
1101 1101 1.0
1214 1217 1.0
1219 1220 1.0
1222 1222 1.0
1224 1292 1.0
1294 1300 1.0
1416 1416 1.0
1419 1419 1.0
1421 1428 1.0
1430 1431 1.0
1433 1433 1.0
1435 1435 1.0
1437 1437 1.0
1439 1446 1.0
1449 1449 1.0
1451 1451 1.0
1455 1457 1.0
1463 1464 1.0
1576 1582 1.0
1584 1647 1.0
1734 1756 1.0
1758 1758 1.0
1760 1761 1.0
1763 1765 1.0
1767 1767 1.0
1782 1782 1.0
1789 1789 1.0
1809 1809 1.0
1900 1901 1.0
1903 1962 1.0
2024 2024 1.0
2036 2036 1.0
2040 2040 1.0
2042 2081 1.0
2084 2084 1.0
2183 2183 1.0
2186 2220 1.0
2300 2377 1.0
2501 2538 1.0
2608 2663 1.0
2754 2830 1.0
2985 2985 1.0
2988 3062 1.0
3140 3140 1.0
3142 3145 1.0
3147 3182 1.0
3191 3191 1.0
3207 3207 1.0
3216 3217 1.0
3224 3229 1.0
3231 3236 1.0
3238 3238 1.0
3241 3241 1.0
3262 3262 1.0
3271 3271 1.0
3273 3273 1.0
3277 3277 1.0
3381 3381 1.0
3383 3463 1.0
3576 3581 1.0
3609 3609 1.0
3611 3654 1.0
3659 3680 1.0
3780 3780 1.0
3782 3858 1.0
3983 4059 1.0
4208 4211 1.0
4213 4264 1.0
4266 4266 1.0
4268 4269 1.0
4370 4370 1.0
4372 4432 1.0
4435 4450 1.0
4594 4655 1.0
4730 4730 1.0
4732 4775 1.0
4817 4885 1.0
5052 5054 1.0
5076 5161 1.0
5266 5296 1.0
5310 5348 1.0
5350 5350 1.0
5450 5530 1.0
5649 5744 1.0
5835 5837 1.0
5867 5892 1.0
5991 5991 1.0
5993 6067 1.0
6128 6181 1.0
6269 6340 1.0
6425 6425 1.0
6427 6507 1.0
6612 6682 1.0
6684 6689 1.0
6691 6691 1.0
6823 6849 1.0
6851 6851 1.0
6854 6854 1.0
6856 6857 1.0
6859 6861 1.0
6864 6867 1.0
6869 6870 1.0
6872 6872 1.0
6876 6876 1.0
6879 6889 1.0
6894 6894 1.0
6929 6929 1.0
6970 6970 1.0
6974 6974 1.0
6978 6978 1.0
6981 6981 1.0
6984 6992 1.0
6994 7007 1.0
7009 7018 1.0
7020 7021 1.0
7131 7207 1.0
7209 7209 1.0
7275 7275 1.0
7277 7277 1.0
