196 251 1.0
361 361 1.0
363 429 1.0
432 432 1.0
642 642 1.0
644 732 1.0
734 734 1.0
901 908 1.0
990 1014 1.0
1415 1416 1.0
1420 1421 1.0
1433 1434 1.0
1438 1439 1.0
1441 1441 1.0
1583 1584 1.0
1586 1618 1.0
1694 1718 1.0
1727 1737 1.0
1829 1829 1.0
1831 1832 1.0
1834 1837 1.0
1917 1989 1.0
2059 2059 1.0
2062 2062 1.0
2066 2095 1.0
2127 2152 1.0
2177 2198 1.0
2377 2420 1.0
2514 2537 1.0
2975 3049 1.0
3194 3197 1.0
3199 3199 1.0
3201 3234 1.0
3236 3236 1.0
3238 3238 1.0
3246 3246 1.0
3368 3436 1.0
3518 3518 1.0
3528 3530 1.0
3648 3726 1.0
3840 3863 1.0
3865 3865 1.0
3867 3867 1.0
3869 3869 1.0
4039 4100 1.0
4102 4103 1.0
4106 4110 1.0
4112 4113 1.0
4449 4516 1.0
4976 4976 1.0
5139 5139 1.0
