168 168 1.0
173 226 1.0
228 228 1.0
355 434 1.0
510 510 1.0
514 514 1.0
516 519 1.0
521 521 1.0
536 539 1.0
580 602 1.0
605 605 1.0
706 752 1.0
771 772 1.0
775 775 1.0
777 777 1.0
814 861 1.0
863 868 1.0
981 1059 1.0
1062 1062 1.0
1246 1324 1.0
1404 1408 1.0
1437 1437 1.0
1439 1450 1.0
1452 1462 1.0
1464 1464 1.0
1566 1566 1.0
1568 1629 1.0
1679 1679 1.0
1682 1684 1.0
1686 1686 1.0
1698 1698 1.0
1702 1709 1.0
1711 1717 1.0
1719 1720 1.0
1787 1835 1.0
1920 1976 1.0
1978 1979 1.0
2077 2077 1.0
2079 2079 1.0
2081 2161 1.0
2241 2255 1.0
2378 2378 1.0
2381 2456 1.0
2459 2459 1.0
2585 2585 1.0
2589 2591 1.0
2593 2593 1.0
2637 2637 1.0
2639 2642 1.0
2645 2645 1.0
4976 4976 1.0
5139 5139 1.0
