212 212 1.0
215 215 1.0
219 219 1.0
311 311 1.0
315 316 1.0
318 320 1.0
322 325 1.0
327 329 1.0
332 332 1.0
334 334 1.0
338 338 1.0
340 340 1.0
342 342 1.0
344 345 1.0
347 377 1.0
381 381 1.0
384 384 1.0
467 467 1.0
469 538 1.0
625 704 1.0
748 749 1.0
751 763 1.0
891 974 1.0
1072 1072 1.0
1079 1079 1.0
1082 1082 1.0
1084 1092 1.0
1122 1122 1.0
1125 1162 1.0
1164 1168 1.0
1170 1171 1.0
1174 1174 1.0
1196 1196 1.0
1289 1290 1.0
1292 1319 1.0
1322 1322 1.0
1382 1455 1.0
1458 1458 1.0
1559 1574 1.0
1577 1577 1.0
1579 1579 1.0
1582 1582 1.0
1584 1640 1.0
1719 1719 1.0
1726 1726 1.0
1735 1735 1.0
1739 1739 1.0
1853 1854 1.0
1857 1857 1.0
1862 1862 1.0
1866 1866 1.0
1868 1868 1.0
1870 1924 1.0
2004 2068 1.0
2070 2071 1.0
2159 2167 1.0
2201 2264 1.0
2266 2266 1.0
2403 2403 1.0
2405 2408 1.0
2410 2410 1.0
2460 2460 1.0
2463 2464 1.0
2466 2469 1.0
2471 2472 1.0
2475 2480 1.0
2482 2485 1.0
2487 2545 1.0
2616 2616 1.0
2620 2620 1.0
2623 2625 1.0
2628 2654 1.0
2767 2770 1.0
2772 2794 1.0
2874 2950 1.0
3022 3037 1.0
3117 3158 1.0
3160 3173 1.0
3175 3175 1.0
3177 3177 1.0
3259 3259 1.0
3261 3261 1.0
3264 3266 1.0
3271 3277 1.0
3279 3280 1.0
3285 3285 1.0
3291 3291 1.0
3301 3301 1.0
3357 3357 1.0
3360 3360 1.0
3386 3420 1.0
3422 3423 1.0
3483 3483 1.0
3485 3485 1.0
3487 3487 1.0
3497 3546 1.0
3638 3716 1.0
3857 3858 1.0
3860 3860 1.0
3883 3962 1.0
4065 4111 1.0
4113 4115 1.0
4118 4119 1.0
4121 4121 1.0
4123 4125 1.0
4127 4127 1.0
4130 4130 1.0
4245 4325 1.0
4481 4481 1.0
4484 4556 1.0
4606 4607 1.0
4645 4656 1.0
4687 4730 1.0
4748 4748 1.0
4880 4881 1.0
4945 4945 1.0
4948 4948 1.0
4950 4951 1.0
4953 4959 1.0
4961 4965 1.0
4990 5027 1.0
5045 5069 1.0
5121 5122 1.0
5179 5179 1.0
