160 161 1.0
177 211 1.0
368 433 1.0
552 582 1.0
584 584 1.0
694 723 1.0
726 726 1.0
803 877 1.0
969 970 1.0
972 972 1.0
974 987 1.0
999 999 1.0
1001 1004 1.0
1008 1008 1.0
1108 1108 1.0
1110 1110 1.0
1112 1120 1.0
1123 1179 1.0
1181 1181 1.0
1352 1433 1.0
1600 1659 1.0
1734 1811 1.0
1861 1863 1.0
1866 1869 1.0
1871 1896 1.0
2037 2136 1.0
2218 2279 1.0
2439 2439 1.0
2441 2515 1.0
2636 2636 1.0
2638 2691 1.0
2833 2833 1.0
2836 2836 1.0
2855 2857 1.0
2859 2886 1.0
2973 3008 1.0
3049 3058 1.0
3060 3060 1.0
3063 3063 1.0
3066 3067 1.0
3069 3127 1.0
3211 3272 1.0
3358 3358 1.0
3361 3407 1.0
3488 3488 1.0
3490 3548 1.0
3550 3550 1.0
3648 3648 1.0
3687 3691 1.0
3776 3776 1.0
3778 3838 1.0
3929 4008 1.0
4092 4092 1.0
4094 4122 1.0
4169 4179 1.0
4313 4385 1.0
4487 4563 1.0
4642 4727 1.0
4868 4912 1.0
4941 4941 1.0
4943 4944 1.0
5002 5010 1.0
5012 5013 1.0
5016 5017 1.0
5019 5019 1.0
5021 5021 1.0
5066 5081 1.0
5093 5093 1.0
5153 5186 1.0
5267 5307 1.0
5391 5461 1.0
5559 5646 1.0
