165 200 1.0
230 247 1.0
253 253 1.0
255 255 1.0
272 289 1.0
393 477 1.0
567 632 1.0
634 635 1.0
703 735 1.0
737 737 1.0
741 741 1.0
743 755 1.0
828 900 1.0
988 995 1.0
997 1068 1.0
1075 1075 1.0
1166 1203 1.0
1283 1362 1.0
1395 1397 1.0
1400 1400 1.0
1402 1403 1.0
1406 1407 1.0
1532 1605 1.0
1609 1609 1.0
1695 1695 1.0
1697 1727 1.0
1752 1752 1.0
1754 1800 1.0
1826 1827 1.0
1917 1997 1.0
2159 2159 1.0
2161 2247 1.0
2275 2275 1.0
2277 2277 1.0
2279 2279 1.0
2281 2302 1.0
2325 2330 1.0
2332 2332 1.0
2444 2541 1.0
2681 2752 1.0
2830 2847 1.0
2849 2915 1.0
2922 2942 1.0
3037 3038 1.0
3041 3141 1.0
3222 3222 1.0
3225 3306 1.0
3308 3308 1.0
3310 3310 1.0
3316 3316 1.0
3318 3318 1.0
3414 3414 1.0
3416 3420 1.0
3482 3482 1.0
3486 3486 1.0
3488 3561 1.0
3646 3692 1.0
3694 3694 1.0
3703 3725 1.0
3733 3734 1.0
3737 3737 1.0
3742 3742 1.0
3747 3751 1.0
3753 3772 1.0
3774 3785 1.0
3892 3939 1.0
3947 3947 1.0
3950 3965 1.0
4019 4034 1.0
4040 4040 1.0
4042 4042 1.0
4044 4075 1.0
4149 4149 1.0
4154 4250 1.0
4252 4252 1.0
4256 4256 1.0
4356 4434 1.0
4442 4468 1.0
4473 4474 1.0
4700 4759 1.0
4761 4771 1.0
4773 4776 1.0
4818 4852 1.0
4936 4951 1.0
4953 4954 1.0
5056 5056 1.0
5058 5073 1.0
5076 5076 1.0
5080 5087 1.0
5089 5089 1.0
5111 5111 1.0
5113 5122 1.0
5201 5272 1.0
5349 5404 1.0
5443 5443 1.0
5447 5450 1.0
5452 5453 1.0
5455 5455 1.0
5457 5457 1.0
5459 5460 1.0
5465 5467 1.0
5469 5503 1.0
5579 5579 1.0
5581 5583 1.0
5587 5588 1.0
5627 5637 1.0
5661 5733 1.0
5813 5813 1.0
5815 5816 1.0
5818 5820 1.0
5822 5822 1.0
5824 5831 1.0
5922 5999 1.0
6028 6035 1.0
6099 6100 1.0
6103 6104 1.0
6110 6110 1.0
6112 6146 1.0
6235 6237 1.0
6239 6239 1.0
6241 6261 1.0
6306 6389 1.0
6477 6548 1.0
6616 6671 1.0
6762 6762 1.0
6764 6792 1.0
6799 6814 1.0
6816 6873 1.0
6894 6894 1.0
6898 6898 1.0
6954 6954 1.0
6956 6956 1.0
7050 7051 1.0
7058 7138 1.0
7243 7315 1.0
7384 7447 1.0
7521 7579 1.0
7655 7735 1.0
7824 7824 1.0
7827 7900 1.0
8012 8100 1.0
8126 8129 1.0
8131 8131 1.0
8292 8383 1.0
8476 8534 1.0
8536 8536 1.0
8579 8579 1.0
8585 8585 1.0
8621 8649 1.0
8671 8743 1.0
8745 8745 1.0
8749 8749 1.0
8875 8964 1.0
9136 9168 1.0
9170 9170 1.0
9178 9199 1.0
9282 9360 1.0
9438 9487 1.0
9508 9511 1.0
9513 9517 1.0
9519 9521 1.0
9523 9523 1.0
9569 9569 1.0
9647 9686 1.0
9750 9825 1.0
9852 9852 1.0
9855 9871 1.0
9873 9876 1.0
9887 9887 1.0
9989 10035 1.0
10101 10169 1.0
10296 10374 1.0
10438 10449 1.0
10489 10508 1.0
10529 10568 1.0
10666 10738 1.0
10890 10890 1.0
10892 10929 1.0
11009 11086 1.0
11170 11245 1.0
11329 11329 1.0
11334 11405 1.0
11417 11417 1.0
11432 11451 1.0
