175 175 1.0
179 180 1.0
183 183 1.0
232 232 1.0
235 235 1.0
237 241 1.0
243 243 1.0
248 251 1.0
253 253 1.0
255 257 1.0
261 261 1.0
263 339 1.0
341 343 1.0
345 345 1.0
436 518 1.0
520 520 1.0
614 614 1.0
618 618 1.0
621 621 1.0
623 706 1.0
708 722 1.0
724 725 1.0
732 733 1.0
738 738 1.0
742 742 1.0
747 747 1.0
756 756 1.0
827 827 1.0
837 837 1.0
847 847 1.0
850 914 1.0
917 919 1.0
921 922 1.0
972 972 1.0
986 986 1.0
989 990 1.0
992 1068 1.0
1070 1072 1.0
1074 1074 1.0
1076 1076 1.0
1078 1078 1.0
1169 1169 1.0
1263 1263 1.0
1265 1265 1.0
1269 1271 1.0
1273 1279 1.0
1281 1291 1.0
1293 1355 1.0
1357 1364 1.0
1367 1367 1.0
1370 1372 1.0
1374 1374 1.0
1376 1376 1.0
1382 1382 1.0
1385 1386 1.0
1390 1394 1.0
1396 1464 1.0
1466 1468 1.0
1474 1474 1.0
1566 1566 1.0
1569 1651 1.0
