160 197 1.0
274 345 1.0
347 347 1.0
465 465 1.0
467 564 1.0
566 571 1.0
573 574 1.0
582 591 1.0
691 763 1.0
843 918 1.0
967 967 1.0
969 1014 1.0
1090 1173 1.0
1280 1378 1.0
1539 1606 1.0
1677 1742 1.0
1809 1852 1.0
1904 1953 1.0
2022 2096 1.0
2169 2234 1.0
2335 2419 1.0
2499 2579 1.0
2712 2810 1.0
2903 2968 1.0
2971 2971 1.0
2987 2995 1.0
3034 3109 1.0
3205 3280 1.0
3325 3325 1.0
3327 3327 1.0
3330 3375 1.0
3444 3504 1.0
3576 3650 1.0
3744 3744 1.0
3746 3811 1.0
3813 3814 1.0
3816 3822 1.0
3824 3824 1.0
3855 3898 1.0
3977 4048 1.0
4084 4088 1.0
4090 4135 1.0
4224 4243 1.0
4267 4299 1.0
4330 4330 1.0
4332 4332 1.0
4422 4440 1.0
4451 4509 1.0
4518 4555 1.0
4646 4726 1.0
4798 4858 1.0
4928 5002 1.0
5039 5100 1.0
5190 5239 1.0
