164 205 1.0
285 315 1.0
435 519 1.0
645 757 1.0
873 947 1.0
1003 1058 1.0
1131 1179 1.0
1264 1306 1.0
1308 1310 1.0
1313 1313 1.0
1316 1348 1.0
1350 1350 1.0
1357 1393 1.0
1485 1571 1.0
1640 1640 1.0
1643 1646 1.0
1650 1651 1.0
1653 1653 1.0
1925 2012 1.0
2151 2151 1.0
2154 2186 1.0
2188 2189 1.0
2191 2231 1.0
2331 2415 1.0
2505 2573 1.0
2666 2738 1.0
2811 2811 1.0
2813 2813 1.0
2815 2889 1.0
2891 2895 1.0
2897 2908 1.0
2997 3063 1.0
3145 3226 1.0
3327 3401 1.0
3473 3521 1.0
3592 3617 1.0
3683 3683 1.0
3685 3740 1.0
3824 3824 1.0
3826 3842 1.0
3922 3922 1.0
3925 3926 1.0
3928 3928 1.0
3957 3977 1.0
4032 4037 1.0
4063 4064 1.0
4066 4079 1.0
4081 4081 1.0
4193 4249 1.0
4318 4345 1.0
4347 4347 1.0
4351 4363 1.0
4365 4365 1.0
4411 4436 1.0
4516 4601 1.0
4603 4603 1.0
4785 4875 1.0
4979 5068 1.0
5191 5212 1.0
