200 288 1.0
306 343 1.0
347 347 1.0
459 543 1.0
641 767 1.0
938 1020 1.0
1140 1203 1.0
1273 1356 1.0
1366 1368 1.0
1372 1372 1.0
1375 1389 1.0
1559 1568 1.0
1570 1570 1.0
1572 1652 1.0
1654 1654 1.0
1733 1734 1.0
1736 1736 1.0
1739 1741 1.0
1744 1744 1.0
1828 1903 1.0
1955 1955 1.0
1957 1967 1.0
1973 1973 1.0
1975 1975 1.0
1977 1986 1.0
2065 2133 1.0
2135 2135 1.0
2137 2138 1.0
2230 2230 1.0
2232 2308 1.0
2310 2310 1.0
2438 2519 1.0
2536 2548 1.0
2724 2724 1.0
2736 2862 1.0
2992 3029 1.0
3036 3130 1.0
3206 3247 1.0
3395 3494 1.0
3627 3670 1.0
3672 3672 1.0
3681 3716 1.0
3718 3718 1.0
3802 3873 1.0
3956 3956 1.0
3958 3961 1.0
3963 3963 1.0
3978 3994 1.0
4028 4028 1.0
4030 4030 1.0
4032 4054 1.0
4076 4113 1.0
4121 4121 1.0
4123 4123 1.0
4197 4199 1.0
4203 4236 1.0
4267 4272 1.0
4277 4277 1.0
4279 4282 1.0
4285 4285 1.0
4290 4290 1.0
4292 4299 1.0
4301 4301 1.0
4308 4359 1.0
4466 4557 1.0
4566 4572 1.0
4672 4672 1.0
4674 4683 1.0
4685 4685 1.0
4687 4687 1.0
4718 4783 1.0
4843 4891 1.0
4927 4927 1.0
4929 4989 1.0
5058 5059 1.0
5061 5108 1.0
5190 5270 1.0
5377 5416 1.0
5418 5418 1.0
5470 5553 1.0
5555 5558 1.0
5560 5560 1.0
5562 5564 1.0
5569 5589 1.0
5663 5681 1.0
