160 161 1.0
237 312 1.0
335 335 1.0
452 452 1.0
454 454 1.0
456 458 1.0
460 540 1.0
542 544 1.0
628 628 1.0
646 646 1.0
649 649 1.0
651 651 1.0
655 658 1.0
660 680 1.0
682 751 1.0
758 758 1.0
760 760 1.0
780 780 1.0
782 782 1.0
784 866 1.0
968 1039 1.0
1108 1171 1.0
1214 1223 1.0
1225 1285 1.0
1395 1395 1.0
1407 1407 1.0
1417 1459 1.0
1580 1580 1.0
1584 1584 1.0
1590 1591 1.0
1593 1601 1.0
1678 1754 1.0
1785 1785 1.0
1797 1797 1.0
1936 2025 1.0
2028 2029 1.0
2163 2173 1.0
2175 2184 1.0
2186 2186 1.0
2188 2192 1.0
2194 2204 1.0
2208 2210 1.0
2212 2212 1.0
2214 2214 1.0
2224 2224 1.0
2226 2227 1.0
2253 2253 1.0
2266 2266 1.0
2272 2272 1.0
2284 2285 1.0
2294 2294 1.0
2302 2302 1.0
2315 2315 1.0
2317 2317 1.0
2321 2321 1.0
2324 2324 1.0
2425 2425 1.0
2427 2523 1.0
2527 2527 1.0
2529 2529 1.0
2551 2551 1.0
2563 2564 1.0
2568 2568 1.0
2589 2589 1.0
2677 2677 1.0
2681 2681 1.0
4174 4175 1.0
