172 250 1.0
318 369 1.0
457 528 1.0
598 608 1.0
633 639 1.0
641 641 1.0
688 714 1.0
719 719 1.0
723 723 1.0
725 729 1.0
731 732 1.0
766 768 1.0
771 771 1.0
774 779 1.0
781 785 1.0
812 849 1.0
866 893 1.0
912 914 1.0
918 918 1.0
1005 1065 1.0
1067 1068 1.0
1070 1071 1.0
1124 1124 1.0
1138 1140 1.0
1142 1143 1.0
1145 1145 1.0
1224 1293 1.0
1296 1296 1.0
1373 1373 1.0
1375 1391 1.0
1393 1393 1.0
1395 1397 1.0
1404 1464 1.0
1467 1467 1.0
1586 1674 1.0
1676 1676 1.0
1689 1689 1.0
1758 1758 1.0
1773 1851 1.0
1962 1962 1.0
2060 2077 1.0
2118 2129 1.0
2153 2229 1.0
2362 2362 1.0
2367 2374 1.0
2376 2436 1.0
2438 2440 1.0
2528 2592 1.0
2626 2626 1.0
2653 2658 1.0
2660 2681 1.0
4174 4175 1.0
