186 263 1.0
351 351 1.0
383 383 1.0
385 424 1.0
500 577 1.0
753 753 1.0
755 835 1.0
967 983 1.0
985 989 1.0
991 992 1.0
994 995 1.0
997 1001 1.0
1004 1004 1.0
1102 1102 1.0
1106 1106 1.0
1108 1179 1.0
1295 1325 1.0
1327 1327 1.0
1333 1413 1.0
1566 1566 1.0
1569 1662 1.0
1756 1756 1.0
1759 1759 1.0
1761 1846 1.0
1852 1852 1.0
1919 1977 1.0
2079 2079 1.0
2081 2081 1.0
2083 2083 1.0
2085 2106 1.0
2116 2116 1.0
2119 2156 1.0
2159 2161 1.0
2163 2163 1.0
2221 2221 1.0
2229 2230 1.0
2236 2236 1.0
2242 2242 1.0
2244 2244 1.0
2246 2252 1.0
2254 2254 1.0
2256 2256 1.0
2258 2262 1.0
2342 2414 1.0
2479 2479 1.0
2489 2499 1.0
2578 2654 1.0
2776 2841 1.0
2843 2844 1.0
2887 2887 1.0
2900 2900 1.0
2905 2905 1.0
2907 2907 1.0
2921 2921 1.0
2925 2925 1.0
2927 2954 1.0
2957 2957 1.0
3043 3045 1.0
3047 3057 1.0
3059 3075 1.0
3077 3077 1.0
3085 3085 1.0
3089 3089 1.0
3097 3097 1.0
3137 3137 1.0
3151 3151 1.0
3159 3163 1.0
3165 3214 1.0
3329 3405 1.0
3488 3489 1.0
3492 3517 1.0
3519 3519 1.0
3523 3523 1.0
3550 3578 1.0
3580 3581 1.0
3666 3666 1.0
3668 3668 1.0
3671 3673 1.0
3675 3675 1.0
3719 3720 1.0
3722 3737 1.0
3739 3739 1.0
3749 3749 1.0
3753 3753 1.0
3755 3807 1.0
3810 3810 1.0
3880 3931 1.0
4050 4135 1.0
4142 4142 1.0
4145 4147 1.0
4149 4169 1.0
4171 4171 1.0
4253 4318 1.0
4404 4404 1.0
4406 4514 1.0
4516 4516 1.0
4604 4604 1.0
4607 4679 1.0
4756 4830 1.0
4913 4913 1.0
4954 4954 1.0
4961 4961 1.0
4966 4966 1.0
4968 4968 1.0
4970 4974 1.0
4976 4991 1.0
5046 5046 1.0
5054 5054 1.0
5068 5140 1.0
5142 5144 1.0
5224 5235 1.0
5263 5263 1.0
5327 5327 1.0
5331 5341 1.0
5343 5391 1.0
5393 5393 1.0
5397 5397 1.0
5477 5478 1.0
5480 5512 1.0
5524 5524 1.0
5534 5535 1.0
5538 5538 1.0
5540 5544 1.0
5546 5552 1.0
5560 5560 1.0
5564 5564 1.0
5618 5618 1.0
5624 5624 1.0
5632 5632 1.0
5634 5634 1.0
5638 5638 1.0
5646 5646 1.0
5650 5650 1.0
5652 5652 1.0
5654 5654 1.0
5656 5656 1.0
5658 5658 1.0
5662 5664 1.0
5666 5666 1.0
5671 5671 1.0
5674 5674 1.0
5678 5678 1.0
8056 8056 1.0
8060 8060 1.0
