228 309 1.0
386 399 1.0
457 457 1.0
476 514 1.0
549 549 1.0
552 554 1.0
556 564 1.0
566 568 1.0
658 747 1.0
865 987 1.0
1067 1079 1.0
1155 1207 1.0
1340 1424 1.0
1538 1611 1.0
1691 1770 1.0
1857 1952 1.0
2065 2154 1.0
2232 2262 1.0
2336 2374 1.0
2490 2558 1.0
2579 2596 1.0
2626 2658 1.0
2664 2667 1.0
2679 2679 1.0
2681 2694 1.0
2745 2766 1.0
2774 2804 1.0
2836 2861 1.0
2863 2904 1.0
3027 3030 1.0
3032 3035 1.0
3037 3037 1.0
3132 3208 1.0
3285 3318 1.0
3431 3488 1.0
3490 3490 1.0
3585 3663 1.0
3742 3787 1.0
3789 3790 1.0
3930 3994 1.0
4059 4129 1.0
4226 4309 1.0
4396 4469 1.0
4537 4542 1.0
4544 4561 1.0
4592 4600 1.0
4602 4610 1.0
5017 5017 1.0
