160 170 1.0
173 173 1.0
258 380 1.0
386 388 1.0
471 539 1.0
619 698 1.0
717 717 1.0
720 720 1.0
744 744 1.0
749 749 1.0
775 780 1.0
944 1059 1.0
1142 1226 1.0
1228 1230 1.0
1354 1354 1.0
1357 1389 1.0
1399 1461 1.0
1471 1471 1.0
1473 1473 1.0
1562 1563 1.0
1566 1566 1.0
1568 1582 1.0
1611 1694 1.0
1783 1838 1.0
1911 1974 1.0
2044 2087 1.0
2245 2329 1.0
2412 2489 1.0
2606 2685 1.0
2720 2721 1.0
2739 2746 1.0
2764 2776 1.0
2859 2905 1.0
2951 3026 1.0
3101 3101 1.0
3103 3123 1.0
3153 3153 1.0
3155 3162 1.0
3202 3228 1.0
3292 3293 1.0
3295 3298 1.0
3305 3356 1.0
3359 3360 1.0
3436 3563 1.0
3665 3682 1.0
