164 202 1.0
204 204 1.0
320 322 1.0
326 326 1.0
328 345 1.0
415 487 1.0
556 556 1.0
558 622 1.0
707 760 1.0
836 912 1.0
923 923 1.0
925 925 1.0
930 930 1.0
932 932 1.0
991 998 1.0
1082 1192 1.0
1305 1360 1.0
1429 1473 1.0
1549 1600 1.0
1671 1708 1.0
1823 1823 1.0
1825 1920 1.0
2004 2088 1.0
2119 2128 1.0
2130 2130 1.0
2132 2132 1.0
2134 2135 1.0
2137 2141 1.0
2149 2149 1.0
2151 2190 1.0
2283 2363 1.0
2461 2567 1.0
2657 2734 1.0
2781 2781 1.0
2870 2966 1.0
3093 3093 1.0
3111 3199 1.0
3325 3421 1.0
3423 3424 1.0
3426 3426 1.0
3432 3432 1.0
3474 3476 1.0
3478 3478 1.0
3480 3481 1.0
3484 3485 1.0
3487 3488 1.0
3490 3490 1.0
3573 3643 1.0
3711 3785 1.0
3802 3803 1.0
3807 3807 1.0
3911 3911 1.0
3914 3973 1.0
3975 3976 1.0
4005 4054 1.0
4059 4059 1.0
4145 4145 1.0
4147 4148 1.0
4150 4225 1.0
4228 4230 1.0
4232 4233 1.0
4237 4237 1.0
4239 4245 1.0
4252 4252 1.0
4339 4373 1.0
4376 4376 1.0
4378 4378 1.0
4414 4414 1.0
4448 4448 1.0
4452 4485 1.0
4487 4489 1.0
4601 4685 1.0
4690 4690 1.0
4692 4700 1.0
4759 4816 1.0
4898 5044 1.0
5046 5050 1.0
5148 5257 1.0
5259 5259 1.0
5266 5266 1.0
5271 5271 1.0
5276 5276 1.0
5380 5456 1.0
5522 5637 1.0
5726 5799 1.0
5801 5812 1.0
5815 5815 1.0
5854 5890 1.0
5892 5892 1.0
5895 5919 1.0
5982 5982 1.0
5984 6057 1.0
6136 6186 1.0
6259 6338 1.0
6415 6490 1.0
6494 6496 1.0
6498 6542 1.0
6628 6760 1.0
6855 6934 1.0
7014 7093 1.0
7100 7100 1.0
7114 7114 1.0
7118 7121 1.0
7123 7123 1.0
7128 7128 1.0
7143 7164 1.0
7167 7167 1.0
7272 7344 1.0
7404 7478 1.0
7595 7635 1.0
7649 7649 1.0
7651 7674 1.0
7714 7732 1.0
7757 7793 1.0
7804 7804 1.0
7806 7837 1.0
7913 7966 1.0
8024 8024 1.0
8039 8039 1.0
8041 8056 1.0
8058 8058 1.0
8147 8229 1.0
8364 8442 1.0
8529 8568 1.0
8570 8573 1.0
8575 8667 1.0
8738 8803 1.0
8885 8957 1.0
9069 9113 1.0
9115 9115 1.0
9119 9206 1.0
9290 9319 1.0
