212 212 1.0
214 306 1.0
308 308 1.0
431 491 1.0
550 617 1.0
700 779 1.0
813 832 1.0
834 840 1.0
857 861 1.0
973 1063 1.0
1114 1114 1.0
1117 1117 1.0
1136 1136 1.0
1138 1138 1.0
1149 1150 1.0
1254 1343 1.0
1345 1345 1.0
1347 1348 1.0
1351 1356 1.0
1463 1463 1.0
1465 1540 1.0
1613 1671 1.0
1674 1675 1.0
1681 1681 1.0
1684 1686 1.0
1688 1689 1.0
1691 1691 1.0
1693 1694 1.0
1716 1726 1.0
1801 1890 1.0
2026 2027 1.0
2029 2032 1.0
2034 2041 1.0
2112 2112 1.0
2114 2114 1.0
2117 2159 1.0
2249 2307 1.0
2310 2319 1.0
2321 2322 1.0
2411 2493 1.0
2498 2498 1.0
2519 2519 1.0
2697 2776 1.0
2793 2793 1.0
2871 2871 1.0
2874 2909 1.0
2993 3069 1.0
3134 3135 1.0
3137 3137 1.0
3140 3191 1.0
