160 194 1.0
198 198 1.0
296 296 1.0
298 365 1.0
367 367 1.0
373 373 1.0
462 535 1.0
568 569 1.0
571 571 1.0
573 573 1.0
577 577 1.0
583 585 1.0
608 608 1.0
611 624 1.0
743 743 1.0
756 789 1.0
791 799 1.0
828 828 1.0
830 899 1.0
991 994 1.0
996 996 1.0
998 1000 1.0
1003 1003 1.0
1090 1164 1.0
1236 1277 1.0
1352 1410 1.0
1412 1412 1.0
1449 1449 1.0
1451 1451 1.0
1453 1520 1.0
1611 1689 1.0
1774 1787 1.0
1790 1790 1.0
1792 1845 1.0
1878 1878 1.0
1974 2036 1.0
2138 2152 1.0
2154 2154 1.0
2163 2163 1.0
2169 2170 1.0
2172 2181 1.0
2257 2316 1.0
2338 2399 1.0
2480 2558 1.0
2561 2562 1.0
2564 2567 1.0
2569 2569 1.0
2575 2575 1.0
2577 2578 1.0
2580 2582 1.0
2633 2633 1.0
2635 2638 1.0
2731 2742 1.0
2778 2778 1.0
2824 2866 1.0
2868 2868 1.0
2872 2872 1.0
2878 2902 1.0
2907 2907 1.0
2913 2913 1.0
2915 2925 1.0
2937 2939 1.0
2941 2941 1.0
2943 2961 1.0
3044 3075 1.0
3078 3078 1.0
3085 3122 1.0
3137 3137 1.0
3140 3143 1.0
3230 3306 1.0
3469 3486 1.0
3519 3547 1.0
3566 3594 1.0
3635 3645 1.0
3661 3662 1.0
3664 3700 1.0
3702 3702 1.0
3753 3805 1.0
3893 4024 1.0
4139 4226 1.0
4384 4410 1.0
4425 4441 1.0
4521 4574 1.0
4628 4628 1.0
4632 4632 1.0
4647 4657 1.0
4677 4698 1.0
4700 4701 1.0
4714 4714 1.0
4717 4717 1.0
4721 4721 1.0
4723 4723 1.0
4725 4725 1.0
4736 4755 1.0
4822 4823 1.0
4825 4897 1.0
5046 5046 1.0
5049 5049 1.0
5051 5051 1.0
5055 5056 1.0
5059 5105 1.0
5107 5107 1.0
5155 5155 1.0
5157 5163 1.0
5194 5215 1.0
5288 5357 1.0
5447 5454 1.0
5514 5599 1.0
5689 5768 1.0
5868 5908 1.0
5910 5946 1.0
6101 6178 1.0
6248 6306 1.0
6384 6453 1.0
6540 6549 1.0
6578 6578 1.0
6580 6612 1.0
6628 6668 1.0
6671 6671 1.0
6724 6724 1.0
6729 6729 1.0
6758 6789 1.0
6878 6940 1.0
7019 7040 1.0
7074 7099 1.0
7105 7156 1.0
7247 7247 1.0
7249 7275 1.0
7279 7279 1.0
7289 7369 1.0
7449 7525 1.0
7606 7612 1.0
7614 7615 1.0
7618 7672 1.0
