160 233 1.0
244 244 1.0
381 381 1.0
383 474 1.0
562 562 1.0
566 633 1.0
637 637 1.0
717 792 1.0
805 805 1.0
817 817 1.0
819 822 1.0
825 828 1.0
830 833 1.0
835 843 1.0
845 845 1.0
847 847 1.0
849 897 1.0
1011 1011 1.0
1013 1092 1.0
1143 1145 1.0
1148 1148 1.0
1173 1204 1.0
1240 1310 1.0
1368 1368 1.0
1380 1430 1.0
1499 1554 1.0
1606 1609 1.0
1611 1663 1.0
1730 1756 1.0
1832 1908 1.0
2047 2047 1.0
2051 2137 1.0
2228 2228 1.0
2231 2235 1.0
2237 2243 1.0
2285 2285 1.0
2294 2294 1.0
2308 2308 1.0
2313 2316 1.0
2318 2318 1.0
2320 2320 1.0
2322 2386 1.0
2425 2425 1.0
2467 2477 1.0
2481 2481 1.0
2487 2487 1.0
2521 2537 1.0
2539 2539 1.0
2545 2545 1.0
2555 2610 1.0
2612 2617 1.0
2619 2619 1.0
2621 2621 1.0
2677 2733 1.0
2735 2735 1.0
2817 2890 1.0
2966 3036 1.0
3051 3051 1.0
3055 3133 1.0
3257 3336 1.0
3393 3393 1.0
3404 3404 1.0
3407 3407 1.0
3411 3431 1.0
3469 3469 1.0
3477 3542 1.0
3546 3546 1.0
3628 3628 1.0
3633 3633 1.0
3635 3719 1.0
3721 3723 1.0
3725 3725 1.0
3727 3728 1.0
3733 3733 1.0
3735 3735 1.0
3737 3738 1.0
3740 3748 1.0
3849 3874 1.0
3877 3878 1.0
3883 3884 1.0
3888 3888 1.0
3890 3890 1.0
3892 3892 1.0
3898 3915 1.0
3917 3920 1.0
3922 3922 1.0
3951 3952 1.0
3954 3956 1.0
3958 3961 1.0
3964 3964 1.0
3966 3966 1.0
3975 3975 1.0
3995 3995 1.0
4010 4017 1.0
4019 4022 1.0
4024 4026 1.0
4028 4029 1.0
4039 4039 1.0
4041 4041 1.0
4043 4073 1.0
4075 4092 1.0
4097 4097 1.0
4101 4102 1.0
4106 4107 1.0
4109 4189 1.0
4257 4330 1.0
4418 4508 1.0
4632 4681 1.0
