160 192 1.0
269 361 1.0
495 567 1.0
606 659 1.0
715 783 1.0
832 895 1.0
973 1021 1.0
1023 1023 1.0
1075 1142 1.0
1216 1275 1.0
1319 1365 1.0
1446 1520 1.0
1522 1522 1.0
1603 1676 1.0
1744 1808 1.0
1872 1917 1.0
1921 1921 1.0
1923 1923 1.0
1925 2001 1.0
2003 2003 1.0
2083 2083 1.0
2085 2147 1.0
2160 2168 1.0
2171 2171 1.0
2175 2197 1.0
2211 2302 1.0
2387 2465 1.0
2467 2469 1.0
2471 2471 1.0
2474 2474 1.0
2478 2478 1.0
2481 2494 1.0
2496 2501 1.0
2504 2504 1.0
2528 2607 1.0
2695 2794 1.0
2808 2846 1.0
2970 3047 1.0
3059 3060 1.0
3062 3062 1.0
3064 3100 1.0
