192 255 1.0
257 257 1.0
335 335 1.0
342 392 1.0
472 472 1.0
477 567 1.0
680 680 1.0
756 840 1.0
918 999 1.0
1127 1127 1.0
1129 1177 1.0
1213 1213 1.0
1216 1238 1.0
1254 1330 1.0
1408 1416 1.0
1444 1521 1.0
1607 1690 1.0
1693 1693 1.0
1789 1867 1.0
1936 2009 1.0
2014 2014 1.0
2103 2104 1.0
2107 2112 1.0
2124 2176 1.0
2228 2230 1.0
2232 2335 1.0
2337 2338 1.0
2341 2343 1.0
2346 2348 1.0
2439 2449 1.0
2451 2510 1.0
2512 2512 1.0
2514 2522 1.0
2524 2529 1.0
2533 2533 1.0
2552 2552 1.0
2570 2572 1.0
2574 2574 1.0
2576 2576 1.0
2578 2604 1.0
2609 2627 1.0
2701 2734 1.0
2738 2738 1.0
2741 2741 1.0
2750 2750 1.0
2760 2760 1.0
2792 2859 1.0
2861 2861 1.0
2906 2906 1.0
2909 2916 1.0
2918 2919 1.0
2921 2921 1.0
2923 2925 1.0
2927 3008 1.0
3010 3010 1.0
3230 3318 1.0
3321 3321 1.0
3323 3326 1.0
3332 3347 1.0
3464 3464 1.0
3482 3482 1.0
3484 3585 1.0
3588 3591 1.0
3681 3682 1.0
