233 235 1.0
276 303 1.0
305 305 1.0
329 349 1.0
428 474 1.0
553 593 1.0
596 596 1.0
598 598 1.0
600 630 1.0
662 662 1.0
664 665 1.0
748 816 1.0
819 821 1.0
891 891 1.0
893 936 1.0
1015 1085 1.0
1141 1195 1.0
1295 1410 1.0
1412 1412 1.0
1513 1580 1.0
1658 1718 1.0
1793 1845 1.0
2004 2084 1.0
2180 2214 1.0
2218 2218 1.0
2220 2300 1.0
2371 2371 1.0
2374 2376 1.0
2378 2386 1.0
2407 2449 1.0
2451 2451 1.0
2455 2457 1.0
2461 2461 1.0
2463 2473 1.0
2562 2568 1.0
2597 2597 1.0
2600 2602 1.0
2606 2606 1.0
2611 2635 1.0
2637 2639 1.0
2642 2642 1.0
2648 2648 1.0
2663 2663 1.0
2665 2665 1.0
2673 2674 1.0
2822 2897 1.0
2977 2977 1.0
2979 3052 1.0
3054 3054 1.0
3134 3135 1.0
3137 3152 1.0
3154 3154 1.0
3174 3201 1.0
3282 3345 1.0
3516 3598 1.0
3601 3601 1.0
3809 3819 1.0
3821 3821 1.0
3827 3837 1.0
3839 3911 1.0
3913 3918 1.0
3920 3923 1.0
3925 3928 1.0
3931 3931 1.0
3946 3950 1.0
3952 3952 1.0
3954 3954 1.0
4089 4090 1.0
4092 4171 1.0
4277 4290 1.0
4342 4342 1.0
4370 4412 1.0
4432 4432 1.0
4436 4436 1.0
4438 4438 1.0
4441 4442 1.0
4445 4446 1.0
4484 4516 1.0
4518 4519 1.0
4622 4701 1.0
4775 4775 1.0
4777 4777 1.0
4779 4789 1.0
4885 4914 1.0
10354 10354 1.0
