218 304 1.0
384 444 1.0
528 614 1.0
722 802 1.0
844 844 1.0
848 848 1.0
853 909 1.0
985 985 1.0
987 987 1.0
989 1000 1.0
1004 1007 1.0
1009 1010 1.0
1013 1051 1.0
1053 1053 1.0
1070 1109 1.0
1112 1112 1.0
1131 1148 1.0
1224 1225 1.0
1227 1292 1.0
1295 1295 1.0
1328 1335 1.0
1375 1375 1.0
1377 1377 1.0
1379 1446 1.0
1516 1581 1.0
1637 1699 1.0
1701 1701 1.0
1782 1782 1.0
1829 1829 1.0
1842 1842 1.0
1851 1851 1.0
1853 1920 1.0
1922 1927 1.0
1995 1995 1.0
1997 2016 1.0
2020 2020 1.0
2046 2047 1.0
2049 2104 1.0
2170 2252 1.0
2358 2462 1.0
2546 2546 1.0
2548 2548 1.0
2550 2625 1.0
2678 2680 1.0
2682 2682 1.0
