162 240 1.0
285 285 1.0
287 287 1.0
307 307 1.0
309 310 1.0
312 313 1.0
315 315 1.0
317 357 1.0
359 361 1.0
363 363 1.0
365 365 1.0
393 393 1.0
457 457 1.0
459 459 1.0
476 476 1.0
481 481 1.0
492 525 1.0
600 600 1.0
602 603 1.0
605 616 1.0
619 632 1.0
634 634 1.0
636 636 1.0
638 638 1.0
696 696 1.0
712 712 1.0
716 716 1.0
722 722 1.0
724 760 1.0
841 920 1.0
1014 1019 1.0
1069 1069 1.0
1074 1156 1.0
1158 1159 1.0
1161 1161 1.0
1356 1356 1.0
1364 1364 1.0
1366 1390 1.0
1392 1392 1.0
1470 1470 1.0
1472 1526 1.0
1604 1649 1.0
1661 1661 1.0
5017 5017 1.0
