177 257 1.0
421 422 1.0
424 490 1.0
543 558 1.0
600 600 1.0
602 609 1.0
612 616 1.0
618 618 1.0
640 684 1.0
686 719 1.0
812 881 1.0
953 999 1.0
1001 1003 1.0
1005 1015 1.0
1102 1175 1.0
1177 1177 1.0
1308 1308 1.0
1312 1379 1.0
1382 1382 1.0
1386 1387 1.0
1390 1390 1.0
1393 1394 1.0
1402 1402 1.0
1408 1408 1.0
1438 1438 1.0
1443 1443 1.0
1562 1585 1.0
1604 1675 1.0
1753 1778 1.0
1780 1780 1.0
1851 1851 1.0
1864 1945 1.0
2053 2053 1.0
2056 2056 1.0
2058 2062 1.0
2064 2122 1.0
2124 2124 1.0
2136 2136 1.0
2142 2142 1.0
2166 2166 1.0
2200 2220 1.0
2222 2244 1.0
2246 2246 1.0
2249 2252 1.0
2256 2256 1.0
2264 2264 1.0
2298 2298 1.0
2382 2382 1.0
2384 2384 1.0
2387 2400 1.0
2402 2429 1.0
2432 2434 1.0
2436 2436 1.0
2440 2440 1.0
2552 2633 1.0
2635 2635 1.0
2717 2719 1.0
2721 2757 1.0
2762 2765 1.0
2863 2939 1.0
2941 2941 1.0
3024 3025 1.0
3029 3097 1.0
3100 3114 1.0
3154 3154 1.0
3164 3164 1.0
