160 206 1.0
289 368 1.0
456 456 1.0
458 533 1.0
698 781 1.0
935 936 1.0
967 1013 1.0
1016 1024 1.0
1028 1028 1.0
1035 1035 1.0
1202 1203 1.0
1205 1205 1.0
1207 1209 1.0
1211 1213 1.0
1215 1217 1.0
1222 1223 1.0
1225 1227 1.0
1229 1273 1.0
1283 1283 1.0
1303 1303 1.0
1462 1474 1.0
1507 1507 1.0
1513 1539 1.0
1554 1554 1.0
1556 1566 1.0
1568 1568 1.0
1571 1571 1.0
1708 1727 1.0
1733 1733 1.0
1799 1803 1.0
1833 1833 1.0
1840 1865 1.0
1867 1867 1.0
1882 1911 1.0
1913 1918 1.0
1966 1966 1.0
2014 2014 1.0
2016 2035 1.0
2037 2037 1.0
2046 2073 1.0
2167 2201 1.0
2217 2221 1.0
2224 2225 1.0
2360 2360 1.0
2363 2402 1.0
2404 2404 1.0
2406 2406 1.0
2410 2410 1.0
2457 2461 1.0
2492 2492 1.0
2494 2494 1.0
2496 2496 1.0
2498 2524 1.0
2541 2567 1.0
2600 2600 1.0
2604 2620 1.0
2752 2752 1.0
2754 2795 1.0
2878 2958 1.0
2975 2979 1.0
3067 3150 1.0
4174 4175 1.0
