160 160 1.0
168 168 1.0
177 177 1.0
180 180 1.0
197 197 1.0
206 206 1.0
246 246 1.0
258 258 1.0
261 262 1.0
264 266 1.0
268 275 1.0
278 284 1.0
286 315 1.0
346 346 1.0
354 354 1.0
359 359 1.0
361 362 1.0
369 370 1.0
393 424 1.0
426 429 1.0
431 432 1.0
435 437 1.0
443 443 1.0
447 447 1.0
450 451 1.0
453 453 1.0
457 457 1.0
459 459 1.0
465 466 1.0
469 469 1.0
489 489 1.0
499 500 1.0
507 507 1.0
511 511 1.0
513 513 1.0
518 519 1.0
533 533 1.0
541 541 1.0
546 546 1.0
564 564 1.0
572 572 1.0
576 576 1.0
592 593 1.0
599 600 1.0
602 602 1.0
606 606 1.0
608 609 1.0
613 613 1.0
615 616 1.0
619 619 1.0
622 622 1.0
624 624 1.0
626 627 1.0
629 638 1.0
641 642 1.0
644 644 1.0
646 650 1.0
652 654 1.0
657 660 1.0
663 663 1.0
665 666 1.0
668 670 1.0
676 676 1.0
699 699 1.0
718 719 1.0
722 722 1.0
750 750 1.0
752 752 1.0
755 756 1.0
760 760 1.0
762 765 1.0
769 777 1.0
779 796 1.0
799 800 1.0
802 833 1.0
835 842 1.0
844 847 1.0
852 852 1.0
867 867 1.0
871 871 1.0
881 881 1.0
909 909 1.0
957 957 1.0
962 962 1.0
981 981 1.0
992 992 1.0
996 996 1.0
998 1003 1.0
1006 1013 1.0
1015 1020 1.0
1022 1033 1.0
1038 1038 1.0
1040 1040 1.0
1042 1042 1.0
1046 1048 1.0
1053 1056 1.0
1059 1059 1.0
1062 1062 1.0
1065 1066 1.0
1068 1068 1.0
1070 1070 1.0
1073 1073 1.0
1083 1085 1.0
1089 1089 1.0
1091 1095 1.0
1097 1097 1.0
1100 1102 1.0
1105 1105 1.0
1107 1107 1.0
1109 1109 1.0
1113 1113 1.0
1116 1116 1.0
1118 1118 1.0
1122 1122 1.0
1128 1128 1.0
1131 1131 1.0
1136 1137 1.0
1193 1193 1.0
1275 1318 1.0
1320 1321 1.0
1323 1327 1.0
1330 1330 1.0
1333 1336 1.0
1338 1338 1.0
1343 1343 1.0
1346 1346 1.0
1348 1350 1.0
1352 1352 1.0
1356 1356 1.0
1384 1384 1.0
1386 1386 1.0
1398 1399 1.0
1401 1401 1.0
1407 1408 1.0
1410 1411 1.0
1415 1415 1.0
1421 1421 1.0
1423 1423 1.0
1468 1468 1.0
1471 1471 1.0
1475 1476 1.0
1483 1487 1.0
1491 1493 1.0
1495 1495 1.0
1498 1499 1.0
1501 1501 1.0
1503 1511 1.0
1514 1525 1.0
1528 1530 1.0
1533 1536 1.0
1538 1538 1.0
1542 1542 1.0
1549 1549 1.0
1557 1557 1.0
1560 1562 1.0
1567 1567 1.0
1570 1570 1.0
1573 1573 1.0
1575 1577 1.0
1586 1586 1.0
1592 1592 1.0
1599 1599 1.0
1604 1606 1.0
1608 1611 1.0
1616 1620 1.0
1622 1629 1.0
1631 1633 1.0
1635 1635 1.0
1637 1637 1.0
1640 1640 1.0
1642 1646 1.0
1648 1648 1.0
1651 1651 1.0
1653 1653 1.0
1657 1658 1.0
1661 1664 1.0
1668 1668 1.0
1670 1670 1.0
1672 1672 1.0
1674 1676 1.0
1679 1679 1.0
1682 1682 1.0
1686 1686 1.0
1688 1689 1.0
1692 1692 1.0
1700 1700 1.0
1712 1713 1.0
1717 1717 1.0
1726 1726 1.0
1744 1744 1.0
1746 1746 1.0
1748 1748 1.0
1752 1752 1.0
1795 1795 1.0
1798 1798 1.0
1800 1800 1.0
1802 1802 1.0
1806 1806 1.0
1808 1808 1.0
1811 1812 1.0
1815 1815 1.0
1820 1820 1.0
1822 1822 1.0
1826 1826 1.0
1829 1830 1.0
1832 1840 1.0
1843 1853 1.0
1855 1859 1.0
1861 1890 1.0
1892 1893 1.0
1895 1896 1.0
1913 1914 1.0
1917 1917 1.0
1920 1921 1.0
1924 1924 1.0
1930 1930 1.0
1933 1933 1.0
1939 1939 1.0
1973 1987 1.0
2032 2032 1.0
2034 2034 1.0
2037 2037 1.0
2042 2042 1.0
2044 2044 1.0
2047 2048 1.0
2053 2053 1.0
2067 2119 1.0
2122 2131 1.0
2134 2134 1.0
2137 2138 1.0
2140 2141 1.0
2199 2199 1.0
2211 2211 1.0
2224 2226 1.0
2263 2263 1.0
2266 2266 1.0
2268 2268 1.0
2270 2274 1.0
2277 2277 1.0
2280 2281 1.0
2283 2289 1.0
2292 2292 1.0
2294 2294 1.0
2296 2298 1.0
2300 2302 1.0
2310 2311 1.0
2314 2341 1.0
2350 2350 1.0
2374 2374 1.0
2376 2376 1.0
2384 2384 1.0
2415 2415 1.0
2419 2419 1.0
2421 2428 1.0
2430 2452 1.0
2454 2454 1.0
2456 2462 1.0
2464 2465 1.0
2468 2469 1.0
2471 2472 1.0
2481 2481 1.0
2483 2483 1.0
2542 2542 1.0
2583 2583 1.0
2588 2594 1.0
2596 2601 1.0
2604 2607 1.0
2609 2620 1.0
2622 2664 1.0
2666 2666 1.0
2668 2668 1.0
2671 2675 1.0
2681 2683 1.0
2687 2688 1.0
2692 2692 1.0
2730 2730 1.0
2744 2744 1.0
2774 2774 1.0
2778 2778 1.0
2784 2785 1.0
2804 2804 1.0
2806 2808 1.0
2810 2822 1.0
2824 2829 1.0
2831 2838 1.0
2840 2840 1.0
2846 2847 1.0
2849 2849 1.0
2876 2876 1.0
2878 2879 1.0
2881 2881 1.0
2931 2931 1.0
2936 2941 1.0
2943 2943 1.0
2945 2945 1.0
2954 2954 1.0
2961 2961 1.0
2963 2963 1.0
2965 3013 1.0
3016 3017 1.0
3020 3021 1.0
3023 3023 1.0
3025 3026 1.0
3028 3032 1.0
3036 3041 1.0
3043 3043 1.0
3093 3093 1.0
3097 3097 1.0
3104 3106 1.0
3109 3114 1.0
3118 3139 1.0
3141 3141 1.0
3147 3149 1.0
3151 3152 1.0
3154 3154 1.0
3158 3159 1.0
3161 3161 1.0
3163 3165 1.0
3171 3171 1.0
3173 3173 1.0
3175 3175 1.0
3178 3178 1.0
3194 3194 1.0
3219 3219 1.0
3222 3222 1.0
3232 3232 1.0
3235 3235 1.0
3237 3237 1.0
3239 3239 1.0
3241 3243 1.0
3245 3245 1.0
3248 3249 1.0
3251 3251 1.0
3253 3253 1.0
3255 3255 1.0
3257 3262 1.0
3264 3272 1.0
3274 3274 1.0
3276 3277 1.0
3281 3281 1.0
3283 3283 1.0
3285 3286 1.0
3290 3298 1.0
3300 3300 1.0
3302 3302 1.0
3304 3317 1.0
3319 3326 1.0
3329 3329 1.0
3333 3335 1.0
3342 3342 1.0
3345 3345 1.0
3348 3349 1.0
3355 3355 1.0
3357 3357 1.0
3361 3361 1.0
3363 3363 1.0
3425 3426 1.0
3431 3431 1.0
3435 3437 1.0
3439 3439 1.0
3441 3441 1.0
3443 3443 1.0
3445 3468 1.0
3470 3487 1.0
3489 3490 1.0
3523 3523 1.0
3529 3529 1.0
3548 3548 1.0
3570 3605 1.0
3607 3607 1.0
3609 3626 1.0
3629 3630 1.0
3632 3632 1.0
3636 3637 1.0
3639 3639 1.0
3643 3643 1.0
3645 3645 1.0
3679 3679 1.0
3683 3683 1.0
3685 3685 1.0
3687 3687 1.0
3689 3689 1.0
3695 3695 1.0
3700 3700 1.0
3706 3707 1.0
3710 3710 1.0
3713 3714 1.0
3717 3717 1.0
3719 3721 1.0
3802 3880 1.0
3894 3903 1.0
3979 3979 1.0
3982 4009 1.0
4011 4056 1.0
4087 4087 1.0
4089 4090 1.0
4092 4092 1.0
4094 4094 1.0
4131 4131 1.0
4134 4134 1.0
4143 4144 1.0
4181 4181 1.0
4209 4209 1.0
4216 4216 1.0
4231 4231 1.0
4233 4233 1.0
4239 4239 1.0
4241 4241 1.0
4243 4243 1.0
4251 4251 1.0
4253 4256 1.0
4258 4259 1.0
4261 4309 1.0
4311 4314 1.0
4316 4316 1.0
4319 4319 1.0
4321 4321 1.0
4339 4339 1.0
4378 4378 1.0
4382 4382 1.0
4392 4392 1.0
4394 4394 1.0
4396 4396 1.0
4400 4417 1.0
4419 4422 1.0
4424 4443 1.0
