160 160 1.0
163 163 1.0
165 228 1.0
230 230 1.0
233 233 1.0
236 236 1.0
238 242 1.0
245 245 1.0
251 251 1.0
256 256 1.0
261 262 1.0
270 270 1.0
272 272 1.0
290 290 1.0
292 292 1.0
295 295 1.0
298 298 1.0
301 301 1.0
304 304 1.0
306 306 1.0
308 309 1.0
311 311 1.0
313 317 1.0
319 323 1.0
325 329 1.0
333 333 1.0
335 335 1.0
339 339 1.0
343 343 1.0
417 417 1.0
439 440 1.0
442 442 1.0
446 459 1.0
461 495 1.0
497 524 1.0
526 527 1.0
532 532 1.0
539 539 1.0
545 545 1.0
566 566 1.0
613 613 1.0
628 628 1.0
656 659 1.0
661 661 1.0
663 667 1.0
699 699 1.0
701 701 1.0
703 705 1.0
708 711 1.0
748 777 1.0
779 779 1.0
781 781 1.0
783 783 1.0
785 785 1.0
788 789 1.0
792 822 1.0
824 824 1.0
826 826 1.0
848 848 1.0
851 851 1.0
854 854 1.0
860 863 1.0
866 866 1.0
869 870 1.0
908 908 1.0
952 952 1.0
962 962 1.0
966 966 1.0
968 970 1.0
972 972 1.0
974 974 1.0
976 976 1.0
978 1026 1.0
1028 1030 1.0
1032 1032 1.0
1034 1036 1.0
1039 1039 1.0
1042 1042 1.0
1054 1054 1.0
1113 1113 1.0
1127 1127 1.0
1135 1135 1.0
1137 1140 1.0
1143 1144 1.0
1147 1150 1.0
1153 1157 1.0
1160 1162 1.0
1167 1167 1.0
1169 1172 1.0
1174 1174 1.0
1177 1179 1.0
1181 1183 1.0
1187 1190 1.0
1194 1194 1.0
1196 1196 1.0
1198 1200 1.0
1203 1205 1.0
1207 1207 1.0
1210 1210 1.0
1220 1221 1.0
1224 1225 1.0
1231 1231 1.0
1239 1239 1.0
1242 1245 1.0
1252 1252 1.0
1325 1325 1.0
1365 1403 1.0
1405 1405 1.0
1409 1409 1.0
1416 1443 1.0
1466 1466 1.0
1475 1475 1.0
1477 1477 1.0
1482 1483 1.0
1486 1487 1.0
1489 1492 1.0
1494 1497 1.0
1520 1520 1.0
1522 1528 1.0
1530 1530 1.0
1532 1534 1.0
1536 1537 1.0
1541 1541 1.0
1544 1544 1.0
1551 1551 1.0
1553 1553 1.0
1567 1567 1.0
1617 1617 1.0
1620 1620 1.0
1628 1629 1.0
1634 1645 1.0
1648 1648 1.0
1650 1658 1.0
1660 1660 1.0
1662 1665 1.0
1710 1710 1.0
1712 1712 1.0
1714 1714 1.0
1720 1720 1.0
1724 1724 1.0
1726 1726 1.0
1728 1729 1.0
1732 1732 1.0
1736 1782 1.0
1784 1785 1.0
1788 1788 1.0
1795 1795 1.0
1814 1814 1.0
1842 1842 1.0
1847 1848 1.0
1852 1856 1.0
1858 1860 1.0
1862 1868 1.0
1870 1873 1.0
1875 1877 1.0
1879 1879 1.0
1881 1882 1.0
1884 1884 1.0
1886 1886 1.0
1888 1889 1.0
1891 1892 1.0
1896 1896 1.0
1898 1898 1.0
1901 1901 1.0
1908 1908 1.0
1910 1910 1.0
1919 1919 1.0
1925 1925 1.0
1969 1969 1.0
1972 1972 1.0
1978 1978 1.0
1983 1983 1.0
2005 2005 1.0
2008 2008 1.0
2011 2015 1.0
2021 2023 1.0
2025 2026 1.0
2028 2030 1.0
2032 2039 1.0
2041 2043 1.0
2045 2049 1.0
2051 2051 1.0
2053 2059 1.0
2061 2061 1.0
2063 2071 1.0
2073 2077 1.0
2079 2080 1.0
2082 2082 1.0
2085 2085 1.0
2089 2089 1.0
2095 2098 1.0
2119 2119 1.0
2178 2178 1.0
2180 2180 1.0
2182 2188 1.0
2190 2190 1.0
2192 2197 1.0
2199 2200 1.0
2206 2207 1.0
2209 2209 1.0
2211 2213 1.0
2215 2250 1.0
2252 2256 1.0
2258 2258 1.0
2260 2260 1.0
2264 2264 1.0
2268 2268 1.0
2270 2270 1.0
2272 2273 1.0
2275 2276 1.0
2279 2280 1.0
2282 2285 1.0
2289 2294 1.0
2336 2336 1.0
2338 2338 1.0
2340 2342 1.0
2344 2344 1.0
2348 2348 1.0
2353 2353 1.0
2356 2356 1.0
2363 2363 1.0
2366 2367 1.0
2385 2385 1.0
2387 2388 1.0
2390 2392 1.0
2403 2403 1.0
2405 2407 1.0
2426 2426 1.0
2429 2429 1.0
2440 2440 1.0
2453 2454 1.0
2456 2456 1.0
2461 2461 1.0
2464 2464 1.0
2470 2470 1.0
2474 2481 1.0
2483 2483 1.0
2487 2495 1.0
2497 2504 1.0
2506 2523 1.0
2525 2531 1.0
2534 2534 1.0
2536 2539 1.0
2542 2542 1.0
2544 2546 1.0
2548 2548 1.0
2551 2551 1.0
2563 2563 1.0
2570 2570 1.0
2575 2575 1.0
2603 2603 1.0
2605 2605 1.0
2619 2620 1.0
2640 2640 1.0
2674 2674 1.0
2678 2678 1.0
2685 2685 1.0
2688 2688 1.0
2700 2700 1.0
2703 2703 1.0
2705 2707 1.0
2709 2710 1.0
2712 2714 1.0
2716 2763 1.0
2765 2766 1.0
2769 2774 1.0
2777 2777 1.0
2781 2781 1.0
2787 2787 1.0
2794 2794 1.0
2875 2876 1.0
2881 2882 1.0
2884 2888 1.0
2890 2891 1.0
2893 2894 1.0
2896 2908 1.0
2910 2953 1.0
2957 2958 1.0
2968 2968 1.0
2974 2974 1.0
2977 2977 1.0
2984 2984 1.0
2986 2986 1.0
2988 2988 1.0
2994 2994 1.0
2996 2996 1.0
2999 2999 1.0
3014 3014 1.0
3019 3019 1.0
3023 3023 1.0
3033 3033 1.0
3074 3074 1.0
3080 3080 1.0
3110 3110 1.0
3116 3117 1.0
3119 3152 1.0
3154 3158 1.0
3161 3192 1.0
3230 3230 1.0
3240 3240 1.0
3243 3243 1.0
3268 3268 1.0
3270 3285 1.0
3287 3287 1.0
3289 3296 1.0
3307 3307 1.0
3311 3311 1.0
3313 3313 1.0
3315 3315 1.0
3318 3318 1.0
3321 3321 1.0
3323 3323 1.0
3335 3335 1.0
3339 3339 1.0
3351 3351 1.0
3376 3377 1.0
3379 3380 1.0
3382 3382 1.0
3389 3389 1.0
3393 3393 1.0
3395 3396 1.0
3398 3399 1.0
3401 3401 1.0
3403 3403 1.0
3405 3407 1.0
3410 3413 1.0
3415 3417 1.0
3419 3422 1.0
3424 3424 1.0
3426 3429 1.0
3431 3438 1.0
3440 3452 1.0
3456 3458 1.0
3460 3460 1.0
3463 3471 1.0
3473 3473 1.0
3475 3475 1.0
3477 3477 1.0
3479 3484 1.0
3486 3507 1.0
3509 3514 1.0
3516 3518 1.0
3520 3520 1.0
3522 3524 1.0
3526 3541 1.0
3543 3544 1.0
3546 3548 1.0
3551 3551 1.0
3555 3555 1.0
3557 3557 1.0
3587 3587 1.0
3664 3665 1.0
3667 3699 1.0
3701 3749 1.0
3751 3751 1.0
3779 3779 1.0
3797 3804 1.0
3808 3808 1.0
3812 3812 1.0
3814 3814 1.0
8056 8056 1.0
8060 8060 1.0
