226 226 1.0
228 232 1.0
234 234 1.0
236 236 1.0
240 240 1.0
244 244 1.0
250 250 1.0
253 253 1.0
255 294 1.0
297 297 1.0
324 325 1.0
327 328 1.0
330 331 1.0
356 356 1.0
374 374 1.0
387 387 1.0
437 437 1.0
441 442 1.0
455 455 1.0
464 464 1.0
476 476 1.0
481 482 1.0
484 485 1.0
492 493 1.0
498 498 1.0
548 549 1.0
554 554 1.0
558 558 1.0
560 560 1.0
566 569 1.0
573 573 1.0
575 576 1.0
578 578 1.0
580 581 1.0
586 586 1.0
588 588 1.0
595 596 1.0
601 601 1.0
604 604 1.0
606 607 1.0
609 612 1.0
614 616 1.0
620 620 1.0
622 622 1.0
632 632 1.0
704 705 1.0
714 714 1.0
726 726 1.0
786 786 1.0
788 788 1.0
790 791 1.0
794 795 1.0
798 798 1.0
800 800 1.0
806 806 1.0
809 809 1.0
818 818 1.0
823 823 1.0
825 825 1.0
838 838 1.0
857 857 1.0
895 895 1.0
918 918 1.0
920 935 1.0
937 949 1.0
951 953 1.0
956 956 1.0
965 965 1.0
971 972 1.0
979 981 1.0
985 986 1.0
991 991 1.0
995 996 1.0
1034 1034 1.0
1040 1041 1.0
1043 1043 1.0
1046 1047 1.0
1054 1054 1.0
1068 1068 1.0
1102 1102 1.0
1149 1149 1.0
1156 1156 1.0
1192 1225 1.0
1227 1227 1.0
1229 1229 1.0
1231 1268 1.0
1374 1374 1.0
1386 1387 1.0
1390 1392 1.0
1435 1435 1.0
1447 1447 1.0
1452 1452 1.0
1454 1455 1.0
1468 1468 1.0
1475 1475 1.0
1477 1478 1.0
1482 1482 1.0
1487 1487 1.0
1501 1502 1.0
1506 1506 1.0
1521 1521 1.0
1553 1553 1.0
1591 1592 1.0
1594 1595 1.0
1598 1598 1.0
1604 1604 1.0
1607 1607 1.0
1612 1612 1.0
1615 1615 1.0
1617 1617 1.0
1619 1623 1.0
1627 1631 1.0
1633 1669 1.0
1760 1760 1.0
1764 1764 1.0
1768 1768 1.0
1770 1770 1.0
1772 1772 1.0
1813 1813 1.0
1824 1824 1.0
1826 1826 1.0
1853 1891 1.0
1893 1902 1.0
1904 1923 1.0
1925 1932 1.0
1973 1973 1.0
2083 2083 1.0
2085 2087 1.0
2089 2091 1.0
2093 2120 1.0
2150 2150 1.0
2154 2154 1.0
2158 2158 1.0
2160 2160 1.0
2167 2167 1.0
2171 2171 1.0
2200 2233 1.0
2235 2235 1.0
2253 2253 1.0
2313 2313 1.0
2315 2315 1.0
2318 2318 1.0
2320 2320 1.0
2324 2324 1.0
2326 2327 1.0
2389 2390 1.0
2448 2448 1.0
2450 2450 1.0
2460 2460 1.0
2480 2480 1.0
2530 2530 1.0
2538 2538 1.0
2561 2562 1.0
2565 2565 1.0
2567 2567 1.0
2571 2571 1.0
2573 2575 1.0
2578 2578 1.0
2580 2581 1.0
2583 2583 1.0
2587 2587 1.0
2589 2589 1.0
2591 2592 1.0
2596 2596 1.0
2598 2599 1.0
2601 2607 1.0
2610 2616 1.0
2618 2626 1.0
2628 2628 1.0
2630 2630 1.0
2635 2635 1.0
2638 2639 1.0
2643 2643 1.0
2647 2648 1.0
2759 2760 1.0
2763 2771 1.0
2774 2774 1.0
2806 2837 1.0
2840 2840 1.0
2852 2879 1.0
2881 2882 1.0
2921 2921 1.0
2923 2923 1.0
2925 2925 1.0
2959 2959 1.0
2961 2961 1.0
2963 2970 1.0
3051 3108 1.0
3110 3110 1.0
3112 3112 1.0
3114 3114 1.0
3116 3116 1.0
3118 3118 1.0
3124 3124 1.0
3126 3126 1.0
3208 3208 1.0
3228 3228 1.0
3230 3230 1.0
3239 3239 1.0
3246 3246 1.0
3248 3248 1.0
3277 3277 1.0
3279 3279 1.0
3284 3284 1.0
3286 3286 1.0
3294 3294 1.0
3320 3320 1.0
3324 3324 1.0
3326 3326 1.0
3330 3330 1.0
3332 3348 1.0
3354 3354 1.0
3374 3374 1.0
3378 3378 1.0
3384 3385 1.0
3390 3390 1.0
3395 3395 1.0
3400 3400 1.0
3404 3404 1.0
3406 3406 1.0
3428 3428 1.0
3434 3439 1.0
3446 3446 1.0
3468 3468 1.0
3470 3470 1.0
3475 3476 1.0
3478 3478 1.0
3488 3488 1.0
3502 3503 1.0
3517 3537 1.0
3539 3540 1.0
3551 3551 1.0
3558 3558 1.0
3560 3560 1.0
3563 3563 1.0
3565 3565 1.0
3568 3570 1.0
3573 3576 1.0
3579 3579 1.0
3583 3584 1.0
3591 3591 1.0
3594 3595 1.0
3610 3629 1.0
3631 3647 1.0
3649 3652 1.0
3654 3654 1.0
3657 3657 1.0
3661 3661 1.0
3665 3665 1.0
3668 3668 1.0
3752 3828 1.0
3832 3832 1.0
3905 3909 1.0
3912 3912 1.0
3919 3919 1.0
3924 3924 1.0
3926 3931 1.0
4011 4022 1.0
4024 4071 1.0
4073 4073 1.0
4075 4075 1.0
4078 4089 1.0
4102 4102 1.0
4140 4140 1.0
4156 4156 1.0
4169 4179 1.0
4279 4279 1.0
4287 4287 1.0
4289 4289 1.0
4292 4292 1.0
4296 4296 1.0
4299 4299 1.0
4301 4302 1.0
4305 4307 1.0
4309 4311 1.0
4313 4317 1.0
4319 4320 1.0
4330 4331 1.0
4373 4373 1.0
4403 4403 1.0
4406 4406 1.0
4420 4420 1.0
4422 4422 1.0
4424 4425 1.0
4427 4427 1.0
4430 4435 1.0
4437 4438 1.0
4440 4441 1.0
4443 4445 1.0
4448 4448 1.0
4450 4450 1.0
4455 4456 1.0
4459 4459 1.0
4463 4463 1.0
4465 4467 1.0
4488 4488 1.0
4490 4490 1.0
4583 4620 1.0
4622 4622 1.0
4624 4625 1.0
4627 4627 1.0
4639 4639 1.0
