160 165 1.0
175 176 1.0
178 178 1.0
181 182 1.0
189 189 1.0
197 197 1.0
246 246 1.0
250 253 1.0
255 255 1.0
258 259 1.0
262 267 1.0
269 269 1.0
271 271 1.0
308 308 1.0
313 313 1.0
315 315 1.0
317 317 1.0
319 319 1.0
323 323 1.0
327 327 1.0
333 333 1.0
335 335 1.0
347 347 1.0
350 378 1.0
380 386 1.0
388 391 1.0
393 393 1.0
397 397 1.0
400 401 1.0
407 409 1.0
416 416 1.0
422 422 1.0
428 428 1.0
458 458 1.0
470 470 1.0
472 472 1.0
474 475 1.0
478 479 1.0
482 486 1.0
488 488 1.0
490 494 1.0
496 500 1.0
502 506 1.0
513 513 1.0
515 515 1.0
520 520 1.0
536 536 1.0
540 540 1.0
568 568 1.0
574 574 1.0
580 580 1.0
588 588 1.0
591 593 1.0
595 606 1.0
609 610 1.0
612 614 1.0
617 618 1.0
620 649 1.0
651 651 1.0
655 655 1.0
657 658 1.0
660 665 1.0
669 669 1.0
677 677 1.0
679 679 1.0
681 681 1.0
