170 171 1.0
174 174 1.0
177 178 1.0
180 180 1.0
184 184 1.0
186 186 1.0
200 248 1.0
254 255 1.0
261 261 1.0
266 267 1.0
359 359 1.0
412 412 1.0
414 414 1.0
452 452 1.0
457 457 1.0
461 461 1.0
471 472 1.0
476 476 1.0
490 490 1.0
494 494 1.0
515 515 1.0
609 610 1.0
797 797 1.0
800 800 1.0
802 804 1.0
807 814 1.0
816 839 1.0
841 844 1.0
865 865 1.0
872 872 1.0
875 875 1.0
878 878 1.0
880 880 1.0
984 984 1.0
987 987 1.0
1021 1021 1.0
1026 1026 1.0
1033 1033 1.0
1035 1036 1.0
1040 1040 1.0
1043 1044 1.0
1048 1048 1.0
1054 1054 1.0
1057 1057 1.0
1061 1061 1.0
1067 1067 1.0
1069 1070 1.0
1072 1073 1.0
1075 1077 1.0
1082 1082 1.0
1094 1094 1.0
1107 1107 1.0
1109 1109 1.0
1113 1113 1.0
1121 1121 1.0
1130 1130 1.0
1242 1242 1.0
1253 1253 1.0
1258 1258 1.0
1260 1261 1.0
1263 1263 1.0
1267 1267 1.0
1271 1271 1.0
1274 1274 1.0
1276 1276 1.0
1279 1279 1.0
1284 1286 1.0
1359 1359 1.0
1406 1406 1.0
1467 1467 1.0
1492 1492 1.0
1508 1508 1.0
1519 1519 1.0
1522 1545 1.0
1547 1559 1.0
1561 1567 1.0
1570 1570 1.0
1584 1584 1.0
1667 1716 1.0
1718 1718 1.0
1725 1726 1.0
1740 1741 1.0
1889 1889 1.0
1892 1892 1.0
1897 1897 1.0
1911 1911 1.0
1913 1914 1.0
1917 1917 1.0
1922 1922 1.0
1937 1937 1.0
1940 1940 1.0
2041 2041 1.0
2043 2043 1.0
2045 2045 1.0
2051 2051 1.0
2060 2060 1.0
2063 2063 1.0
2066 2066 1.0
2068 2069 1.0
2074 2074 1.0
2137 2137 1.0
2149 2149 1.0
2151 2151 1.0
2154 2159 1.0
2161 2166 1.0
2168 2169 1.0
2171 2171 1.0
2173 2210 1.0
2212 2214 1.0
2222 2222 1.0
2224 2224 1.0
2290 2290 1.0
2300 2300 1.0
2302 2302 1.0
2307 2307 1.0
2320 2320 1.0
2324 2324 1.0
2412 2412 1.0
2485 2485 1.0
2517 2517 1.0
2520 2520 1.0
2522 2522 1.0
2527 2527 1.0
2529 2529 1.0
2536 2537 1.0
2540 2540 1.0
2545 2545 1.0
2548 2548 1.0
2552 2553 1.0
2556 2557 1.0
2655 2655 1.0
2690 2690 1.0
2709 2709 1.0
2714 2714 1.0
2720 2720 1.0
2722 2722 1.0
2724 2726 1.0
2738 2740 1.0
2745 2745 1.0
2747 2748 1.0
2750 2750 1.0
2752 2755 1.0
2758 2760 1.0
2763 2764 1.0
2784 2784 1.0
2786 2787 1.0
2853 2854 1.0
2856 2857 1.0
2859 2862 1.0
2869 2869 1.0
2877 2877 1.0
2882 2887 1.0
2893 2894 1.0
2897 2898 1.0
2900 2900 1.0
2902 2905 1.0
2907 2908 1.0
2914 2914 1.0
2937 2937 1.0
2952 2952 1.0
3006 3006 1.0
3017 3017 1.0
3030 3030 1.0
3033 3035 1.0
3039 3039 1.0
3042 3045 1.0
3047 3048 1.0
3052 3053 1.0
3057 3057 1.0
3059 3061 1.0
3065 3066 1.0
3079 3079 1.0
3166 3166 1.0
