193 193 1.0
195 195 1.0
199 199 1.0
201 201 1.0
224 224 1.0
227 227 1.0
230 230 1.0
234 234 1.0
285 285 1.0
289 289 1.0
322 322 1.0
325 325 1.0
357 357 1.0
392 392 1.0
394 394 1.0
455 455 1.0
467 467 1.0
469 470 1.0
472 472 1.0
474 513 1.0
515 518 1.0
593 593 1.0
607 607 1.0
611 611 1.0
614 614 1.0
618 618 1.0
708 708 1.0
712 712 1.0
718 718 1.0
721 721 1.0
723 726 1.0
729 729 1.0
731 732 1.0
735 735 1.0
738 776 1.0
779 779 1.0
781 781 1.0
783 784 1.0
813 813 1.0
816 816 1.0
885 885 1.0
887 887 1.0
915 915 1.0
919 919 1.0
925 925 1.0
929 929 1.0
932 932 1.0
936 936 1.0
940 940 1.0
943 943 1.0
948 948 1.0
962 962 1.0
1003 1003 1.0
1016 1016 1.0
1021 1021 1.0
1023 1024 1.0
1027 1034 1.0
1036 1078 1.0
1085 1085 1.0
1096 1096 1.0
1099 1099 1.0
1105 1105 1.0
1222 1222 1.0
1230 1230 1.0
1236 1236 1.0
1260 1260 1.0
1262 1263 1.0
1266 1266 1.0
1268 1268 1.0
1270 1270 1.0
1274 1274 1.0
1330 1330 1.0
1333 1333 1.0
1335 1337 1.0
1343 1343 1.0
1348 1348 1.0
1350 1350 1.0
1353 1376 1.0
1378 1387 1.0
1392 1394 1.0
1425 1425 1.0
1467 1467 1.0
1531 1531 1.0
1537 1538 1.0
1551 1561 1.0
1563 1567 1.0
1569 1584 1.0
1623 1626 1.0
1632 1632 1.0
1641 1641 1.0
1645 1645 1.0
1647 1647 1.0
1663 1698 1.0
1700 1700 1.0
1722 1722 1.0
1738 1738 1.0
1796 1797 1.0
1799 1800 1.0
1804 1809 1.0
1811 1811 1.0
1814 1815 1.0
1818 1826 1.0
1837 1839 1.0
1841 1842 1.0
1845 1845 1.0
1928 1928 1.0
1949 1949 1.0
1951 1951 1.0
1954 1954 1.0
1960 1970 1.0
1972 2006 1.0
2008 2024 1.0
2050 2050 1.0
2106 2107 1.0
2109 2128 1.0
2130 2140 1.0
2146 2146 1.0
2149 2149 1.0
2233 2233 1.0
2244 2244 1.0
2264 2264 1.0
2300 2300 1.0
2304 2307 1.0
2309 2311 1.0
2315 2316 1.0
2319 2321 1.0
2324 2332 1.0
2334 2334 1.0
2336 2336 1.0
2338 2338 1.0
2340 2340 1.0
2345 2345 1.0
2352 2352 1.0
2432 2437 1.0
2439 2439 1.0
2441 2442 1.0
2444 2448 1.0
2452 2461 1.0
2463 2470 1.0
2474 2474 1.0
2541 2541 1.0
2583 2585 1.0
2587 2619 1.0
2621 2625 1.0
2628 2628 1.0
2634 2634 1.0
2641 2641 1.0
2649 2649 1.0
2724 2724 1.0
2727 2727 1.0
2729 2754 1.0
2756 2756 1.0
2759 2759 1.0
2800 2800 1.0
2844 2844 1.0
2858 2858 1.0
2870 2870 1.0
2898 2898 1.0
2901 2902 1.0
2907 2914 1.0
2917 2917 1.0
2921 2921 1.0
2924 2924 1.0
3020 3074 1.0
3079 3079 1.0
3081 3081 1.0
3090 3091 1.0
3206 3206 1.0
3243 3243 1.0
3246 3248 1.0
3250 3260 1.0
3306 3306 1.0
3308 3308 1.0
3314 3314 1.0
3328 3328 1.0
3340 3371 1.0
3374 3374 1.0
3451 3451 1.0
3456 3456 1.0
3537 3573 1.0
3579 3579 1.0
3613 3614 1.0
3654 3654 1.0
3656 3656 1.0
3695 3695 1.0
3750 3750 1.0
3810 3810 1.0
3823 3823 1.0
3852 3852 1.0
3856 3856 1.0
3861 3861 1.0
3868 3868 1.0
3872 3874 1.0
3890 3891 1.0
3895 3901 1.0
3903 3915 1.0
3917 3917 1.0
3934 3934 1.0
4002 4002 1.0
4005 4012 1.0
4014 4022 1.0
4024 4032 1.0
4034 4039 1.0
4041 4049 1.0
4054 4055 1.0
4083 4083 1.0
4099 4099 1.0
4138 4138 1.0
4140 4140 1.0
4143 4144 1.0
4159 4159 1.0
4185 4185 1.0
4187 4188 1.0
4192 4192 1.0
4197 4198 1.0
4201 4202 1.0
4207 4207 1.0
4210 4210 1.0
4216 4216 1.0
4221 4221 1.0
4229 4229 1.0
4256 4256 1.0
4318 4318 1.0
4336 4394 1.0
4396 4396 1.0
4399 4404 1.0
4406 4412 1.0
4494 4494 1.0
4514 4514 1.0
4562 4562 1.0
4604 4654 1.0
4677 4679 1.0
5567 5569 1.0
