160 160 1.0
162 194 1.0
196 198 1.0
201 204 1.0
206 207 1.0
210 211 1.0
296 377 1.0
379 379 1.0
383 383 1.0
392 393 1.0
395 395 1.0
397 403 1.0
407 407 1.0
507 594 1.0
596 596 1.0
598 604 1.0
606 618 1.0
621 623 1.0
674 674 1.0
678 678 1.0
684 684 1.0
743 743 1.0
779 787 1.0
789 819 1.0
823 823 1.0
866 868 1.0
870 870 1.0
890 891 1.0
893 893 1.0
895 895 1.0
897 928 1.0
930 931 1.0
935 935 1.0
937 942 1.0
948 957 1.0
963 963 1.0
966 966 1.0
988 988 1.0
990 1044 1.0
1046 1070 1.0
1072 1072 1.0
1187 1267 1.0
1350 1350 1.0
1359 1365 1.0
1367 1370 1.0
1373 1374 1.0
1386 1386 1.0
1394 1394 1.0
1398 1404 1.0
1406 1406 1.0
1408 1408 1.0
1410 1412 1.0
1418 1418 1.0
1428 1428 1.0
1434 1434 1.0
1437 1437 1.0
1450 1450 1.0
1452 1452 1.0
1454 1476 1.0
1482 1484 1.0
1486 1488 1.0
1490 1490 1.0
1492 1530 1.0
1532 1532 1.0
1534 1534 1.0
1541 1541 1.0
1557 1557 1.0
1625 1625 1.0
1627 1681 1.0
