170 171 1.0
174 174 1.0
177 181 1.0
183 216 1.0
244 244 1.0
291 291 1.0
293 298 1.0
300 313 1.0
315 316 1.0
318 322 1.0
327 327 1.0
329 329 1.0
332 333 1.0
335 335 1.0
378 378 1.0
428 429 1.0
432 456 1.0
458 498 1.0
509 510 1.0
516 516 1.0
518 518 1.0
521 521 1.0
523 523 1.0
529 529 1.0
615 615 1.0
623 623 1.0
651 651 1.0
653 653 1.0
658 658 1.0
662 664 1.0
667 667 1.0
697 697 1.0
715 715 1.0
717 717 1.0
727 727 1.0
758 758 1.0
774 774 1.0
779 779 1.0
816 816 1.0
832 832 1.0
849 849 1.0
854 857 1.0
859 884 1.0
887 887 1.0
905 905 1.0
908 908 1.0
965 965 1.0
1006 1077 1.0
1079 1079 1.0
1170 1171 1.0
1173 1217 1.0
1219 1242 1.0
1244 1244 1.0
1284 1284 1.0
1286 1286 1.0
1288 1288 1.0
1292 1293 1.0
1298 1299 1.0
1303 1303 1.0
1332 1332 1.0
1337 1337 1.0
1422 1445 1.0
1447 1447 1.0
1538 1609 1.0
1611 1611 1.0
1616 1616 1.0
1624 1624 1.0
1684 1684 1.0
1689 1689 1.0
1691 1694 1.0
1696 1699 1.0
1701 1702 1.0
1707 1707 1.0
1722 1722 1.0
1779 1779 1.0
1792 1792 1.0
1794 1795 1.0
1798 1800 1.0
1802 1814 1.0
1817 1817 1.0
1819 1822 1.0
1824 1824 1.0
1826 1826 1.0
1937 1938 1.0
1941 1941 1.0
1943 1944 1.0
1946 1950 1.0
1953 1953 1.0
1957 1958 1.0
1960 1964 1.0
1966 1971 1.0
1973 1973 1.0
1975 1976 1.0
1978 1979 1.0
2092 2092 1.0
2106 2106 1.0
2122 2122 1.0
2126 2126 1.0
2129 2134 1.0
2136 2138 1.0
2140 2173 1.0
2178 2180 1.0
2182 2182 1.0
2193 2194 1.0
2277 2277 1.0
2281 2281 1.0
2303 2304 1.0
2308 2316 1.0
2320 2325 1.0
2327 2329 1.0
2343 2343 1.0
2346 2346 1.0
2349 2350 1.0
2352 2352 1.0
2360 2370 1.0
2377 2377 1.0
2482 2482 1.0
2493 2556 1.0
2566 2566 1.0
2665 2665 1.0
2675 2675 1.0
2679 2679 1.0
2684 2684 1.0
2687 2687 1.0
2689 2689 1.0
2692 2693 1.0
2699 2699 1.0
2731 2731 1.0
2734 2734 1.0
2764 2765 1.0
2773 2776 1.0
2780 2782 1.0
2785 2803 1.0
2805 2805 1.0
2807 2808 1.0
2894 2894 1.0
2917 2918 1.0
2922 2939 1.0
2941 2944 1.0
3033 3033 1.0
3035 3035 1.0
3040 3041 1.0
3043 3065 1.0
3069 3069 1.0
3071 3071 1.0
3139 3164 1.0
3166 3166 1.0
3171 3172 1.0
3260 3308 1.0
3311 3311 1.0
3315 3322 1.0
3324 3341 1.0
3355 3355 1.0
3359 3360 1.0
3365 3367 1.0
3466 3540 1.0
3544 3544 1.0
3626 3626 1.0
3628 3703 1.0
3791 3791 1.0
3793 3803 1.0
3805 3839 1.0
3841 3842 1.0
3845 3845 1.0
3847 3847 1.0
3883 3883 1.0
3916 3916 1.0
3927 3946 1.0
3951 3951 1.0
3957 3957 1.0
3964 3964 1.0
4042 4042 1.0
4046 4046 1.0
4048 4048 1.0
4050 4056 1.0
4058 4058 1.0
4060 4060 1.0
4062 4064 1.0
4066 4066 1.0
4068 4068 1.0
4074 4074 1.0
4088 4088 1.0
4091 4096 1.0
4098 4110 1.0
4112 4112 1.0
4116 4116 1.0
4237 4240 1.0
4243 4291 1.0
4303 4303 1.0
4378 4378 1.0
4386 4388 1.0
4392 4438 1.0
4440 4440 1.0
4442 4442 1.0
4444 4450 1.0
4452 4452 1.0
4454 4456 1.0
4458 4458 1.0
4460 4460 1.0
4462 4462 1.0
4470 4470 1.0
