160 199 1.0
201 205 1.0
207 216 1.0
218 239 1.0
320 369 1.0
371 384 1.0
386 386 1.0
388 390 1.0
404 404 1.0
421 421 1.0
427 438 1.0
440 449 1.0
451 457 1.0
466 466 1.0
518 518 1.0
549 596 1.0
598 653 1.0
656 656 1.0
745 813 1.0
856 856 1.0
860 860 1.0
862 862 1.0
864 864 1.0
873 874 1.0
877 878 1.0
880 886 1.0
888 931 1.0
966 966 1.0
1009 1009 1.0
1011 1014 1.0
1016 1044 1.0
1046 1067 1.0
1069 1069 1.0
1072 1073 1.0
1084 1084 1.0
1094 1094 1.0
1109 1109 1.0
1116 1119 1.0
1121 1122 1.0
1127 1127 1.0
1129 1130 1.0
1133 1137 1.0
1139 1139 1.0
1141 1141 1.0
1144 1214 1.0
1216 1219 1.0
1221 1222 1.0
1227 1227 1.0
1332 1412 1.0
1414 1414 1.0
1417 1417 1.0
1483 1484 1.0
1486 1486 1.0
1493 1493 1.0
1499 1531 1.0
1566 1582 1.0
1584 1618 1.0
1620 1638 1.0
1640 1640 1.0
1642 1643 1.0
1698 1698 1.0
1718 1720 1.0
1724 1724 1.0
1726 1726 1.0
1732 1732 1.0
1736 1736 1.0
1740 1740 1.0
1742 1755 1.0
1757 1784 1.0
1786 1786 1.0
1788 1788 1.0
1806 1807 1.0
1809 1810 1.0
1812 1822 1.0
1831 1831 1.0
1834 1835 1.0
1842 1885 1.0
1887 1888 1.0
1890 1891 1.0
1894 1894 1.0
1897 1897 1.0
1899 1899 1.0
1901 1922 1.0
1924 1926 1.0
4053 4054 1.0
