160 162 1.0
164 223 1.0
303 303 1.0
309 309 1.0
311 315 1.0
317 319 1.0
395 395 1.0
400 400 1.0
403 417 1.0
419 426 1.0
429 432 1.0
444 444 1.0
447 447 1.0
509 590 1.0
592 597 1.0
601 604 1.0
606 606 1.0
608 608 1.0
611 611 1.0
731 731 1.0
735 791 1.0
793 816 1.0
871 879 1.0
903 904 1.0
906 908 1.0
910 912 1.0
915 915 1.0
959 981 1.0
992 993 1.0
999 999 1.0
1001 1015 1.0
1079 1079 1.0
1082 1082 1.0
1090 1090 1.0
1095 1096 1.0
1122 1136 1.0
1165 1165 1.0
1172 1172 1.0
1175 1237 1.0
1239 1241 1.0
1269 1269 1.0
1271 1271 1.0
1273 1273 1.0
1280 1280 1.0
1284 1287 1.0
1289 1290 1.0
1294 1294 1.0
1298 1299 1.0
1301 1305 1.0
1308 1310 1.0
1313 1324 1.0
1327 1335 1.0
1446 1446 1.0
1450 1453 1.0
1456 1457 1.0
1483 1501 1.0
1503 1503 1.0
1527 1527 1.0
1534 1534 1.0
1537 1537 1.0
1539 1575 1.0
1577 1615 1.0
1693 1693 1.0
1695 1716 1.0
1718 1791 1.0
1796 1796 1.0
1894 1979 1.0
2099 2099 1.0
2103 2119 1.0
2121 2155 1.0
2181 2181 1.0
2191 2191 1.0
2193 2210 1.0
2212 2212 1.0
2214 2269 1.0
2271 2271 1.0
2290 2290 1.0
2366 2366 1.0
2370 2450 1.0
2452 2457 1.0
2459 2459 1.0
2461 2461 1.0
2475 2475 1.0
2494 2494 1.0
2559 2559 1.0
2585 2585 1.0
2589 2617 1.0
2619 2619 1.0
2621 2621 1.0
2623 2645 1.0
2697 2697 1.0
2699 2699 1.0
2701 2701 1.0
2707 2708 1.0
2727 2727 1.0
2729 2741 1.0
2743 2743 1.0
2745 2745 1.0
2783 2783 1.0
2785 2785 1.0
2788 2796 1.0
2800 2800 1.0
2804 2804 1.0
2823 2823 1.0
2825 2825 1.0
2839 2840 1.0
2843 2843 1.0
2845 2848 1.0
2850 2850 1.0
2855 2855 1.0
2857 2857 1.0
2888 2889 1.0
2895 2895 1.0
2898 2903 1.0
2905 2954 1.0
2956 2956 1.0
2970 2970 1.0
2973 2973 1.0
2975 2975 1.0
2977 3017 1.0
3019 3043 1.0
3045 3046 1.0
3097 3097 1.0
3119 3119 1.0
3123 3123 1.0
3126 3126 1.0
3128 3128 1.0
3134 3134 1.0
3137 3137 1.0
3139 3141 1.0
3143 3143 1.0
3146 3146 1.0
3148 3174 1.0
3183 3183 1.0
3210 3210 1.0
3217 3217 1.0
3246 3246 1.0
3248 3249 1.0
3252 3315 1.0
3317 3317 1.0
3320 3321 1.0
3324 3324 1.0
3326 3326 1.0
3346 3347 1.0
3349 3359 1.0
3361 3412 1.0
3414 3424 1.0
3510 3575 1.0
3638 3640 1.0
3642 3642 1.0
3644 3715 1.0
3721 3721 1.0
3733 3733 1.0
3841 3841 1.0
3845 3916 1.0
3918 3918 1.0
3964 3964 1.0
3966 3966 1.0
3968 3968 1.0
3970 3970 1.0
3972 3972 1.0
3974 3979 1.0
3981 3982 1.0
3984 4020 1.0
4118 4167 1.0
4169 4170 1.0
4220 4223 1.0
4225 4298 1.0
4427 4428 1.0
4430 4430 1.0
4432 4435 1.0
4437 4438 1.0
4440 4448 1.0
4450 4496 1.0
4528 4528 1.0
4555 4555 1.0
4561 4561 1.0
4564 4564 1.0
4575 4606 1.0
4614 4615 1.0
4618 4620 1.0
4622 4625 1.0
4628 4652 1.0
4654 4657 1.0
4679 4690 1.0
4695 4695 1.0
4700 4700 1.0
4705 4706 1.0
4708 4708 1.0
4802 4802 1.0
4805 4849 1.0
4851 4855 1.0
4857 4860 1.0
4919 4986 1.0
4991 4994 1.0
4996 4998 1.0
5001 5001 1.0
5053 5053 1.0
5055 5056 1.0
5058 5062 1.0
5064 5064 1.0
5066 5068 1.0
5074 5074 1.0
5165 5169 1.0
5171 5226 1.0
5230 5230 1.0
