268 268 1.0
271 308 1.0
388 417 1.0
510 510 1.0
514 549 1.0
637 637 1.0
652 652 1.0
654 654 1.0
656 670 1.0
672 672 1.0
779 799 1.0
819 850 1.0
852 855 1.0
858 859 1.0
864 864 1.0
867 867 1.0
872 872 1.0
874 874 1.0
878 897 1.0
979 1042 1.0
1050 1057 1.0
1153 1208 1.0
1264 1335 1.0
1414 1492 1.0
1653 1746 1.0
1840 1857 1.0
1859 1859 1.0
1861 1863 1.0
1865 1866 1.0
1871 1871 1.0
1873 1896 1.0
1999 2072 1.0
2160 2193 1.0
2272 2319 1.0
2321 2321 1.0
2490 2490 1.0
2492 2492 1.0
2494 2494 1.0
2496 2513 1.0
2543 2543 1.0
2545 2570 1.0
2572 2572 1.0
2574 2575 1.0
2590 2640 1.0
2642 2642 1.0
2777 2778 1.0
2784 2784 1.0
2864 2945 1.0
2976 2980 1.0
3071 3071 1.0
3073 3149 1.0
3233 3296 1.0
3362 3373 1.0
3376 3376 1.0
3389 3421 1.0
3459 3467 1.0
3498 3524 1.0
3620 3620 1.0
3623 3682 1.0
10354 10354 1.0
