161 171 1.0
200 210 1.0
212 212 1.0
250 281 1.0
324 324 1.0
364 392 1.0
394 395 1.0
399 399 1.0
440 442 1.0
445 446 1.0
527 548 1.0
567 567 1.0
570 601 1.0
627 660 1.0
683 706 1.0
819 904 1.0
1018 1025 1.0
1027 1027 1.0
1035 1035 1.0
1037 1037 1.0
1146 1219 1.0
1306 1384 1.0
1475 1475 1.0
1477 1480 1.0
1482 1483 1.0
1485 1539 1.0
1541 1541 1.0
1701 1782 1.0
1867 1943 1.0
2059 2060 1.0
2062 2111 1.0
2191 2229 1.0
2232 2232 1.0
2234 2234 1.0
2236 2237 1.0
2239 2269 1.0
2426 2505 1.0
2585 2586 1.0
2588 2669 1.0
2671 2671 1.0
2790 2826 1.0
2848 2870 1.0
2872 2872 1.0
2904 2933 1.0
2948 2948 1.0
2950 2982 1.0
3082 3082 1.0
3086 3087 1.0
3089 3131 1.0
3133 3141 1.0
3143 3150 1.0
3152 3153 1.0
3167 3167 1.0
3274 3367 1.0
3479 3479 1.0
3483 3483 1.0
3487 3521 1.0
3601 3620 1.0
3644 3681 1.0
3697 3723 1.0
3818 3898 1.0
3900 3900 1.0
3958 3996 1.0
4134 4184 1.0
8056 8056 1.0
8060 8060 1.0
