210 210 1.0
212 213 1.0
215 272 1.0
350 397 1.0
474 529 1.0
532 532 1.0
535 535 1.0
537 537 1.0
539 539 1.0
541 541 1.0
631 705 1.0
829 854 1.0
882 903 1.0
935 958 1.0
975 975 1.0
977 1014 1.0
1108 1173 1.0
1242 1282 1.0
1343 1404 1.0
1418 1418 1.0
1480 1488 1.0
1499 1510 1.0
1541 1541 1.0
1543 1546 1.0
1568 1617 1.0
1630 1646 1.0
1696 1712 1.0
1725 1736 1.0
1741 1741 1.0
1816 1854 1.0
1858 1859 1.0
1869 1869 1.0
1875 1875 1.0
1877 1877 1.0
1941 1943 1.0
1945 1953 1.0
2067 2134 1.0
2231 2231 1.0
2233 2254 1.0
2256 2256 1.0
2258 2258 1.0
2296 2377 1.0
2513 2513 1.0
2515 2597 1.0
2600 2600 1.0
2684 2723 1.0
2726 2726 1.0
2810 2869 1.0
2882 2888 1.0
2944 2957 1.0
2959 2959 1.0
3037 3124 1.0
3251 3333 1.0
3385 3385 1.0
3387 3387 1.0
3593 3593 1.0
3595 3690 1.0
3813 3955 1.0
4062 4062 1.0
4064 4066 1.0
4069 4162 1.0
4287 4367 1.0
4507 4508 1.0
4510 4533 1.0
4616 4695 1.0
4773 4821 1.0
4895 4956 1.0
5020 5021 1.0
5023 5093 1.0
5288 5288 1.0
5309 5309 1.0
5313 5313 1.0
5317 5319 1.0
5328 5350 1.0
