163 164 1.0
166 166 1.0
168 168 1.0
230 312 1.0
374 391 1.0
492 530 1.0
552 552 1.0
554 557 1.0
664 665 1.0
667 670 1.0
672 672 1.0
674 679 1.0
681 686 1.0
692 708 1.0
1038 1104 1.0
1233 1233 1.0
1241 1243 1.0
1349 1425 1.0
1539 1589 1.0
1712 1743 1.0
1836 1849 1.0
1900 1916 1.0
1928 1960 1.0
2046 2119 1.0
2228 2228 1.0
2230 2230 1.0
2232 2232 1.0
2234 2234 1.0
2242 2242 1.0
2244 2245 1.0
2248 2264 1.0
2447 2449 1.0
2451 2451 1.0
2453 2454 1.0
2462 2514 1.0
2608 2679 1.0
2762 2834 1.0
3051 3051 1.0
3053 3057 1.0
3059 3063 1.0
3065 3084 1.0
3117 3117 1.0
3119 3123 1.0
3125 3125 1.0
3127 3127 1.0
3261 3271 1.0
3352 3397 1.0
3485 3503 1.0
3505 3513 1.0
3562 3563 1.0
3566 3566 1.0
3568 3570 1.0
3581 3581 1.0
3583 3583 1.0
3589 3589 1.0
3591 3591 1.0
3593 3615 1.0
3617 3621 1.0
4691 4691 1.0
