234 311 1.0
544 555 1.0
557 575 1.0
579 579 1.0
702 781 1.0
789 835 1.0
837 837 1.0
923 968 1.0
984 991 1.0
1074 1151 1.0
1209 1268 1.0
1351 1407 1.0
1565 1646 1.0
1740 1741 1.0
1743 1755 1.0
1853 1853 1.0
1855 1855 1.0
1858 1861 1.0
1863 1864 1.0
1952 2031 1.0
2035 2050 1.0
2053 2053 1.0
2186 2272 1.0
2406 2438 1.0
2568 2640 1.0
2678 2728 1.0
2812 2863 1.0
2865 2868 1.0
2941 2943 1.0
2948 2948 1.0
2950 2952 1.0
2954 2974 1.0
2976 2976 1.0
2978 2978 1.0
2984 2999 1.0
3207 3281 1.0
3437 3439 1.0
3529 3529 1.0
3531 3580 1.0
3661 3682 1.0
5567 5569 1.0
