160 189 1.0
199 199 1.0
201 215 1.0
217 217 1.0
285 285 1.0
287 319 1.0
329 351 1.0
355 441 1.0
538 539 1.0
541 638 1.0
640 640 1.0
725 804 1.0
899 1026 1.0
1143 1152 1.0
1168 1268 1.0
1352 1413 1.0
1479 1546 1.0
1696 1758 1.0
1782 1788 1.0
1790 1790 1.0
1838 1861 1.0
1868 1915 1.0
2054 2102 1.0
2170 2227 1.0
2264 2264 1.0
2266 2364 1.0
2458 2470 1.0
2473 2473 1.0
2481 2533 1.0
2549 2563 1.0
2610 2628 1.0
2631 2631 1.0
2633 2633 1.0
2635 2635 1.0
2637 2637 1.0
2640 2696 1.0
2801 2823 1.0
2825 2845 1.0
2850 2867 1.0
2961 2985 1.0
3013 3033 1.0
3064 3141 1.0
3259 3375 1.0
3378 3378 1.0
3380 3380 1.0
3382 3383 1.0
3385 3385 1.0
3401 3401 1.0
3403 3407 1.0
3523 3575 1.0
3667 3785 1.0
3788 3789 1.0
3926 3997 1.0
4091 4176 1.0
4267 4286 1.0
4288 4288 1.0
4310 4383 1.0
4461 4539 1.0
4553 4599 1.0
4678 4728 1.0
4734 4741 1.0
4833 4842 1.0
4858 4912 1.0
5003 5081 1.0
5170 5203 1.0
5225 5247 1.0
5287 5304 1.0
