250 277 1.0
379 379 1.0
381 392 1.0
394 395 1.0
397 397 1.0
488 564 1.0
592 592 1.0
597 597 1.0
601 602 1.0
604 604 1.0
606 607 1.0
611 611 1.0
616 616 1.0
784 860 1.0
944 1021 1.0
1117 1192 1.0
1264 1329 1.0
1586 1635 1.0
1637 1641 1.0
1643 1644 1.0
1698 1722 1.0
1801 1856 1.0
1997 2081 1.0
2214 2233 1.0
2312 2368 1.0
2455 2505 1.0
2576 2632 1.0
2696 2751 1.0
2832 2847 1.0
2957 3038 1.0
3132 3212 1.0
3297 3297 1.0
3299 3299 1.0
3301 3303 1.0
3305 3305 1.0
3307 3309 1.0
3311 3312 1.0
3317 3317 1.0
3322 3322 1.0
3437 3502 1.0
3504 3504 1.0
3573 3574 1.0
3576 3633 1.0
3765 3847 1.0
3863 3871 1.0
3927 3938 1.0
3940 3941 1.0
3951 3994 1.0
4079 4137 1.0
4245 4299 1.0
4373 4436 1.0
4620 4708 1.0
4710 4710 1.0
4809 4889 1.0
4967 5006 1.0
5103 5186 1.0
5316 5366 1.0
5368 5368 1.0
5435 5467 1.0
5691 5691 1.0
5708 5719 1.0
5824 5825 1.0
5831 5831 1.0
5834 5836 1.0
5839 5841 1.0
5844 5880 1.0
5882 5882 1.0
5991 6050 1.0
6092 6092 1.0
6094 6158 1.0
6262 6341 1.0
6349 6350 1.0
6373 6408 1.0
6410 6410 1.0
6513 6610 1.0
6612 6612 1.0
6614 6614 1.0
6747 6832 1.0
6958 6996 1.0
7009 7023 1.0
7104 7196 1.0
7298 7380 1.0
7460 7531 1.0
7535 7535 1.0
7606 7609 1.0
7611 7614 1.0
7616 7616 1.0
7618 7621 1.0
7642 7657 1.0
7659 7662 1.0
7664 7670 1.0
7672 7674 1.0
7676 7678 1.0
7681 7681 1.0
7693 7714 1.0
7761 7773 1.0
7775 7782 1.0
7784 7786 1.0
7789 7813 1.0
7819 7819 1.0
7821 7838 1.0
7965 8033 1.0
8114 8194 1.0
8296 8375 1.0
8448 8515 1.0
8643 8682 1.0
