448 460 1.0
462 464 1.0
906 941 1.0
1098 1172 1.0
1244 1312 1.0
1420 1450 1.0
1682 1682 1.0
1684 1741 1.0
1817 1865 1.0
1951 1975 1.0
1977 1980 1.0
2102 2102 1.0
2224 2224 1.0
2237 2237 1.0
2247 2247 1.0
2249 2253 1.0
2257 2259 1.0
2341 2360 1.0
2536 2609 1.0
2689 2746 1.0
2857 2899 1.0
2901 2901 1.0
3080 3080 1.0
3082 3189 1.0
3326 3326 1.0
3336 3336 1.0
3338 3404 1.0
3406 3413 1.0
3431 3431 1.0
3435 3456 1.0
3458 3458 1.0
3460 3460 1.0
3462 3462 1.0
3466 3466 1.0
3474 3511 1.0
3591 3591 1.0
3594 3652 1.0
3741 3827 1.0
3997 3997 1.0
4005 4005 1.0
4007 4095 1.0
4204 4274 1.0
4440 4522 1.0
4601 4677 1.0
4812 4879 1.0
4979 5069 1.0
5101 5101 1.0
