204 282 1.0
378 379 1.0
383 384 1.0
422 496 1.0
566 624 1.0
626 626 1.0
704 704 1.0
706 833 1.0
835 835 1.0
939 1018 1.0
1115 1195 1.0
1263 1270 1.0
1277 1277 1.0
1279 1279 1.0
1291 1291 1.0
1293 1295 1.0
1297 1355 1.0
1357 1419 1.0
1526 1566 1.0
1600 1614 1.0
1640 1678 1.0
1694 1704 1.0
1706 1713 1.0
1718 1718 1.0
1722 1776 1.0
1778 1778 1.0
1780 1780 1.0
1783 1810 1.0
1812 1822 1.0
1918 2002 1.0
2088 2213 1.0
2278 2341 1.0
2410 2471 1.0
2532 2532 1.0
2534 2571 1.0
2589 2600 1.0
2657 2659 1.0
2694 2769 1.0
2853 2933 1.0
3016 3090 1.0
3133 3135 1.0
3162 3163 1.0
3165 3195 1.0
3199 3199 1.0
3207 3209 1.0
3267 3267 1.0
3288 3366 1.0
3456 3540 1.0
