160 203 1.0
223 232 1.0
285 285 1.0
313 313 1.0
316 318 1.0
320 322 1.0
324 324 1.0
402 402 1.0
404 442 1.0
444 449 1.0
453 454 1.0
462 463 1.0
465 467 1.0
469 479 1.0
516 516 1.0
518 532 1.0
534 535 1.0
537 539 1.0
563 582 1.0
584 584 1.0
586 586 1.0
596 596 1.0
602 602 1.0
604 606 1.0
609 655 1.0
657 658 1.0
660 667 1.0
677 677 1.0
752 822 1.0
890 948 1.0
1037 1117 1.0
1197 1213 1.0
1216 1217 1.0
1219 1285 1.0
1287 1288 1.0
1369 1369 1.0
1375 1376 1.0
1378 1380 1.0
1421 1421 1.0
1423 1457 1.0
1496 1498 1.0
1538 1617 1.0
1719 1783 1.0
1868 1868 1.0
1870 1870 1.0
1873 1874 1.0
1876 1935 1.0
1937 1938 1.0
1996 1999 1.0
2007 2007 1.0
2009 2066 1.0
2142 2217 1.0
2309 2394 1.0
2397 2397 1.0
2444 2445 1.0
2447 2520 1.0
2604 2681 1.0
2789 2792 1.0
2794 2894 1.0
3005 3074 1.0
3141 3210 1.0
3245 3273 1.0
3287 3321 1.0
3402 3402 1.0
3420 3464 1.0
3563 3639 1.0
3641 3641 1.0
3657 3681 1.0
4976 4976 1.0
5139 5139 1.0
