160 207 1.0
209 209 1.0
257 298 1.0
303 334 1.0
432 474 1.0
477 515 1.0
517 517 1.0
608 679 1.0
765 845 1.0
931 1011 1.0
1026 1026 1.0
1029 1032 1.0
1137 1215 1.0
1217 1217 1.0
1287 1310 1.0
1313 1313 1.0
1316 1316 1.0
1319 1319 1.0
1322 1322 1.0
1326 1326 1.0
1328 1328 1.0
1335 1335 1.0
1339 1341 1.0
1343 1364 1.0
1384 1385 1.0
1387 1387 1.0
1389 1390 1.0
1397 1397 1.0
1399 1400 1.0
1402 1404 1.0
1406 1406 1.0
1408 1417 1.0
1420 1422 1.0
1510 1588 1.0
1686 1749 1.0
1753 1753 1.0
1771 1798 1.0
1800 1800 1.0
1802 1802 1.0
1886 1931 1.0
2008 2086 1.0
2184 2192 1.0
2194 2198 1.0
2200 2201 1.0
2240 2316 1.0
2366 2366 1.0
2372 2381 1.0
2383 2384 1.0
2386 2395 1.0
2478 2561 1.0
2674 2687 1.0
2702 2753 1.0
2765 2786 1.0
2864 2924 1.0
3028 3028 1.0
3127 3127 1.0
3129 3212 1.0
3218 3218 1.0
3222 3222 1.0
3303 3303 1.0
3305 3305 1.0
3310 3310 1.0
3316 3316 1.0
3318 3318 1.0
3320 3325 1.0
3327 3328 1.0
3330 3331 1.0
3335 3335 1.0
3337 3337 1.0
3339 3340 1.0
3343 3343 1.0
3346 3364 1.0
3376 3381 1.0
3383 3396 1.0
3497 3497 1.0
3502 3523 1.0
3525 3528 1.0
3530 3530 1.0
3544 3544 1.0
3619 3619 1.0
3629 3629 1.0
3632 3632 1.0
3634 3716 1.0
3718 3729 1.0
3765 3767 1.0
3769 3776 1.0
3778 3779 1.0
3875 3876 1.0
3878 3878 1.0
3880 3880 1.0
3882 3922 1.0
3930 3933 1.0
4004 4004 1.0
4043 4043 1.0
4046 4067 1.0
4075 4075 1.0
4080 4080 1.0
4082 4088 1.0
4091 4095 1.0
4111 4111 1.0
4316 4317 1.0
4319 4326 1.0
4328 4328 1.0
4336 4344 1.0
4346 4346 1.0
4348 4354 1.0
4356 4356 1.0
4358 4358 1.0
4360 4360 1.0
4362 4366 1.0
4368 4464 1.0
4555 4559 1.0
4582 4628 1.0
4638 4665 1.0
4745 4804 1.0
4902 4912 1.0
4914 4925 1.0
4927 4928 1.0
4930 4931 1.0
4933 4933 1.0
4992 4992 1.0
4994 4994 1.0
4996 5086 1.0
5200 5200 1.0
5202 5202 1.0
5260 5260 1.0
5262 5264 1.0
5266 5273 1.0
5275 5275 1.0
5280 5280 1.0
5282 5348 1.0
5350 5353 1.0
5355 5355 1.0
5357 5357 1.0
5419 5472 1.0
5475 5475 1.0
5554 5627 1.0
5687 5687 1.0
5698 5751 1.0
5753 5753 1.0
5835 5836 1.0
5838 5838 1.0
5841 5843 1.0
5845 5854 1.0
5856 5862 1.0
5890 5890 1.0
5892 5892 1.0
5894 5895 1.0
5897 5911 1.0
5916 5916 1.0
5918 5919 1.0
5923 5923 1.0
6011 6124 1.0
6191 6221 1.0
6311 6342 1.0
6344 6345 1.0
6347 6347 1.0
6412 6445 1.0
6473 6487 1.0
6524 6556 1.0
6598 6601 1.0
6649 6649 1.0
6652 6656 1.0
6658 6660 1.0
6664 6664 1.0
6774 6847 1.0
6849 6849 1.0
6851 6851 1.0
6964 7043 1.0
7047 7047 1.0
7052 7131 1.0
7239 7239 1.0
7241 7348 1.0
7350 7350 1.0
7521 7521 1.0
7523 7597 1.0
7720 7720 1.0
7722 7722 1.0
7724 7729 1.0
7732 7732 1.0
7740 7740 1.0
7757 7757 1.0
7759 7759 1.0
7762 7776 1.0
7779 7785 1.0
7790 7815 1.0
7817 7820 1.0
7823 7823 1.0
7825 7825 1.0
7837 7837 1.0
7839 7872 1.0
7875 7875 1.0
7878 7878 1.0
7880 7882 1.0
