246 300 1.0
302 302 1.0
304 413 1.0
421 421 1.0
423 460 1.0
548 646 1.0
727 805 1.0
931 931 1.0
933 1004 1.0
1078 1135 1.0
1137 1137 1.0
1237 1332 1.0
1334 1334 1.0
1342 1342 1.0
1344 1344 1.0
1441 1527 1.0
1598 1598 1.0
1601 1683 1.0
1783 1783 1.0
1785 1800 1.0
1802 1875 1.0
1880 1880 1.0
1884 1884 1.0
1887 1887 1.0
1897 1897 1.0
1980 2059 1.0
2146 2223 1.0
2318 2421 1.0
2423 2423 1.0
2525 2525 1.0
2531 2603 1.0
2605 2606 1.0
2686 2686 1.0
2693 2698 1.0
2700 2700 1.0
2702 2704 1.0
2710 2710 1.0
2712 2764 1.0
2768 2768 1.0
2850 2851 1.0
2853 2931 1.0
2934 2935 1.0
3026 3105 1.0
3201 3201 1.0
3203 3203 1.0
3205 3289 1.0
3291 3292 1.0
3412 3412 1.0
3414 3458 1.0
3464 3464 1.0
3466 3466 1.0
3469 3469 1.0
3529 3603 1.0
3605 3605 1.0
3754 3754 1.0
3756 3828 1.0
3875 3875 1.0
3901 3953 1.0
3955 3973 1.0
3975 3976 1.0
4006 4010 1.0
4012 4012 1.0
4014 4015 1.0
4017 4019 1.0
4021 4022 1.0
4029 4029 1.0
4031 4031 1.0
4042 4042 1.0
4044 4044 1.0
4048 4049 1.0
4051 4051 1.0
4053 4053 1.0
4056 4056 1.0
4080 4080 1.0
4090 4094 1.0
4096 4096 1.0
4102 4102 1.0
4107 4107 1.0
4109 4109 1.0
4111 4111 1.0
4116 4116 1.0
4118 4118 1.0
4142 4142 1.0
4146 4146 1.0
4148 4158 1.0
4160 4164 1.0
4174 4174 1.0
4177 4177 1.0
4180 4180 1.0
4182 4186 1.0
4189 4215 1.0
4275 4275 1.0
4277 4277 1.0
4279 4279 1.0
4281 4284 1.0
4286 4350 1.0
4352 4355 1.0
4357 4358 1.0
4360 4361 1.0
4363 4364 1.0
4462 4470 1.0
4472 4542 1.0
4550 4550 1.0
4630 4703 1.0
4705 4705 1.0
4719 4756 1.0
4760 4760 1.0
4768 4768 1.0
4774 4774 1.0
4779 4790 1.0
4792 4800 1.0
4802 4802 1.0
4804 4804 1.0
4824 4824 1.0
4826 4826 1.0
4828 4828 1.0
4830 4830 1.0
4832 4832 1.0
4834 4834 1.0
4836 4846 1.0
4848 4862 1.0
4870 4870 1.0
4872 4872 1.0
4896 4896 1.0
4991 4991 1.0
4993 4997 1.0
4999 5010 1.0
5012 5079 1.0
5082 5083 1.0
5087 5087 1.0
5089 5090 1.0
5096 5096 1.0
5098 5098 1.0
5100 5100 1.0
5102 5102 1.0
5108 5108 1.0
5142 5142 1.0
5160 5160 1.0
5164 5164 1.0
