212 355 1.0
451 526 1.0
569 569 1.0
610 638 1.0
640 641 1.0
647 647 1.0
649 699 1.0
737 748 1.0
754 754 1.0
832 904 1.0
985 1028 1.0
1098 1144 1.0
1220 1291 1.0
1378 1457 1.0
1527 1565 1.0
1634 1709 1.0
1777 1783 1.0
1785 1786 1.0
1792 1793 1.0
1888 1961 1.0
2039 2116 1.0
2242 2242 1.0
2244 2257 1.0
2259 2295 1.0
2297 2301 1.0
2303 2303 1.0
2307 2307 1.0
2309 2309 1.0
2311 2315 1.0
2317 2325 1.0
2349 2349 1.0
2356 2437 1.0
2456 2467 1.0
2564 2602 1.0
2604 2604 1.0
2697 2703 1.0
2707 2813 1.0
2895 2975 1.0
3007 3008 1.0
3010 3013 1.0
3015 3015 1.0
3037 3039 1.0
3191 3247 1.0
4665 4665 1.0
4667 4667 1.0
