160 227 1.0
329 412 1.0
508 548 1.0
550 550 1.0
620 688 1.0
769 848 1.0
1013 1031 1.0
1051 1142 1.0
1147 1148 1.0
1264 1346 1.0
1471 1471 1.0
1478 1479 1.0
1486 1486 1.0
1489 1496 1.0
1498 1592 1.0
1751 1826 1.0
1905 1905 1.0
1907 1907 1.0
1910 1910 1.0
1959 2017 1.0
2093 2166 1.0
2240 2273 1.0
2275 2275 1.0
2278 2278 1.0
2280 2280 1.0
2282 2304 1.0
2316 2318 1.0
2445 2445 1.0
2447 2551 1.0
2556 2556 1.0
2560 2562 1.0
2564 2564 1.0
2568 2568 1.0
2570 2570 1.0
2572 2572 1.0
2574 2574 1.0
2588 2590 1.0
2592 2592 1.0
2594 2598 1.0
2600 2600 1.0
2602 2602 1.0
2750 2824 1.0
2876 2876 1.0
2891 2893 1.0
2895 2920 1.0
2933 3005 1.0
3081 3148 1.0
3238 3319 1.0
3406 3483 1.0
3487 3487 1.0
3489 3491 1.0
3493 3517 1.0
3575 3583 1.0
3587 3601 1.0
3686 3811 1.0
3896 3898 1.0
3901 3942 1.0
3944 3944 1.0
3963 3986 1.0
4031 4031 1.0
4035 4036 1.0
4038 4041 1.0
4043 4121 1.0
4218 4305 1.0
4319 4332 1.0
4380 4456 1.0
4458 4458 1.0
4552 4553 1.0
4555 4647 1.0
4649 4649 1.0
4656 4673 1.0
