340 340 1.0
346 346 1.0
348 348 1.0
354 354 1.0
360 361 1.0
364 364 1.0
366 366 1.0
369 370 1.0
372 372 1.0
375 375 1.0
383 387 1.0
389 395 1.0
397 398 1.0
400 401 1.0
403 405 1.0
407 409 1.0
411 411 1.0
413 415 1.0
417 424 1.0
426 432 1.0
434 435 1.0
440 440 1.0
444 444 1.0
451 451 1.0
454 454 1.0
462 462 1.0
465 465 1.0
470 470 1.0
474 474 1.0
476 476 1.0
478 479 1.0
481 482 1.0
484 484 1.0
486 487 1.0
492 492 1.0
502 502 1.0
504 504 1.0
528 528 1.0
535 535 1.0
537 537 1.0
539 539 1.0
541 541 1.0
545 549 1.0
551 551 1.0
554 554 1.0
560 561 1.0
565 566 1.0
568 568 1.0
571 571 1.0
574 574 1.0
576 576 1.0
578 579 1.0
582 582 1.0
584 584 1.0
586 589 1.0
592 592 1.0
596 598 1.0
600 600 1.0
602 602 1.0
604 604 1.0
606 606 1.0
609 609 1.0
618 619 1.0
622 624 1.0
626 627 1.0
629 629 1.0
640 641 1.0
644 648 1.0
650 655 1.0
665 665 1.0
667 667 1.0
671 672 1.0
681 681 1.0
686 686 1.0
692 692 1.0
702 702 1.0
704 704 1.0
706 706 1.0
710 710 1.0
714 714 1.0
720 720 1.0
722 722 1.0
724 724 1.0
728 728 1.0
730 730 1.0
732 732 1.0
734 734 1.0
740 741 1.0
743 744 1.0
746 746 1.0
750 750 1.0
754 754 1.0
757 757 1.0
760 760 1.0
763 763 1.0
771 772 1.0
778 778 1.0
783 795 1.0
797 800 1.0
802 832 1.0
834 838 1.0
840 850 1.0
852 856 1.0
858 862 1.0
864 869 1.0
871 872 1.0
874 878 1.0
880 882 1.0
884 885 1.0
887 888 1.0
890 891 1.0
893 899 1.0
901 902 1.0
904 906 1.0
911 911 1.0
925 925 1.0
1041 1041 1.0
1044 1044 1.0
1046 1051 1.0
1053 1053 1.0
1055 1065 1.0
1069 1070 1.0
1072 1072 1.0
1074 1144 1.0
1146 1153 1.0
1156 1156 1.0
1164 1164 1.0
1196 1197 1.0
1200 1200 1.0
1274 1274 1.0
1290 1290 1.0
1295 1324 1.0
1326 1328 1.0
1330 1341 1.0
1343 1359 1.0
1361 1402 1.0
1404 1417 1.0
1419 1421 1.0
1423 1423 1.0
1471 1471 1.0
1549 1549 1.0
1551 1551 1.0
1553 1599 1.0
1601 1653 1.0
1655 1655 1.0
1657 1657 1.0
1660 1660 1.0
1672 1672 1.0
1674 1674 1.0
1676 1676 1.0
1703 1705 1.0
1707 1710 1.0
1712 1752 1.0
1754 1758 1.0
1760 1762 1.0
1764 1788 1.0
1790 1802 1.0
1812 1812 1.0
1814 1814 1.0
1828 1828 1.0
1932 2061 1.0
2160 2160 1.0
2200 2200 1.0
2204 2204 1.0
2208 2208 1.0
2216 2226 1.0
2228 2328 1.0
2330 2336 1.0
2338 2345 1.0
2348 2350 1.0
2352 2352 1.0
2355 2355 1.0
2407 2407 1.0
2414 2414 1.0
2419 2420 1.0
2424 2424 1.0
2430 2430 1.0
2432 2433 1.0
2436 2436 1.0
2438 2438 1.0
2441 2466 1.0
2468 2472 1.0
2474 2478 1.0
2480 2488 1.0
2490 2490 1.0
2492 2492 1.0
2494 2494 1.0
2496 2498 1.0
2500 2504 1.0
2506 2512 1.0
2551 2551 1.0
2556 2557 1.0
2560 2560 1.0
2618 2618 1.0
2658 2658 1.0
2681 2681 1.0
2691 2691 1.0
2699 2699 1.0
2701 2701 1.0
2703 2703 1.0
2705 2705 1.0
2707 2707 1.0
2709 2709 1.0
2711 2715 1.0
2717 2717 1.0
2721 2722 1.0
2724 2731 1.0
2733 2733 1.0
2735 2736 1.0
2738 2746 1.0
2748 2750 1.0
2752 2752 1.0
2754 2754 1.0
2756 2762 1.0
2764 2769 1.0
2771 2771 1.0
2773 2781 1.0
2788 2788 1.0
2791 2791 1.0
2796 2796 1.0
2799 2799 1.0
2801 2801 1.0
2803 2804 1.0
2806 2809 1.0
2812 2812 1.0
2815 2815 1.0
2817 2819 1.0
2821 2821 1.0
2823 2823 1.0
2825 2825 1.0
2827 2827 1.0
2829 2829 1.0
2831 2831 1.0
2833 2833 1.0
2837 2837 1.0
2839 2839 1.0
2845 2845 1.0
2847 2849 1.0
2852 2852 1.0
2857 2857 1.0
2861 2861 1.0
2863 2863 1.0
2866 2866 1.0
2869 2869 1.0
2871 2873 1.0
2877 2877 1.0
2880 2880 1.0
2882 2885 1.0
2887 2887 1.0
2889 2917 1.0
2919 2921 1.0
2923 2929 1.0
2931 2934 1.0
2937 2943 1.0
2945 2946 1.0
2948 2949 1.0
2951 2952 1.0
2954 2956 1.0
2959 2961 1.0
2964 2966 1.0
2968 2971 1.0
2975 2976 1.0
2979 2980 1.0
2982 2985 1.0
2987 2988 1.0
2991 2991 1.0
2994 2994 1.0
3047 3047 1.0
3051 3051 1.0
3065 3065 1.0
3086 3086 1.0
3216 3216 1.0
3222 3222 1.0
3224 3224 1.0
3226 3226 1.0
3228 3234 1.0
3236 3330 1.0
3332 3336 1.0
3338 3338 1.0
3343 3344 1.0
3346 3346 1.0
3348 3348 1.0
3356 3356 1.0
3460 3460 1.0
3470 3470 1.0
3473 3474 1.0
3478 3484 1.0
3486 3527 1.0
3529 3529 1.0
3531 3533 1.0
3535 3536 1.0
3539 3539 1.0
3541 3541 1.0
3543 3543 1.0
3545 3545 1.0
3547 3547 1.0
3551 3551 1.0
3553 3554 1.0
3559 3559 1.0
3561 3561 1.0
3569 3569 1.0
3673 3673 1.0
3685 3685 1.0
3695 3695 1.0
3699 3700 1.0
3704 3708 1.0
3710 3711 1.0
3713 3716 1.0
3718 3721 1.0
3723 3723 1.0
3725 3726 1.0
3729 3736 1.0
3738 3738 1.0
3740 3748 1.0
3750 3770 1.0
3772 3780 1.0
3782 3785 1.0
3787 3790 1.0
3792 3796 1.0
3798 3798 1.0
3800 3800 1.0
3802 3802 1.0
3804 3804 1.0
3806 3806 1.0
3812 3813 1.0
3816 3816 1.0
3818 3818 1.0
3821 3821 1.0
3836 3836 1.0
3838 3838 1.0
3846 3847 1.0
3850 3851 1.0
3857 3857 1.0
3859 3859 1.0
3861 3861 1.0
3865 3882 1.0
3884 3886 1.0
3888 3888 1.0
3890 3890 1.0
3892 3892 1.0
3894 3894 1.0
3896 3898 1.0
3900 3902 1.0
3904 3910 1.0
3912 3916 1.0
3918 3924 1.0
3926 3928 1.0
3930 3964 1.0
3966 3966 1.0
3968 3970 1.0
3973 3974 1.0
3985 3985 1.0
4121 4121 1.0
4123 4123 1.0
4125 4125 1.0
4127 4129 1.0
4131 4237 1.0
4239 4248 1.0
4251 4253 1.0
4255 4257 1.0
4259 4259 1.0
4262 4264 1.0
4266 4268 1.0
4270 4270 1.0
4272 4272 1.0
4291 4291 1.0
4295 4295 1.0
4297 4298 1.0
4306 4306 1.0
4312 4312 1.0
4319 4319 1.0
4362 4362 1.0
4367 4367 1.0
4377 4379 1.0
4383 4383 1.0
4387 4387 1.0
4389 4390 1.0
4402 4402 1.0
4418 4418 1.0
4430 4430 1.0
4452 4452 1.0
4472 4472 1.0
4521 4521 1.0
4532 4546 1.0
4548 4558 1.0
4560 4580 1.0
4582 4596 1.0
4598 4600 1.0
4602 4604 1.0
4606 4606 1.0
4609 4623 1.0
4625 4664 1.0
4666 4671 1.0
4673 4673 1.0
4675 4687 1.0
4692 4693 1.0
4695 4695 1.0
4697 4697 1.0
4723 4724 1.0
4730 4730 1.0
4732 4732 1.0
4734 4734 1.0
4737 4737 1.0
4740 4743 1.0
4745 4747 1.0
4749 4750 1.0
4753 4753 1.0
4855 4855 1.0
4860 4860 1.0
4868 4868 1.0
4889 4889 1.0
4895 4897 1.0
4899 4971 1.0
4973 4975 1.0
4977 4988 1.0
4990 4993 1.0
4995 4996 1.0
4998 5025 1.0
5027 5027 1.0
5031 5031 1.0
5041 5041 1.0
5043 5043 1.0
5153 5153 1.0
5157 5158 1.0
5167 5167 1.0
5169 5169 1.0
5173 5256 1.0
5258 5258 1.0
5260 5260 1.0
5262 5262 1.0
5264 5266 1.0
5268 5268 1.0
5270 5270 1.0
5272 5273 1.0
5275 5275 1.0
5277 5277 1.0
5281 5281 1.0
5291 5291 1.0
5293 5293 1.0
5295 5295 1.0
5388 5388 1.0
5390 5390 1.0
5396 5396 1.0
5398 5398 1.0
5400 5400 1.0
5403 5403 1.0
5405 5405 1.0
5407 5409 1.0
5411 5415 1.0
5418 5419 1.0
5421 5421 1.0
5423 5423 1.0
5425 5425 1.0
5433 5433 1.0
5435 5435 1.0
5441 5441 1.0
5583 5584 1.0
5586 5587 1.0
5589 5691 1.0
5693 5705 1.0
5707 5709 1.0
5711 5711 1.0
5717 5717 1.0
5729 5730 1.0
5734 5734 1.0
5736 5736 1.0
5739 5740 1.0
5742 5742 1.0
5744 5744 1.0
5746 5746 1.0
5750 5804 1.0
5806 5823 1.0
5825 5835 1.0
5839 5839 1.0
5841 5841 1.0
5876 5877 1.0
5998 6002 1.0
6004 6004 1.0
6023 6024 1.0
6028 6028 1.0
6030 6034 1.0
6036 6038 1.0
6040 6117 1.0
6119 6119 1.0
6121 6121 1.0
6126 6126 1.0
6135 6135 1.0
6148 6148 1.0
6150 6150 1.0
6231 6231 1.0
6233 6233 1.0
6235 6237 1.0
6239 6313 1.0
6315 6315 1.0
6317 6318 1.0
6321 6321 1.0
6323 6323 1.0
6325 6325 1.0
6327 6327 1.0
6329 6329 1.0
6333 6333 1.0
6357 6357 1.0
6427 6427 1.0
6431 6434 1.0
6437 6437 1.0
6439 6439 1.0
6441 6453 1.0
6455 6457 1.0
6459 6525 1.0
6527 6530 1.0
6659 6663 1.0
6665 6774 1.0
6917 6917 1.0
6919 7059 1.0
7062 7063 1.0
7221 7221 1.0
7225 7225 1.0
7227 7227 1.0
7229 7352 1.0
7354 7356 1.0
7359 7359 1.0
7361 7365 1.0
7367 7380 1.0
7382 7384 1.0
7386 7464 1.0
7482 7482 1.0
7612 7612 1.0
7616 7743 1.0
7745 7746 1.0
7749 7749 1.0
7751 7751 1.0
7757 7757 1.0
7893 8019 1.0
8029 8029 1.0
8119 8120 1.0
8122 8122 1.0
8127 8129 1.0
8131 8135 1.0
8139 8219 1.0
8221 8223 1.0
