195 267 1.0
349 349 1.0
353 353 1.0
355 356 1.0
360 360 1.0
362 362 1.0
364 364 1.0
370 370 1.0
373 374 1.0
394 394 1.0
400 400 1.0
408 408 1.0
422 422 1.0
429 429 1.0
432 432 1.0
435 436 1.0
439 439 1.0
443 443 1.0
446 446 1.0
449 449 1.0
451 451 1.0
456 456 1.0
460 460 1.0
462 462 1.0
473 473 1.0
492 492 1.0
494 494 1.0
502 502 1.0
506 506 1.0
512 512 1.0
516 516 1.0
521 521 1.0
523 523 1.0
528 530 1.0
532 540 1.0
542 552 1.0
554 557 1.0
559 563 1.0
565 565 1.0
567 567 1.0
569 569 1.0
571 573 1.0
575 575 1.0
577 577 1.0
579 579 1.0
581 581 1.0
589 589 1.0
605 605 1.0
617 617 1.0
663 664 1.0
673 673 1.0
696 696 1.0
700 700 1.0
702 702 1.0
709 709 1.0
716 717 1.0
719 719 1.0
721 721 1.0
723 723 1.0
726 726 1.0
729 730 1.0
733 736 1.0
738 739 1.0
741 745 1.0
747 747 1.0
749 749 1.0
751 751 1.0
753 753 1.0
755 757 1.0
759 759 1.0
761 761 1.0
763 763 1.0
765 765 1.0
767 772 1.0
774 774 1.0
776 776 1.0
779 779 1.0
782 782 1.0
784 784 1.0
786 789 1.0
791 791 1.0
795 796 1.0
804 804 1.0
822 822 1.0
863 863 1.0
893 893 1.0
933 933 1.0
936 938 1.0
942 942 1.0
944 944 1.0
946 946 1.0
948 948 1.0
950 950 1.0
952 952 1.0
954 954 1.0
956 956 1.0
958 958 1.0
960 960 1.0
964 964 1.0
968 969 1.0
972 972 1.0
974 974 1.0
976 976 1.0
982 982 1.0
989 989 1.0
1003 1003 1.0
1005 1005 1.0
1011 1011 1.0
1013 1013 1.0
1017 1017 1.0
1021 1021 1.0
1025 1025 1.0
1027 1027 1.0
1029 1029 1.0
1037 1037 1.0
1039 1039 1.0
1041 1041 1.0
1043 1043 1.0
1045 1045 1.0
1049 1049 1.0
1051 1051 1.0
1054 1055 1.0
1057 1057 1.0
1099 1099 1.0
1126 1127 1.0
1154 1154 1.0
1159 1159 1.0
1162 1162 1.0
1174 1174 1.0
1182 1182 1.0
1186 1186 1.0
1205 1206 1.0
1208 1208 1.0
1210 1210 1.0
1233 1233 1.0
1239 1239 1.0
1241 1241 1.0
1244 1244 1.0
1249 1249 1.0
1251 1251 1.0
1255 1255 1.0
1257 1258 1.0
1262 1262 1.0
1265 1265 1.0
1267 1267 1.0
1271 1271 1.0
1273 1273 1.0
1275 1275 1.0
1281 1281 1.0
1283 1283 1.0
1285 1285 1.0
1289 1290 1.0
1294 1295 1.0
1298 1298 1.0
1300 1300 1.0
1302 1302 1.0
1306 1306 1.0
1312 1312 1.0
1314 1314 1.0
1320 1320 1.0
1322 1328 1.0
1330 1330 1.0
1332 1334 1.0
1336 1336 1.0
1338 1342 1.0
1346 1346 1.0
1348 1348 1.0
1350 1352 1.0
1360 1360 1.0
1369 1369 1.0
1371 1377 1.0
1425 1425 1.0
1442 1454 1.0
1456 1456 1.0
1458 1458 1.0
1468 1468 1.0
1470 1470 1.0
1472 1472 1.0
1474 1476 1.0
1521 1521 1.0
1527 1527 1.0
1531 1531 1.0
1533 1533 1.0
1549 1551 1.0
1556 1557 1.0
1559 1561 1.0
1565 1565 1.0
1569 1569 1.0
1573 1573 1.0
1577 1577 1.0
1579 1583 1.0
1589 1594 1.0
1596 1596 1.0
1598 1599 1.0
1601 1605 1.0
1609 1609 1.0
1611 1611 1.0
1618 1619 1.0
1626 1626 1.0
1628 1628 1.0
1631 1631 1.0
1634 1634 1.0
1636 1636 1.0
1638 1638 1.0
1649 1650 1.0
1652 1652 1.0
1704 1704 1.0
1708 1708 1.0
1715 1715 1.0
1726 1726 1.0
1728 1728 1.0
1732 1732 1.0
1739 1739 1.0
1743 1743 1.0
1748 1748 1.0
1751 1751 1.0
1757 1757 1.0
1759 1759 1.0
1761 1761 1.0
1767 1767 1.0
1775 1775 1.0
1813 1813 1.0
1816 1816 1.0
1820 1820 1.0
1822 1822 1.0
1826 1826 1.0
1828 1828 1.0
1832 1863 1.0
1865 1872 1.0
1875 1875 1.0
1878 1878 1.0
1881 1883 1.0
1886 1887 1.0
1889 1891 1.0
1893 1893 1.0
1895 1895 1.0
1901 1905 1.0
1909 1909 1.0
1911 1911 1.0
1923 1923 1.0
1928 1928 1.0
2006 2006 1.0
2016 2016 1.0
2031 2031 1.0
2033 2033 1.0
2037 2037 1.0
2039 2042 1.0
2044 2046 1.0
2048 2048 1.0
2052 2054 1.0
2056 2056 1.0
2058 2058 1.0
2060 2060 1.0
2062 2062 1.0
2064 2064 1.0
2066 2066 1.0
2069 2069 1.0
2072 2073 1.0
2075 2076 1.0
2078 2078 1.0
2082 2083 1.0
2085 2088 1.0
2092 2092 1.0
2094 2094 1.0
2096 2096 1.0
2098 2098 1.0
2100 2100 1.0
2102 2102 1.0
2104 2104 1.0
2111 2111 1.0
2113 2115 1.0
2119 2119 1.0
2121 2121 1.0
2123 2123 1.0
2127 2127 1.0
2129 2129 1.0
2131 2131 1.0
2135 2135 1.0
2141 2141 1.0
2143 2143 1.0
2145 2145 1.0
2147 2147 1.0
2149 2149 1.0
2167 2167 1.0
2194 2194 1.0
2196 2196 1.0
2202 2202 1.0
2206 2206 1.0
2219 2219 1.0
2224 2224 1.0
2238 2238 1.0
2240 2240 1.0
2248 2248 1.0
2263 2263 1.0
2274 2276 1.0
2284 2284 1.0
2286 2286 1.0
2292 2292 1.0
2297 2298 1.0
2300 2300 1.0
2311 2311 1.0
2317 2317 1.0
2320 2320 1.0
2322 2322 1.0
2326 2326 1.0
2328 2328 1.0
2331 2334 1.0
2336 2336 1.0
2343 2344 1.0
2346 2347 1.0
2349 2349 1.0
2351 2351 1.0
2354 2354 1.0
2357 2357 1.0
2362 2363 1.0
2365 2365 1.0
2378 2378 1.0
2382 2383 1.0
2385 2385 1.0
2388 2389 1.0
2391 2391 1.0
2397 2397 1.0
2399 2399 1.0
2401 2403 1.0
2405 2406 1.0
2409 2409 1.0
2412 2412 1.0
2416 2417 1.0
2419 2420 1.0
2424 2425 1.0
2428 2428 1.0
2432 2432 1.0
2437 2437 1.0
2443 2443 1.0
2448 2448 1.0
2471 2471 1.0
2509 2509 1.0
2517 2518 1.0
2525 2525 1.0
2527 2527 1.0
2534 2534 1.0
2543 2543 1.0
2545 2545 1.0
2547 2547 1.0
2549 2549 1.0
2553 2553 1.0
2555 2555 1.0
2559 2560 1.0
2571 2572 1.0
2576 2577 1.0
2579 2579 1.0
2583 2583 1.0
2587 2588 1.0
2590 2590 1.0
2592 2592 1.0
2594 2594 1.0
2596 2597 1.0
2601 2601 1.0
2604 2604 1.0
2606 2606 1.0
2608 2608 1.0
2614 2614 1.0
2616 2616 1.0
2618 2618 1.0
2620 2620 1.0
2622 2622 1.0
2625 2626 1.0
2628 2628 1.0
2630 2630 1.0
2632 2634 1.0
2637 2637 1.0
2642 2642 1.0
2653 2653 1.0
2655 2655 1.0
2657 2657 1.0
2659 2659 1.0
2662 2662 1.0
2667 2667 1.0
2671 2671 1.0
2674 2674 1.0
2676 2676 1.0
2679 2679 1.0
2681 2681 1.0
2687 2688 1.0
2693 2693 1.0
2695 2695 1.0
2700 2700 1.0
2702 2703 1.0
2712 2712 1.0
2714 2714 1.0
2734 2734 1.0
2739 2739 1.0
2761 2761 1.0
2782 2782 1.0
2805 2805 1.0
2832 2832 1.0
2836 2836 1.0
2838 2838 1.0
2840 2840 1.0
2848 2848 1.0
2850 2850 1.0
2852 2852 1.0
2856 2856 1.0
2858 2858 1.0
2862 2862 1.0
2866 2866 1.0
2868 2868 1.0
2870 2870 1.0
2872 2872 1.0
2876 2876 1.0
2880 2880 1.0
2882 2882 1.0
2884 2884 1.0
2886 2886 1.0
2888 2888 1.0
2890 2890 1.0
2892 2892 1.0
2894 2896 1.0
2900 2900 1.0
2906 2906 1.0
2908 2908 1.0
2915 2915 1.0
2919 2920 1.0
2924 2924 1.0
2928 2928 1.0
2931 2931 1.0
2933 2933 1.0
2937 2938 1.0
2941 2941 1.0
2943 2945 1.0
2947 2947 1.0
2949 2949 1.0
2953 2953 1.0
2955 2955 1.0
2957 2957 1.0
2961 2961 1.0
2963 2963 1.0
2965 2965 1.0
2969 2969 1.0
2973 2973 1.0
2975 2975 1.0
2977 2977 1.0
2980 2980 1.0
2993 2993 1.0
3012 3012 1.0
3035 3035 1.0
3064 3064 1.0
3080 3080 1.0
3090 3090 1.0
3092 3092 1.0
3096 3096 1.0
3100 3100 1.0
3106 3106 1.0
3110 3110 1.0
3122 3122 1.0
3124 3125 1.0
3127 3127 1.0
3142 3142 1.0
3145 3146 1.0
3150 3150 1.0
3152 3152 1.0
3157 3157 1.0
3159 3159 1.0
3161 3161 1.0
3165 3165 1.0
3171 3171 1.0
3176 3176 1.0
3178 3178 1.0
3180 3180 1.0
3184 3184 1.0
3199 3199 1.0
3211 3211 1.0
3213 3213 1.0
3217 3217 1.0
3219 3219 1.0
3224 3224 1.0
3226 3227 1.0
3236 3236 1.0
3241 3241 1.0
3245 3245 1.0
3258 3258 1.0
3262 3262 1.0
3266 3266 1.0
3268 3268 1.0
3276 3276 1.0
3336 3336 1.0
3348 3348 1.0
3350 3366 1.0
3368 3371 1.0
3373 3373 1.0
3377 3377 1.0
3381 3383 1.0
3385 3385 1.0
3387 3387 1.0
3389 3389 1.0
3391 3391 1.0
3395 3397 1.0
3405 3405 1.0
3408 3409 1.0
3411 3411 1.0
3413 3413 1.0
3417 3417 1.0
3419 3419 1.0
3421 3422 1.0
3425 3425 1.0
3430 3431 1.0
3433 3433 1.0
3436 3436 1.0
3438 3439 1.0
3443 3443 1.0
3448 3448 1.0
3450 3450 1.0
3454 3454 1.0
3456 3456 1.0
3458 3458 1.0
3465 3465 1.0
3467 3467 1.0
3473 3473 1.0
3479 3479 1.0
3482 3482 1.0
3484 3484 1.0
3488 3488 1.0
3490 3490 1.0
3495 3495 1.0
3505 3505 1.0
3526 3526 1.0
3528 3528 1.0
3532 3532 1.0
3536 3536 1.0
3538 3538 1.0
3558 3558 1.0
3579 3580 1.0
3638 3638 1.0
3640 3640 1.0
3650 3650 1.0
3654 3654 1.0
3656 3656 1.0
3658 3659 1.0
3662 3662 1.0
3664 3664 1.0
3667 3667 1.0
3670 3670 1.0
3672 3672 1.0
3674 3674 1.0
3676 3676 1.0
3680 3680 1.0
3684 3684 1.0
3686 3686 1.0
3690 3690 1.0
3695 3695 1.0
3699 3699 1.0
3701 3701 1.0
3703 3703 1.0
3705 3705 1.0
3708 3708 1.0
3710 3712 1.0
3717 3717 1.0
3721 3721 1.0
3724 3724 1.0
3727 3727 1.0
3730 3730 1.0
3735 3735 1.0
3737 3737 1.0
3739 3739 1.0
3743 3743 1.0
3745 3745 1.0
3747 3747 1.0
3749 3749 1.0
3756 3756 1.0
3758 3758 1.0
3760 3760 1.0
3762 3762 1.0
3766 3766 1.0
3768 3768 1.0
3777 3777 1.0
3779 3779 1.0
3789 3789 1.0
3793 3793 1.0
3821 3821 1.0
3831 3831 1.0
3849 3849 1.0
3851 3851 1.0
3854 3854 1.0
3862 3862 1.0
3883 3883 1.0
3887 3887 1.0
3916 3916 1.0
3924 3924 1.0
3928 3928 1.0
3932 3932 1.0
3938 3938 1.0
3940 3940 1.0
3948 3948 1.0
3950 3950 1.0
3952 3952 1.0
3958 3958 1.0
3962 3963 1.0
3970 3970 1.0
3972 3972 1.0
3978 3978 1.0
3981 3981 1.0
3984 3985 1.0
3987 3987 1.0
3989 3990 1.0
3994 3994 1.0
3996 3996 1.0
3998 3998 1.0
4000 4000 1.0
4005 4005 1.0
4008 4008 1.0
4011 4011 1.0
4013 4013 1.0
4015 4015 1.0
4017 4017 1.0
4019 4019 1.0
4021 4021 1.0
4023 4023 1.0
4028 4028 1.0
4036 4036 1.0
4038 4038 1.0
4046 4046 1.0
4050 4050 1.0
4055 4055 1.0
4057 4057 1.0
4061 4061 1.0
4063 4063 1.0
4065 4065 1.0
4091 4091 1.0
4095 4095 1.0
4108 4108 1.0
4136 4136 1.0
4142 4142 1.0
4166 4166 1.0
4176 4176 1.0
4182 4182 1.0
4184 4184 1.0
4193 4193 1.0
4201 4202 1.0
4207 4207 1.0
4210 4211 1.0
4213 4213 1.0
4216 4217 1.0
4220 4220 1.0
4222 4223 1.0
4225 4225 1.0
4227 4227 1.0
4229 4229 1.0
4231 4231 1.0
4233 4233 1.0
4235 4235 1.0
4237 4237 1.0
4239 4239 1.0
4241 4241 1.0
4243 4243 1.0
4247 4247 1.0
4249 4249 1.0
4253 4254 1.0
4256 4256 1.0
4260 4260 1.0
4263 4263 1.0
4276 4276 1.0
4278 4278 1.0
4282 4282 1.0
4285 4285 1.0
4288 4288 1.0
4290 4290 1.0
4292 4292 1.0
4296 4296 1.0
4300 4300 1.0
4302 4302 1.0
4304 4304 1.0
4306 4306 1.0
4308 4308 1.0
4310 4310 1.0
4312 4312 1.0
4314 4316 1.0
4319 4319 1.0
4321 4321 1.0
4323 4323 1.0
4325 4326 1.0
4328 4335 1.0
4338 4339 1.0
4341 4341 1.0
4348 4348 1.0
4460 4460 1.0
4464 4464 1.0
4470 4470 1.0
4474 4474 1.0
4476 4476 1.0
4478 4478 1.0
4480 4480 1.0
4482 4482 1.0
4484 4484 1.0
4486 4489 1.0
4491 4495 1.0
4497 4497 1.0
4499 4499 1.0
4501 4501 1.0
4503 4503 1.0
4505 4505 1.0
4507 4507 1.0
4509 4509 1.0
4511 4511 1.0
4513 4513 1.0
4515 4515 1.0
4517 4517 1.0
4519 4519 1.0
4521 4521 1.0
4523 4523 1.0
4527 4527 1.0
4529 4529 1.0
4531 4531 1.0
4533 4533 1.0
4535 4535 1.0
4537 4537 1.0
4539 4539 1.0
4541 4541 1.0
4543 4543 1.0
4545 4545 1.0
4547 4547 1.0
4549 4549 1.0
4562 4562 1.0
4566 4566 1.0
4574 4574 1.0
4578 4578 1.0
4584 4584 1.0
4586 4586 1.0
4588 4588 1.0
4598 4598 1.0
4612 4612 1.0
4614 4614 1.0
4651 4651 1.0
4653 4657 1.0
4659 4707 1.0
4761 4761 1.0
4767 4767 1.0
4769 4769 1.0
4771 4771 1.0
4773 4773 1.0
4775 4792 1.0
