300 300 1.0
308 308 1.0
333 333 1.0
337 337 1.0
346 347 1.0
351 351 1.0
353 353 1.0
357 359 1.0
361 363 1.0
367 367 1.0
369 370 1.0
373 373 1.0
375 375 1.0
377 378 1.0
387 387 1.0
389 404 1.0
406 409 1.0
412 412 1.0
415 415 1.0
417 417 1.0
419 419 1.0
421 423 1.0
425 425 1.0
427 428 1.0
430 430 1.0
549 549 1.0
553 553 1.0
555 677 1.0
679 690 1.0
692 692 1.0
694 694 1.0
696 696 1.0
698 698 1.0
701 701 1.0
704 704 1.0
706 708 1.0
711 712 1.0
717 718 1.0
723 749 1.0
751 752 1.0
762 762 1.0
769 769 1.0
771 771 1.0
774 774 1.0
776 777 1.0
779 781 1.0
783 783 1.0
786 787 1.0
789 789 1.0
791 794 1.0
797 798 1.0
882 890 1.0
892 920 1.0
923 923 1.0
946 946 1.0
955 955 1.0
962 962 1.0
965 967 1.0
969 969 1.0
973 973 1.0
1057 1074 1.0
1076 1076 1.0
1154 1154 1.0
1159 1159 1.0
1162 1162 1.0
1166 1166 1.0
1168 1168 1.0
1170 1182 1.0
1184 1184 1.0
1186 1186 1.0
1190 1190 1.0
1196 1196 1.0
1202 1256 1.0
1258 1287 1.0
1289 1290 1.0
1292 1296 1.0
1298 1302 1.0
1320 1320 1.0
1324 1324 1.0
1338 1338 1.0
1365 1365 1.0
1380 1380 1.0
1383 1384 1.0
1386 1389 1.0
1391 1415 1.0
1417 1451 1.0
1455 1455 1.0
1457 1457 1.0
1459 1459 1.0
1461 1461 1.0
1463 1463 1.0
1469 1469 1.0
1471 1471 1.0
1473 1473 1.0
1475 1475 1.0
1477 1477 1.0
1480 1480 1.0
1488 1488 1.0
1545 1545 1.0
1605 1605 1.0
1608 1608 1.0
1610 1616 1.0
1618 1730 1.0
1736 1736 1.0
1821 1823 1.0
1825 1825 1.0
1828 1830 1.0
1838 1841 1.0
1843 1845 1.0
1847 1853 1.0
1855 1881 1.0
8056 8056 1.0
8059 8059 1.0
8062 8062 1.0
