267 267 1.0
277 277 1.0
279 279 1.0
281 281 1.0
283 283 1.0
285 285 1.0
287 287 1.0
289 321 1.0
323 323 1.0
325 331 1.0
333 333 1.0
335 341 1.0
343 347 1.0
349 349 1.0
351 358 1.0
360 488 1.0
491 491 1.0
632 633 1.0
635 706 1.0
708 738 1.0
740 767 1.0
771 771 1.0
775 775 1.0
778 778 1.0
785 785 1.0
790 790 1.0
797 797 1.0
804 804 1.0
809 809 1.0
811 811 1.0
813 813 1.0
818 818 1.0
820 820 1.0
826 826 1.0
834 834 1.0
836 836 1.0
850 850 1.0
868 868 1.0
911 911 1.0
941 941 1.0
943 943 1.0
948 948 1.0
950 950 1.0
956 956 1.0
960 960 1.0
962 962 1.0
964 964 1.0
966 966 1.0
968 972 1.0
974 978 1.0
980 982 1.0
984 996 1.0
998 1026 1.0
1028 1067 1.0
1069 1069 1.0
1071 1076 1.0
1078 1078 1.0
1080 1084 1.0
1086 1086 1.0
1088 1088 1.0
1090 1090 1.0
1092 1092 1.0
1096 1096 1.0
1099 1099 1.0
1111 1111 1.0
1156 1156 1.0
1168 1168 1.0
1178 1178 1.0
1181 1182 1.0
1185 1185 1.0
1197 1197 1.0
1199 1199 1.0
1202 1202 1.0
1204 1204 1.0
1206 1206 1.0
1216 1216 1.0
1224 1224 1.0
1226 1226 1.0
1235 1236 1.0
1242 1242 1.0
1249 1252 1.0
1257 1257 1.0
1259 1259 1.0
1272 1272 1.0
1277 1277 1.0
1279 1280 1.0
1286 1286 1.0
1288 1288 1.0
1290 1290 1.0
1294 1294 1.0
1296 1296 1.0
1298 1298 1.0
1303 1304 1.0
1306 1306 1.0
1315 1316 1.0
1318 1318 1.0
1320 1330 1.0
1332 1332 1.0
1334 1334 1.0
1336 1344 1.0
1346 1360 1.0
1362 1404 1.0
1406 1406 1.0
1408 1412 1.0
1414 1418 1.0
1420 1426 1.0
1428 1434 1.0
1436 1444 1.0
1446 1446 1.0
1448 1450 1.0
1452 1455 1.0
1457 1458 1.0
1460 1461 1.0
1468 1468 1.0
1490 1490 1.0
1610 1611 1.0
1613 1616 1.0
1619 1748 1.0
1750 1750 1.0
1752 1752 1.0
1754 1754 1.0
1864 1864 1.0
1878 1878 1.0
1880 1880 1.0
1882 1882 1.0
1886 1886 1.0
1888 1888 1.0
1890 1892 1.0
1894 1898 1.0
1900 1900 1.0
1902 1903 1.0
1906 1922 1.0
1924 1964 1.0
1966 1966 1.0
1968 1974 1.0
1986 1986 1.0
1990 1990 1.0
1996 1996 1.0
1998 2001 1.0
2003 2004 1.0
2012 2012 1.0
2016 2016 1.0
2024 2024 1.0
2033 2033 1.0
2047 2047 1.0
2068 2068 1.0
2094 2094 1.0
2097 2097 1.0
2101 2101 1.0
2104 2123 1.0
2126 2127 1.0
2129 2131 1.0
2133 2135 1.0
2137 2144 1.0
2146 2146 1.0
2148 2148 1.0
2150 2150 1.0
2154 2154 1.0
2156 2156 1.0
2158 2158 1.0
2164 2164 1.0
2167 2167 1.0
2169 2169 1.0
2173 2173 1.0
2176 2176 1.0
2178 2178 1.0
2182 2182 1.0
2192 2192 1.0
2202 2202 1.0
2208 2208 1.0
2210 2210 1.0
2214 2214 1.0
2218 2218 1.0
2253 2253 1.0
2261 2261 1.0
2265 2266 1.0
2269 2269 1.0
2272 2272 1.0
2274 2274 1.0
2276 2284 1.0
2286 2288 1.0
2290 2301 1.0
2303 2303 1.0
2305 2306 1.0
2308 2310 1.0
2312 2342 1.0
2344 2365 1.0
2367 2369 1.0
2371 2378 1.0
2380 2381 1.0
2383 2385 1.0
2387 2387 1.0
2389 2391 1.0
2393 2393 1.0
2399 2399 1.0
2402 2402 1.0
2412 2412 1.0
2418 2418 1.0
2433 2433 1.0
2445 2445 1.0
2477 2477 1.0
2489 2489 1.0
2491 2491 1.0
2495 2495 1.0
2499 2499 1.0
2501 2502 1.0
2507 2507 1.0
2509 2509 1.0
2511 2511 1.0
2513 2513 1.0
2515 2517 1.0
2519 2521 1.0
2523 2527 1.0
2529 2540 1.0
2542 2546 1.0
2548 2550 1.0
2553 2561 1.0
2566 2571 1.0
2575 2575 1.0
2580 2584 1.0
2589 2589 1.0
2591 2591 1.0
2593 2595 1.0
2599 2599 1.0
2601 2601 1.0
2603 2603 1.0
2605 2605 1.0
2607 2607 1.0
2609 2609 1.0
2611 2611 1.0
2613 2613 1.0
2615 2616 1.0
2619 2619 1.0
2621 2621 1.0
2623 2623 1.0
2627 2627 1.0
2629 2629 1.0
2631 2631 1.0
2633 2633 1.0
2635 2635 1.0
2637 2637 1.0
2639 2639 1.0
2641 2641 1.0
2643 2643 1.0
2647 2647 1.0
2651 2651 1.0
2653 2653 1.0
2655 2657 1.0
2662 2662 1.0
2665 2665 1.0
2667 2667 1.0
2670 2672 1.0
2678 2678 1.0
2680 2680 1.0
2682 2682 1.0
2687 2689 1.0
2692 2694 1.0
2696 2699 1.0
2701 2703 1.0
2705 2708 1.0
2710 2710 1.0
2712 2712 1.0
2714 2717 1.0
2719 2721 1.0
2723 2724 1.0
2726 2727 1.0
2729 2729 1.0
2731 2733 1.0
2735 2739 1.0
2741 2741 1.0
2743 2743 1.0
2746 2747 1.0
2749 2749 1.0
2751 2751 1.0
2753 2757 1.0
2759 2759 1.0
2761 2761 1.0
2763 2763 1.0
2765 2767 1.0
2769 2769 1.0
2773 2774 1.0
2777 2777 1.0
2783 2785 1.0
2787 2787 1.0
2789 2789 1.0
2791 2791 1.0
2793 2793 1.0
2795 2795 1.0
2797 2797 1.0
2799 2799 1.0
2802 2802 1.0
2804 2804 1.0
2806 2808 1.0
2810 2813 1.0
2815 2815 1.0
2817 2817 1.0
2819 2819 1.0
2824 2824 1.0
2828 2829 1.0
2833 2834 1.0
2839 2840 1.0
2847 2847 1.0
2851 2851 1.0
2854 2855 1.0
2857 2857 1.0
2859 2859 1.0
2865 2866 1.0
2869 2869 1.0
2873 2873 1.0
2875 2875 1.0
2879 2879 1.0
2881 2881 1.0
2887 2889 1.0
2891 2893 1.0
2895 2895 1.0
2897 2897 1.0
2899 2900 1.0
2902 2902 1.0
2904 2906 1.0
2908 2908 1.0
2910 2910 1.0
2912 2912 1.0
2914 2914 1.0
2916 2916 1.0
2919 2921 1.0
2923 2925 1.0
2928 2928 1.0
2930 2930 1.0
2932 2932 1.0
2934 2935 1.0
2938 2938 1.0
2943 2945 1.0
2947 2947 1.0
2949 2950 1.0
2952 2956 1.0
2960 2960 1.0
2964 2964 1.0
2966 2966 1.0
2970 2970 1.0
2974 2975 1.0
2978 2978 1.0
2981 2982 1.0
2984 2985 1.0
2987 2987 1.0
2996 2997 1.0
2999 3001 1.0
3003 3003 1.0
3005 3005 1.0
3007 3007 1.0
3009 3009 1.0
3011 3011 1.0
3013 3013 1.0
3015 3015 1.0
3030 3030 1.0
3032 3032 1.0
3034 3034 1.0
3036 3036 1.0
3038 3038 1.0
3040 3040 1.0
3042 3042 1.0
3044 3044 1.0
3046 3046 1.0
3048 3048 1.0
3056 3056 1.0
3058 3058 1.0
3060 3060 1.0
3062 3062 1.0
3066 3066 1.0
3068 3068 1.0
3074 3074 1.0
3078 3078 1.0
3080 3080 1.0
3084 3084 1.0
3086 3086 1.0
3088 3088 1.0
3090 3090 1.0
3092 3092 1.0
3094 3094 1.0
3096 3096 1.0
3098 3098 1.0
3100 3102 1.0
3104 3106 1.0
3108 3108 1.0
3110 3110 1.0
3112 3112 1.0
3114 3114 1.0
3118 3118 1.0
3120 3124 1.0
3127 3128 1.0
3130 3130 1.0
3133 3133 1.0
3136 3136 1.0
3138 3138 1.0
3140 3141 1.0
3143 3143 1.0
3145 3158 1.0
3160 3162 1.0
3164 3172 1.0
3174 3190 1.0
3192 3194 1.0
3196 3200 1.0
3202 3203 1.0
3205 3206 1.0
3208 3208 1.0
3211 3212 1.0
3214 3214 1.0
3216 3216 1.0
3219 3222 1.0
3224 3230 1.0
3232 3232 1.0
3236 3236 1.0
3238 3238 1.0
3240 3242 1.0
3244 3248 1.0
3250 3250 1.0
3254 3256 1.0
3258 3258 1.0
3260 3264 1.0
3266 3266 1.0
3268 3268 1.0
3270 3273 1.0
3411 3412 1.0
3414 3542 1.0
3693 3693 1.0
3729 3729 1.0
3744 3744 1.0
3763 3763 1.0
3765 3765 1.0
3771 3773 1.0
3776 3776 1.0
3778 3779 1.0
3782 3782 1.0
3784 3784 1.0
3786 3797 1.0
3799 3807 1.0
3809 3809 1.0
3811 3813 1.0
3815 3821 1.0
3823 3825 1.0
3827 3829 1.0
3831 3831 1.0
3833 3837 1.0
3839 3841 1.0
3843 3845 1.0
3847 3847 1.0
3849 3851 1.0
3853 3853 1.0
3856 3856 1.0
3877 3877 1.0
3879 3879 1.0
3886 3886 1.0
3929 3929 1.0
3931 3931 1.0
3937 3937 1.0
3939 3939 1.0
3943 3943 1.0
3946 3947 1.0
3949 3949 1.0
3951 3951 1.0
3953 3955 1.0
3958 3959 1.0
3961 3962 1.0
3964 3964 1.0
3967 3967 1.0
3970 3972 1.0
3974 3978 1.0
3981 4079 1.0
4081 4086 1.0
4088 4109 1.0
4111 4112 1.0
4114 4114 1.0
4117 4117 1.0
4263 4263 1.0
4267 4267 1.0
4269 4281 1.0
