561 561 1.0
563 566 1.0
568 569 1.0
571 572 1.0
574 575 1.0
577 584 1.0
677 677 1.0
680 681 1.0
683 685 1.0
687 934 1.0
936 938 1.0
941 941 1.0
945 945 1.0
972 972 1.0
975 976 1.0
993 993 1.0
1067 1067 1.0
1085 1085 1.0
1087 1088 1.0
1090 1091 1.0
1093 1099 1.0
1120 1120 1.0
1122 1123 1.0
1130 1130 1.0
1132 1132 1.0
1136 1140 1.0
1144 1144 1.0
1146 1147 1.0
1149 1156 1.0
1158 1170 1.0
1172 1180 1.0
1182 1187 1.0
1189 1189 1.0
1191 1233 1.0
1236 1242 1.0
1245 1252 1.0
1256 1256 1.0
1262 1262 1.0
1264 1264 1.0
1266 1266 1.0
1268 1268 1.0
1273 1273 1.0
1290 1290 1.0
1322 1322 1.0
1343 1343 1.0
1616 1616 1.0
1637 1639 1.0
1643 1643 1.0
1646 1650 1.0
1652 1653 1.0
1655 1657 1.0
1659 1659 1.0
1661 1661 1.0
1664 1665 1.0
1670 1670 1.0
1717 1910 1.0
1912 1976 1.0
2034 2034 1.0
2037 2040 1.0
2050 2050 1.0
2078 2078 1.0
2090 2090 1.0
2102 2102 1.0
2118 2118 1.0
2124 2125 1.0
2222 2222 1.0
2228 2229 1.0
2232 2232 1.0
2234 2234 1.0
2236 2236 1.0
2238 2278 1.0
2280 2280 1.0
2283 2283 1.0
2288 2288 1.0
2300 2322 1.0
2324 2326 1.0
2328 2328 1.0
2330 2330 1.0
2334 2334 1.0
2338 2338 1.0
2340 2340 1.0
2344 2344 1.0
2346 2348 1.0
2350 2360 1.0
2362 2362 1.0
2364 2366 1.0
2370 2370 1.0
2372 2372 1.0
2374 2374 1.0
2404 2410 1.0
2412 2412 1.0
2414 2469 1.0
2471 2478 1.0
2480 2480 1.0
2482 2482 1.0
2496 2496 1.0
2533 2533 1.0
2536 2536 1.0
2538 2541 1.0
2543 2544 1.0
2684 2684 1.0
2686 2686 1.0
2688 2688 1.0
2690 2690 1.0
2692 2692 1.0
2694 2694 1.0
2696 2698 1.0
2700 2700 1.0
2702 2702 1.0
2704 2704 1.0
2707 2709 1.0
2711 2713 1.0
2716 2716 1.0
2718 2718 1.0
2721 2721 1.0
2724 2726 1.0
2728 2730 1.0
2732 2732 1.0
2734 2734 1.0
2736 2738 1.0
2740 2740 1.0
2742 2754 1.0
2756 2766 1.0
2768 2772 1.0
2774 2774 1.0
2777 2777 1.0
2779 2779 1.0
2782 2782 1.0
2786 2786 1.0
2804 2931 1.0
2933 2935 1.0
2937 2938 1.0
2941 2942 1.0
2944 2944 1.0
2946 2946 1.0
2948 2948 1.0
2950 2950 1.0
2952 2952 1.0
2954 2954 1.0
2958 2958 1.0
2960 2960 1.0
2962 2962 1.0
2964 2964 1.0
2970 2970 1.0
2974 2974 1.0
3108 3108 1.0
3110 3110 1.0
3214 3215 1.0
3239 3239 1.0
3241 3241 1.0
3249 3249 1.0
3257 3257 1.0
3259 3259 1.0
3262 3262 1.0
3264 3267 1.0
3269 3281 1.0
3285 3287 1.0
3289 3289 1.0
3291 3291 1.0
3293 3293 1.0
3295 3295 1.0
3319 3319 1.0
3325 3326 1.0
3344 3344 1.0
3439 3439 1.0
3443 3443 1.0
3451 3464 1.0
3466 3472 1.0
3475 3491 1.0
3493 3494 1.0
3496 3496 1.0
3499 3499 1.0
3541 3541 1.0
3547 3547 1.0
3549 3549 1.0
3551 3551 1.0
3553 3553 1.0
3555 3555 1.0
3557 3575 1.0
3577 3577 1.0
3579 3579 1.0
3593 3593 1.0
3599 3599 1.0
3601 3601 1.0
3603 3603 1.0
3605 3605 1.0
3607 3801 1.0
3803 3803 1.0
3807 3807 1.0
