262 262 1.0
264 264 1.0
268 268 1.0
272 272 1.0
274 274 1.0
276 276 1.0
278 278 1.0
280 280 1.0
282 282 1.0
284 284 1.0
286 286 1.0
290 290 1.0
292 292 1.0
296 296 1.0
302 302 1.0
304 304 1.0
314 314 1.0
318 318 1.0
322 322 1.0
324 324 1.0
326 326 1.0
328 328 1.0
388 389 1.0
410 410 1.0
412 412 1.0
414 414 1.0
416 416 1.0
418 418 1.0
420 420 1.0
422 424 1.0
426 428 1.0
430 430 1.0
432 432 1.0
434 442 1.0
444 444 1.0
446 446 1.0
448 448 1.0
450 450 1.0
452 452 1.0
454 454 1.0
456 456 1.0
458 459 1.0
461 469 1.0
471 479 1.0
481 486 1.0
488 506 1.0
508 523 1.0
525 647 1.0
653 653 1.0
791 791 1.0
793 919 1.0
921 921 1.0
1049 1049 1.0
1056 1080 1.0
1082 1092 1.0
1094 1102 1.0
1104 1110 1.0
1112 1112 1.0
1114 1114 1.0
1116 1116 1.0
1118 1118 1.0
1120 1122 1.0
1124 1124 1.0
1126 1126 1.0
1128 1128 1.0
1130 1130 1.0
1132 1132 1.0
1134 1134 1.0
1136 1136 1.0
1138 1144 1.0
1146 1148 1.0
1150 1154 1.0
1156 1156 1.0
1158 1160 1.0
1162 1162 1.0
1164 1177 1.0
1179 1182 1.0
1184 1184 1.0
1210 1210 1.0
1214 1214 1.0
1222 1222 1.0
1240 1240 1.0
1242 1242 1.0
1244 1244 1.0
1246 1246 1.0
1248 1248 1.0
1252 1252 1.0
1254 1254 1.0
1258 1258 1.0
1260 1260 1.0
1262 1262 1.0
1264 1264 1.0
1266 1266 1.0
1274 1274 1.0
1276 1276 1.0
1278 1278 1.0
1280 1280 1.0
1284 1284 1.0
1286 1286 1.0
1290 1290 1.0
1292 1292 1.0
1302 1302 1.0
1304 1304 1.0
1308 1308 1.0
1310 1312 1.0
1314 1318 1.0
1320 1326 1.0
1328 1333 1.0
1335 1335 1.0
1337 1337 1.0
1339 1339 1.0
1341 1341 1.0
1344 1345 1.0
1347 1347 1.0
1350 1351 1.0
1354 1354 1.0
1356 1358 1.0
1360 1360 1.0
1362 1364 1.0
1366 1366 1.0
1368 1368 1.0
1370 1370 1.0
1372 1372 1.0
1376 1376 1.0
1378 1380 1.0
1385 1386 1.0
1388 1390 1.0
1392 1392 1.0
1394 1394 1.0
1396 1396 1.0
1398 1398 1.0
1400 1400 1.0
1404 1404 1.0
1414 1414 1.0
1416 1416 1.0
1420 1420 1.0
1424 1425 1.0
1435 1435 1.0
1442 1442 1.0
1445 1445 1.0
1447 1448 1.0
1456 1456 1.0
1458 1458 1.0
1461 1461 1.0
1463 1463 1.0
1465 1465 1.0
1467 1467 1.0
1469 1469 1.0
1472 1472 1.0
1475 1475 1.0
1477 1478 1.0
1481 1482 1.0
1487 1487 1.0
1494 1494 1.0
1499 1499 1.0
1502 1502 1.0
1504 1504 1.0
1511 1511 1.0
1513 1513 1.0
1526 1526 1.0
1531 1532 1.0
1536 1536 1.0
1541 1541 1.0
1543 1543 1.0
1547 1547 1.0
1555 1555 1.0
1557 1557 1.0
1559 1559 1.0
1561 1561 1.0
1563 1563 1.0
1565 1565 1.0
1567 1567 1.0
1569 1569 1.0
1573 1573 1.0
1575 1575 1.0
1579 1580 1.0
1583 1583 1.0
1586 1587 1.0
1589 1589 1.0
1593 1593 1.0
1595 1595 1.0
1597 1597 1.0
1599 1603 1.0
1609 1609 1.0
1611 1612 1.0
1614 1614 1.0
1617 1626 1.0
1629 1630 1.0
1632 1632 1.0
1634 1634 1.0
1636 1639 1.0
1641 1641 1.0
1643 1648 1.0
1650 1657 1.0
1659 1660 1.0
1662 1663 1.0
1667 1667 1.0
1671 1671 1.0
1673 1673 1.0
1675 1675 1.0
1679 1679 1.0
1681 1681 1.0
1685 1685 1.0
1687 1687 1.0
1689 1689 1.0
1691 1691 1.0
1693 1693 1.0
1695 1695 1.0
1699 1699 1.0
1701 1701 1.0
1705 1705 1.0
1707 1707 1.0
1711 1711 1.0
1713 1713 1.0
1719 1720 1.0
1727 1727 1.0
1729 1730 1.0
1732 1732 1.0
1734 1734 1.0
1736 1738 1.0
1742 1742 1.0
1745 1745 1.0
1747 1747 1.0
1755 1757 1.0
1764 1764 1.0
1769 1769 1.0
1778 1778 1.0
1790 1790 1.0
1796 1796 1.0
1798 1799 1.0
1805 1807 1.0
1809 1809 1.0
1812 1813 1.0
1815 1815 1.0
1817 1817 1.0
1819 1819 1.0
1821 1821 1.0
1823 1823 1.0
1825 1827 1.0
1829 1829 1.0
1831 1833 1.0
1835 1838 1.0
1840 1841 1.0
1843 1846 1.0
1850 1850 1.0
1853 1855 1.0
1857 1857 1.0
1860 1861 1.0
1864 1864 1.0
1868 1869 1.0
1875 1875 1.0
1877 1877 1.0
1880 1880 1.0
1883 1883 1.0
1886 1888 1.0
1890 1892 1.0
1894 1895 1.0
1897 1897 1.0
1899 1899 1.0
1901 1902 1.0
1904 1904 1.0
1906 1908 1.0
1910 1910 1.0
1912 1914 1.0
1918 1918 1.0
1920 1920 1.0
1922 1922 1.0
1924 1924 1.0
1926 1926 1.0
1928 1928 1.0
1930 1930 1.0
1932 1932 1.0
1940 1940 1.0
1943 1943 1.0
1945 1947 1.0
1954 1954 1.0
2001 2001 1.0
2038 2038 1.0
2045 2045 1.0
2054 2054 1.0
2056 2056 1.0
2058 2058 1.0
2062 2062 1.0
2071 2071 1.0
2073 2073 1.0
2077 2077 1.0
2084 2142 1.0
2144 2160 1.0
2162 2173 1.0
2175 2182 1.0
2184 2185 1.0
2187 2187 1.0
2189 2191 1.0
2193 2195 1.0
2197 2199 1.0
2201 2201 1.0
2204 2205 1.0
2207 2207 1.0
2209 2209 1.0
2311 2311 1.0
2317 2317 1.0
2321 2321 1.0
2325 2325 1.0
2330 2331 1.0
2334 2334 1.0
2336 2337 1.0
2339 2422 1.0
2424 2424 1.0
2426 2428 1.0
2430 2430 1.0
2432 2436 1.0
2438 2438 1.0
2442 2442 1.0
2449 2449 1.0
2552 2552 1.0
2560 2560 1.0
2566 2566 1.0
2568 2570 1.0
2573 2575 1.0
2577 2577 1.0
2579 2581 1.0
2584 2586 1.0
2589 2589 1.0
2593 2593 1.0
2595 2595 1.0
2600 2600 1.0
2608 2608 1.0
2614 2614 1.0
2621 2621 1.0
2623 2623 1.0
2626 2626 1.0
2628 2628 1.0
2630 2630 1.0
2636 2636 1.0
2638 2641 1.0
2643 2644 1.0
2646 2646 1.0
2648 2648 1.0
2652 2652 1.0
2654 2654 1.0
2656 2658 1.0
2660 2660 1.0
2662 2663 1.0
2666 2666 1.0
2668 2668 1.0
2672 2672 1.0
2674 2674 1.0
2676 2676 1.0
2678 2678 1.0
2680 2682 1.0
2687 2687 1.0
2691 2691 1.0
2694 2694 1.0
2696 2696 1.0
2700 2701 1.0
2705 2705 1.0
2711 2711 1.0
2715 2715 1.0
2717 2723 1.0
2725 2728 1.0
2730 2736 1.0
2738 2745 1.0
2747 2749 1.0
2751 2753 1.0
2755 2757 1.0
2759 2763 1.0
2765 2767 1.0
2770 2776 1.0
2778 2782 1.0
2784 2784 1.0
2786 2786 1.0
2788 2788 1.0
2790 2790 1.0
2794 2794 1.0
2798 2798 1.0
2800 2800 1.0
2802 2802 1.0
2812 2812 1.0
2814 2816 1.0
2818 2906 1.0
2908 2910 1.0
2912 2944 1.0
2946 2946 1.0
4644 4644 1.0
