132 132 1.0
136 136 1.0
148 148 1.0
152 152 1.0
158 158 1.0
162 162 1.0
164 164 1.0
166 166 1.0
168 168 1.0
171 171 1.0
175 175 1.0
177 177 1.0
179 179 1.0
182 182 1.0
184 184 1.0
187 195 1.0
197 199 1.0
201 207 1.0
209 211 1.0
215 215 1.0
217 217 1.0
221 221 1.0
224 224 1.0
226 227 1.0
229 234 1.0
267 268 1.0
272 272 1.0
275 277 1.0
279 280 1.0
282 287 1.0
292 292 1.0
303 303 1.0
305 306 1.0
308 328 1.0
348 348 1.0
351 351 1.0
353 410 1.0
413 413 1.0
416 416 1.0
482 484 1.0
486 523 1.0
525 529 1.0
531 531 1.0
533 533 1.0
537 537 1.0
539 539 1.0
541 541 1.0
1144 1144 1.0
4166 4166 1.0
