261 261 1.0
271 271 1.0
273 273 1.0
286 287 1.0
289 311 1.0
313 313 1.0
338 338 1.0
340 340 1.0
345 345 1.0
356 356 1.0
359 359 1.0
361 361 1.0
363 363 1.0
367 367 1.0
375 375 1.0
407 407 1.0
440 441 1.0
443 448 1.0
450 489 1.0
491 503 1.0
505 578 1.0
580 581 1.0
583 586 1.0
588 590 1.0
593 596 1.0
598 602 1.0
604 605 1.0
607 607 1.0
609 609 1.0
611 611 1.0
614 614 1.0
622 622 1.0
659 659 1.0
754 754 1.0
762 762 1.0
766 766 1.0
770 770 1.0
780 785 1.0
787 821 1.0
824 824 1.0
826 827 1.0
831 832 1.0
843 843 1.0
848 848 1.0
850 850 1.0
857 857 1.0
863 864 1.0
866 867 1.0
869 878 1.0
880 882 1.0
884 888 1.0
890 898 1.0
900 908 1.0
915 915 1.0
926 926 1.0
928 928 1.0
930 930 1.0
944 944 1.0
946 948 1.0
950 971 1.0
973 985 1.0
987 995 1.0
997 998 1.0
1001 1002 1.0
1005 1006 1.0
1008 1008 1.0
1010 1010 1.0
1016 1016 1.0
1018 1018 1.0
1026 1026 1.0
1028 1028 1.0
1031 1031 1.0
1033 1033 1.0
1038 1040 1.0
1042 1051 1.0
1054 1054 1.0
1068 1068 1.0
1072 1072 1.0
1078 1078 1.0
1084 1084 1.0
1086 1086 1.0
1189 1190 1.0
1192 1195 1.0
1198 1200 1.0
1203 1204 1.0
1206 1206 1.0
1214 1214 1.0
1216 1216 1.0
1218 1340 1.0
1437 1448 1.0
1450 1452 1.0
1455 1455 1.0
1458 1458 1.0
1462 1462 1.0
1464 1465 1.0
1467 1530 1.0
1536 1536 1.0
1540 1540 1.0
1619 1619 1.0
1628 1628 1.0
1638 1640 1.0
1642 1644 1.0
1646 1674 1.0
1676 1755 1.0
1758 1758 1.0
1760 1760 1.0
1797 1797 1.0
1802 1802 1.0
1804 1804 1.0
1806 1824 1.0
1826 1828 1.0
1830 1831 1.0
1833 1833 1.0
1836 1836 1.0
1888 1888 1.0
1890 1892 1.0
1895 1910 1.0
1912 1912 1.0
1914 1919 1.0
1921 1921 1.0
1930 1930 1.0
1932 1932 1.0
1934 1934 1.0
1937 1937 1.0
1941 1941 1.0
1943 1943 1.0
1945 1945 1.0
1954 1954 1.0
1963 1964 1.0
1966 1978 1.0
1980 2013 1.0
2015 2020 1.0
2022 2058 1.0
2060 2060 1.0
2062 2062 1.0
2068 2068 1.0
2095 2095 1.0
2099 2100 1.0
2102 2102 1.0
2104 2104 1.0
2106 2110 1.0
2112 2112 1.0
2114 2117 1.0
2119 2122 1.0
2124 2124 1.0
2128 2128 1.0
2143 2143 1.0
4644 4644 1.0
