260 309 1.0
311 315 1.0
317 317 1.0
319 319 1.0
323 323 1.0
326 326 1.0
330 330 1.0
333 333 1.0
343 343 1.0
385 385 1.0
394 394 1.0
414 414 1.0
416 416 1.0
435 435 1.0
442 442 1.0
449 450 1.0
461 461 1.0
465 465 1.0
468 468 1.0
491 491 1.0
493 493 1.0
513 513 1.0
515 515 1.0
517 517 1.0
557 557 1.0
574 574 1.0
585 585 1.0
595 596 1.0
598 600 1.0
602 603 1.0
605 606 1.0
609 613 1.0
615 616 1.0
619 619 1.0
623 623 1.0
636 637 1.0
639 639 1.0
641 641 1.0
647 649 1.0
651 651 1.0
653 673 1.0
675 685 1.0
687 712 1.0
714 723 1.0
725 727 1.0
729 739 1.0
742 765 1.0
767 767 1.0
779 779 1.0
781 781 1.0
793 793 1.0
803 803 1.0
842 842 1.0
904 904 1.0
911 912 1.0
915 915 1.0
917 918 1.0
920 921 1.0
923 926 1.0
928 930 1.0
933 934 1.0
936 936 1.0
938 938 1.0
940 940 1.0
942 942 1.0
946 948 1.0
952 952 1.0
955 955 1.0
957 957 1.0
960 960 1.0
962 962 1.0
964 965 1.0
968 968 1.0
970 970 1.0
972 1090 1.0
1092 1099 1.0
1101 1101 1.0
1104 1104 1.0
1113 1113 1.0
1246 1247 1.0
1249 1364 1.0
1366 1368 1.0
1370 1372 1.0
1374 1374 1.0
1418 1418 1.0
1494 1494 1.0
1496 1496 1.0
1498 1498 1.0
1500 1500 1.0
1502 1541 1.0
1543 1544 1.0
1546 1546 1.0
1549 1551 1.0
1553 1555 1.0
1558 1558 1.0
1576 1576 1.0
1602 1602 1.0
1608 1608 1.0
1612 1612 1.0
1615 1615 1.0
1620 1620 1.0
1685 1685 1.0
1688 1691 1.0
1693 1704 1.0
1706 1738 1.0
1740 1740 1.0
1743 1743 1.0
1745 1783 1.0
1785 1793 1.0
1797 1798 1.0
1805 1805 1.0
1811 1811 1.0
1815 1815 1.0
1821 1821 1.0
1855 1855 1.0
1986 1986 1.0
1992 1993 1.0
1995 1995 1.0
1997 1997 1.0
2000 2002 1.0
2005 2024 1.0
2026 2053 1.0
2055 2117 1.0
2119 2119 1.0
2121 2121 1.0
2123 2123 1.0
2125 2125 1.0
2127 2128 1.0
2133 2134 1.0
2148 2148 1.0
2153 2154 1.0
2158 2158 1.0
2166 2166 1.0
2168 2170 1.0
2177 2177 1.0
2179 2180 1.0
2183 2186 1.0
2189 2193 1.0
2195 2196 1.0
2198 2198 1.0
2251 2251 1.0
2261 2261 1.0
2265 2265 1.0
2271 2271 1.0
2275 2275 1.0
2284 2284 1.0
2286 2286 1.0
2289 2289 1.0
2292 2292 1.0
2307 2307 1.0
2329 2329 1.0
2335 2335 1.0
2337 2389 1.0
2392 2393 1.0
2396 2396 1.0
2399 2399 1.0
2417 2417 1.0
2424 2424 1.0
2435 2435 1.0
2444 2445 1.0
2448 2448 1.0
2450 2451 1.0
2454 2454 1.0
2456 2457 1.0
2459 2460 1.0
2486 2486 1.0
2510 2510 1.0
2520 2520 1.0
2524 2524 1.0
2527 2527 1.0
2529 2562 1.0
2564 2572 1.0
2576 2578 1.0
2580 2580 1.0
2582 2582 1.0
2584 2584 1.0
2586 2586 1.0
2590 2590 1.0
2592 2592 1.0
2594 2594 1.0
2596 2596 1.0
2600 2600 1.0
2602 2604 1.0
2606 2606 1.0
2614 2614 1.0
2621 2622 1.0
2624 2624 1.0
2626 2630 1.0
2632 2638 1.0
2640 2648 1.0
2650 2652 1.0
2654 2655 1.0
2657 2676 1.0
2678 2689 1.0
2691 2691 1.0
2693 2693 1.0
2727 2727 1.0
2749 2749 1.0
2830 2830 1.0
2839 2840 1.0
2844 2846 1.0
2848 2852 1.0
2854 2855 1.0
2857 2958 1.0
2960 2967 1.0
2970 2970 1.0
2972 2972 1.0
2976 2976 1.0
2981 2982 1.0
2990 2990 1.0
2993 2993 1.0
2995 2997 1.0
3000 3000 1.0
3002 3084 1.0
3087 3092 1.0
3095 3095 1.0
3097 3097 1.0
3099 3103 1.0
3106 3107 1.0
3114 3114 1.0
3116 3116 1.0
3130 3130 1.0
3237 3237 1.0
3251 3251 1.0
3253 3258 1.0
3260 3281 1.0
