217 217 1.0
229 229 1.0
231 245 1.0
247 257 1.0
259 260 1.0
431 437 1.0
439 441 1.0
443 454 1.0
546 571 1.0
573 574 1.0
577 581 1.0
693 738 1.0
814 862 1.0
864 864 1.0
940 940 1.0
942 942 1.0
947 950 1.0
974 1002 1.0
1082 1093 1.0
1102 1142 1.0
1156 1174 1.0
1274 1305 1.0
1307 1307 1.0
1381 1431 1.0
1433 1433 1.0
1504 1541 1.0
1624 1698 1.0
1784 1784 1.0
1787 1790 1.0
1818 1818 1.0
1821 1821 1.0
1903 1903 1.0
1914 1914 1.0
2111 2112 1.0
2115 2115 1.0
2117 2117 1.0
2123 2123 1.0
2125 2125 1.0
2127 2127 1.0
2306 2306 1.0
2308 2347 1.0
2415 2415 1.0
2424 2424 1.0
2426 2444 1.0
2446 2446 1.0
2448 2448 1.0
2450 2450 1.0
2570 2571 1.0
2578 2578 1.0
2580 2580 1.0
2582 2582 1.0
2584 2584 1.0
2586 2586 1.0
2588 2588 1.0
2592 2592 1.0
2678 2736 1.0
2841 2841 1.0
2855 2855 1.0
2858 2890 1.0
2892 2893 1.0
2975 2975 1.0
2977 3024 1.0
3108 3108 1.0
3110 3114 1.0
3116 3140 1.0
3142 3142 1.0
3144 3144 1.0
3161 3161 1.0
3163 3164 1.0
3166 3207 1.0
3209 3212 1.0
3337 3338 1.0
3340 3342 1.0
3344 3371 1.0
3373 3373 1.0
3446 3447 1.0
3449 3459 1.0
3461 3461 1.0
3463 3465 1.0
3469 3469 1.0
3471 3471 1.0
3672 3672 1.0
3675 3728 1.0
3730 3730 1.0
3873 3937 1.0
3998 3998 1.0
4003 4003 1.0
4005 4013 1.0
4015 4018 1.0
4084 4085 1.0
4087 4087 1.0
4091 4091 1.0
4096 4096 1.0
4099 4099 1.0
4101 4104 1.0
4107 4107 1.0
4109 4109 1.0
4111 4111 1.0
4113 4116 1.0
4118 4120 1.0
4227 4264 1.0
4280 4280 1.0
4282 4282 1.0
4284 4284 1.0
4337 4338 1.0
4341 4341 1.0
4345 4345 1.0
4347 4347 1.0
4349 4353 1.0
4356 4356 1.0
4366 4366 1.0
4369 4369 1.0
4371 4373 1.0
4375 4375 1.0
4377 4377 1.0
4466 4466 1.0
4594 4663 1.0
4748 4813 1.0
4889 4889 1.0
4891 4892 1.0
4894 4917 1.0
4919 4919 1.0
4994 5052 1.0
5181 5241 1.0
5308 5308 1.0
5364 5414 1.0
5554 5554 1.0
5558 5607 1.0
5701 5701 1.0
5703 5703 1.0
5706 5706 1.0
5708 5720 1.0
5722 5724 1.0
5726 5726 1.0
5731 5731 1.0
5880 5886 1.0
5888 5901 1.0
5903 5903 1.0
5905 5905 1.0
6069 6069 1.0
6074 6076 1.0
6082 6085 1.0
6087 6087 1.0
6089 6089 1.0
6092 6092 1.0
6094 6100 1.0
6102 6113 1.0
6115 6115 1.0
6117 6117 1.0
6119 6119 1.0
6123 6123 1.0
6233 6234 1.0
6236 6267 1.0
6269 6269 1.0
6286 6286 1.0
6293 6293 1.0
6299 6299 1.0
6302 6302 1.0
6304 6305 1.0
6307 6349 1.0
6425 6481 1.0
6484 6484 1.0
6575 6575 1.0
6589 6589 1.0
6599 6599 1.0
6603 6603 1.0
6611 6611 1.0
6617 6617 1.0
6620 6620 1.0
6626 6626 1.0
6724 6724 1.0
6736 6736 1.0
6738 6738 1.0
6744 6746 1.0
6748 6750 1.0
6752 6752 1.0
6841 6902 1.0
6958 6961 1.0
6963 7000 1.0
7002 7002 1.0
7039 7076 1.0
7078 7078 1.0
7083 7083 1.0
7153 7155 1.0
7157 7169 1.0
7171 7191 1.0
7193 7193 1.0
7195 7195 1.0
7197 7197 1.0
7199 7199 1.0
7205 7205 1.0
