132 132 1.0
134 134 1.0
138 138 1.0
142 142 1.0
146 146 1.0
153 156 1.0
158 159 1.0
229 231 1.0
233 233 1.0
235 300 1.0
302 302 1.0
304 304 1.0
306 306 1.0
379 379 1.0
381 381 1.0
387 387 1.0
390 392 1.0
394 394 1.0
396 396 1.0
398 398 1.0
400 430 1.0
432 432 1.0
434 434 1.0
436 436 1.0
438 455 1.0
457 476 1.0
478 478 1.0
480 481 1.0
483 483 1.0
485 485 1.0
487 487 1.0
489 489 1.0
491 501 1.0
509 509 1.0
515 515 1.0
517 517 1.0
522 522 1.0
530 530 1.0
537 537 1.0
540 540 1.0
546 546 1.0
548 548 1.0
550 550 1.0
554 554 1.0
566 566 1.0
568 568 1.0
570 572 1.0
574 574 1.0
576 576 1.0
588 588 1.0
591 591 1.0
595 596 1.0
605 606 1.0
608 624 1.0
626 634 1.0
636 642 1.0
1374 1374 1.0
4076 4077 1.0
