260 260 1.0
262 265 1.0
267 268 1.0
274 274 1.0
276 277 1.0
282 282 1.0
286 286 1.0
288 288 1.0
290 290 1.0
292 292 1.0
296 297 1.0
300 300 1.0
303 303 1.0
308 308 1.0
326 326 1.0
328 338 1.0
340 340 1.0
342 343 1.0
347 347 1.0
351 354 1.0
356 361 1.0
364 364 1.0
366 367 1.0
369 369 1.0
381 381 1.0
385 385 1.0
395 395 1.0
401 401 1.0
404 405 1.0
407 407 1.0
409 409 1.0
412 412 1.0
414 418 1.0
420 420 1.0
423 424 1.0
427 428 1.0
431 431 1.0
433 433 1.0
435 435 1.0
439 439 1.0
441 441 1.0
445 445 1.0
447 453 1.0
463 463 1.0
466 468 1.0
470 479 1.0
1130 1130 1.0
1132 1132 1.0
