151 151 1.0
185 185 1.0
193 193 1.0
195 197 1.0
199 199 1.0
201 203 1.0
205 205 1.0
207 256 1.0
258 258 1.0
260 260 1.0
262 262 1.0
264 265 1.0
268 268 1.0
270 270 1.0
272 272 1.0
317 317 1.0
321 321 1.0
323 323 1.0
325 325 1.0
327 327 1.0
329 331 1.0
333 333 1.0
335 342 1.0
344 351 1.0
353 355 1.0
357 357 1.0
359 363 1.0
365 365 1.0
407 407 1.0
416 416 1.0
420 420 1.0
424 426 1.0
428 474 1.0
539 602 1.0
604 605 1.0
609 611 1.0
615 618 1.0
621 621 1.0
628 628 1.0
630 631 1.0
634 634 1.0
637 637 1.0
649 649 1.0
670 670 1.0
702 703 1.0
705 712 1.0
714 783 1.0
785 785 1.0
787 787 1.0
803 803 1.0
848 848 1.0
855 911 1.0
913 913 1.0
958 958 1.0
961 961 1.0
964 964 1.0
966 966 1.0
976 976 1.0
978 978 1.0
980 982 1.0
984 989 1.0
991 999 1.0
1001 1024 1.0
1026 1029 1.0
1031 1036 1.0
1038 1038 1.0
1041 1041 1.0
1047 1047 1.0
1054 1054 1.0
1065 1065 1.0
1085 1085 1.0
1087 1087 1.0
1089 1089 1.0
1093 1093 1.0
1095 1096 1.0
1101 1102 1.0
1106 1125 1.0
1127 1127 1.0
1129 1131 1.0
1133 1133 1.0
1147 1147 1.0
1155 1155 1.0
1158 1158 1.0
1162 1164 1.0
1166 1169 1.0
1178 1179 1.0
1186 1186 1.0
1190 1190 1.0
1192 1192 1.0
1194 1199 1.0
1202 1210 1.0
1212 1215 1.0
1217 1218 1.0
1221 1221 1.0
1223 1225 1.0
1227 1229 1.0
1231 1231 1.0
5015 5015 1.0
