186 186 1.0
192 193 1.0
195 195 1.0
198 198 1.0
204 205 1.0
214 214 1.0
224 224 1.0
313 314 1.0
316 316 1.0
323 323 1.0
340 340 1.0
344 344 1.0
350 350 1.0
354 354 1.0
358 358 1.0
360 360 1.0
367 367 1.0
400 400 1.0
402 402 1.0
434 434 1.0
659 659 1.0
664 665 1.0
669 669 1.0
691 709 1.0
711 750 1.0
752 753 1.0
830 887 1.0
954 954 1.0
956 984 1.0
987 987 1.0
1116 1116 1.0
1122 1122 1.0
1132 1147 1.0
1149 1149 1.0
1151 1151 1.0
1231 1231 1.0
1248 1248 1.0
1250 1250 1.0
1252 1252 1.0
1254 1254 1.0
1266 1266 1.0
1272 1272 1.0
1298 1298 1.0
1410 1410 1.0
1422 1422 1.0
1443 1443 1.0
1463 1463 1.0
1468 1468 1.0
1491 1503 1.0
1505 1505 1.0
1608 1608 1.0
1731 1731 1.0
1816 1816 1.0
1820 1821 1.0
1823 1823 1.0
1825 1825 1.0
1925 1925 1.0
1927 1927 1.0
1932 1932 1.0
1939 1939 1.0
1946 1948 1.0
1950 1952 1.0
1954 1959 1.0
1961 1961 1.0
1965 1968 1.0
1997 1998 1.0
2002 2002 1.0
2024 2024 1.0
2039 2039 1.0
2047 2047 1.0
2054 2054 1.0
2075 2075 1.0
2127 2127 1.0
2131 2131 1.0
2133 2133 1.0
2138 2138 1.0
2150 2150 1.0
2153 2153 1.0
2157 2157 1.0
2159 2159 1.0
2161 2161 1.0
2169 2169 1.0
2407 2407 1.0
2586 2586 1.0
2593 2593 1.0
2648 2648 1.0
2750 2750 1.0
2755 2755 1.0
2766 2766 1.0
2899 2899 1.0
2901 2921 1.0
2991 2992 1.0
2999 2999 1.0
3001 3001 1.0
3003 3003 1.0
3007 3007 1.0
3054 3054 1.0
3059 3059 1.0
3069 3069 1.0
3170 3170 1.0
3174 3178 1.0
3186 3186 1.0
3204 3204 1.0
3207 3215 1.0
3325 3379 1.0
3465 3466 1.0
3576 3576 1.0
3578 3580 1.0
3582 3584 1.0
3588 3591 1.0
3595 3595 1.0
3597 3597 1.0
3599 3599 1.0
3601 3608 1.0
3610 3611 1.0
3613 3617 1.0
3703 3703 1.0
3706 3706 1.0
3715 3715 1.0
3723 3723 1.0
3725 3727 1.0
3729 3729 1.0
3731 3736 1.0
3739 3739 1.0
3741 3741 1.0
3743 3743 1.0
3747 3747 1.0
3763 3763 1.0
3825 3825 1.0
3829 3829 1.0
3831 3831 1.0
3848 3848 1.0
4012 4012 1.0
4016 4016 1.0
4018 4018 1.0
4020 4020 1.0
4025 4025 1.0
4028 4028 1.0
4031 4031 1.0
4033 4033 1.0
4039 4039 1.0
4043 4045 1.0
4047 4047 1.0
4049 4049 1.0
4051 4051 1.0
4059 4059 1.0
4061 4061 1.0
4179 4179 1.0
4181 4181 1.0
4184 4185 1.0
4191 4191 1.0
4196 4196 1.0
4199 4199 1.0
4205 4205 1.0
4282 4298 1.0
4379 4379 1.0
4399 4399 1.0
4440 4440 1.0
4464 4464 1.0
4466 4466 1.0
4499 4499 1.0
4501 4501 1.0
4600 4600 1.0
4670 4670 1.0
4675 4675 1.0
4679 4679 1.0
4706 4706 1.0
4735 4735 1.0
4761 4762 1.0
4764 4765 1.0
4767 4767 1.0
4769 4769 1.0
4771 4774 1.0
4777 4778 1.0
4780 4783 1.0
4787 4787 1.0
4800 4800 1.0
4873 4921 1.0
4923 4924 1.0
4926 4928 1.0
5029 5078 1.0
5152 5152 1.0
5154 5218 1.0
