260 270 1.0
272 274 1.0
462 467 1.0
469 469 1.0
471 474 1.0
476 476 1.0
478 479 1.0
486 486 1.0
596 729 1.0
858 866 1.0
900 947 1.0
997 1024 1.0
1080 1126 1.0
1149 1198 1.0
1321 1324 1.0
1326 1417 1.0
1543 1543 1.0
1545 1671 1.0
1673 1673 1.0
1806 1807 1.0
1809 1809 1.0
1811 1880 1.0
1882 1884 1.0
1886 1886 1.0
1888 1888 1.0
1921 1921 1.0
1924 1927 1.0
1929 1929 1.0
1977 1981 1.0
1983 1986 1.0
1989 1993 1.0
1998 2007 1.0
2014 2014 1.0
2026 2026 1.0
2164 2199 1.0
2212 2274 1.0
2331 2332 1.0
2334 2346 1.0
2403 2431 1.0
2433 2433 1.0
2442 2442 1.0
2444 2444 1.0
2446 2450 1.0
2452 2458 1.0
2526 2527 1.0
2529 2533 1.0
2540 2601 1.0
