130 146 1.0
219 242 1.0
248 270 1.0
355 356 1.0
358 378 1.0
403 411 1.0
413 413 1.0
451 451 1.0
454 455 1.0
457 488 1.0
567 567 1.0
569 583 1.0
640 640 1.0
642 707 1.0
856 958 1.0
1081 1144 1.0
1150 1150 1.0
1223 1223 1.0
1225 1225 1.0
1227 1229 1.0
1231 1234 1.0
1302 1327 1.0
1380 1380 1.0
1382 1423 1.0
1425 1425 1.0
1509 1566 1.0
1643 1648 1.0
1693 1696 1.0
1698 1698 1.0
1712 1769 1.0
1830 1867 1.0
1941 1941 1.0
1943 1986 1.0
1988 1988 1.0
2057 2057 1.0
2059 2059 1.0
2061 2061 1.0
2096 2104 1.0
2106 2106 1.0
2272 2346 1.0
2348 2348 1.0
2439 2439 1.0
2441 2480 1.0
2545 2604 1.0
2751 2751 1.0
2753 2753 1.0
2755 2755 1.0
2757 2757 1.0
2759 2759 1.0
2761 2761 1.0
2763 2763 1.0
2765 2765 1.0
2767 2767 1.0
2769 2769 1.0
2899 2899 1.0
2901 2920 1.0
2922 2922 1.0
2924 2924 1.0
2995 2995 1.0
2997 2997 1.0
2999 3001 1.0
3003 3003 1.0
3005 3009 1.0
3013 3013 1.0
3213 3268 1.0
3334 3360 1.0
3420 3468 1.0
3570 3570 1.0
3572 3572 1.0
3576 3576 1.0
3578 3578 1.0
3580 3611 1.0
3613 3613 1.0
3615 3615 1.0
3617 3617 1.0
3698 3700 1.0
3702 3724 1.0
3726 3727 1.0
3729 3729 1.0
3732 3732 1.0
3795 3795 1.0
3797 3797 1.0
3799 3809 1.0
3811 3812 1.0
3814 3814 1.0
3818 3818 1.0
3999 4057 1.0
4123 4133 1.0
4257 4312 1.0
4314 4314 1.0
4384 4428 1.0
4491 4549 1.0
4551 4551 1.0
4604 4628 1.0
5015 5015 1.0
