130 133 1.0
152 159 1.0
161 191 1.0
252 304 1.0
365 478 1.0
545 608 1.0
733 779 1.0
781 781 1.0
785 785 1.0
803 803 1.0
817 817 1.0
819 858 1.0
954 1015 1.0
1072 1127 1.0
1188 1244 1.0
1246 1246 1.0
1335 1401 1.0
1490 1529 1.0
1614 1681 1.0
1740 1740 1.0
1742 1769 1.0
1856 1856 1.0
1879 1945 1.0
2029 2029 1.0
2031 2031 1.0
2033 2043 1.0
2106 2169 1.0
2226 2252 1.0
2254 2254 1.0
2259 2261 1.0
2326 2370 1.0
2418 2472 1.0
2533 2563 1.0
2624 2624 1.0
2626 2637 1.0
2639 2639 1.0
2641 2641 1.0
2643 2649 1.0
2651 2651 1.0
2653 2653 1.0
2655 2657 1.0
2659 2659 1.0
2716 2716 1.0
2718 2718 1.0
2720 2720 1.0
2722 2722 1.0
2724 2789 1.0
2882 2945 1.0
3043 3109 1.0
3169 3173 1.0
3198 3205 1.0
3246 3279 1.0
3340 3397 1.0
3399 3399 1.0
3401 3401 1.0
3403 3403 1.0
3405 3405 1.0
3460 3460 1.0
3529 3529 1.0
3531 3531 1.0
3533 3549 1.0
3551 3551 1.0
3553 3553 1.0
3558 3559 1.0
3561 3563 1.0
3569 3569 1.0
3631 3631 1.0
3633 3692 1.0
4258 4258 1.0
