316 425 1.0
427 427 1.0
436 437 1.0
569 569 1.0
586 587 1.0
590 724 1.0
835 932 1.0
1062 1173 1.0
1271 1271 1.0
1273 1337 1.0
1388 1388 1.0
1390 1435 1.0
1595 1637 1.0
1648 1726 1.0
1889 1890 1.0
1892 1893 1.0
1899 1899 1.0
1936 1936 1.0
1938 1938 1.0
1940 1940 1.0
1942 2064 1.0
2066 2066 1.0
2068 2068 1.0
2092 2139 1.0
2141 2141 1.0
2279 2393 1.0
2523 2575 1.0
2601 2601 1.0
2604 2630 1.0
2697 2697 1.0
2699 2790 1.0
2804 2831 1.0
2833 2833 1.0
2873 2874 1.0
2877 2877 1.0
3133 3261 1.0
3380 3480 1.0
3616 3649 1.0
3652 3680 1.0
3709 3753 1.0
3882 3969 1.0
4100 4230 1.0
4232 4233 1.0
4248 4280 1.0
4315 4315 1.0
4318 4318 1.0
4323 4323 1.0
4326 4326 1.0
4330 4330 1.0
4554 4693 1.0
4839 4890 1.0
4921 4963 1.0
4998 5064 1.0
5091 5157 1.0
5318 5319 1.0
5321 5322 1.0
5326 5475 1.0
5495 5514 1.0
5517 5517 1.0
5528 5528 1.0
5530 5530 1.0
5546 5546 1.0
5548 5582 1.0
5584 5584 1.0
5718 5839 1.0
5970 5971 1.0
5973 6096 1.0
6246 6246 1.0
6248 6381 1.0
