260 304 1.0
446 447 1.0
449 452 1.0
454 455 1.0
622 672 1.0
710 715 1.0
845 852 1.0
1019 1180 1.0
1349 1498 1.0
1624 1759 1.0
1763 1765 1.0
1956 2071 1.0
2210 2210 1.0
2212 2344 1.0
2354 2354 1.0
2357 2358 1.0
2362 2362 1.0
2364 2364 1.0
2366 2449 1.0
2687 2688 1.0
2690 2698 1.0
2882 2969 1.0
2974 2975 1.0
2977 3000 1.0
3125 3182 1.0
3329 3463 1.0
3731 3731 1.0
3733 3805 1.0
3836 3836 1.0
3842 3842 1.0
3844 3845 1.0
3983 4120 1.0
4122 4122 1.0
4269 4269 1.0
4315 4448 1.0
4722 4722 1.0
4724 4726 1.0
4728 4734 1.0
4737 4737 1.0
4739 4745 1.0
4747 4809 1.0
4927 5032 1.0
5097 5202 1.0
