274 434 1.0
648 648 1.0
651 656 1.0
658 658 1.0
660 660 1.0
663 663 1.0
670 670 1.0
672 672 1.0
674 719 1.0
721 721 1.0
738 738 1.0
741 776 1.0
778 780 1.0
782 804 1.0
852 859 1.0
863 916 1.0
918 918 1.0
920 924 1.0
933 966 1.0
968 976 1.0
978 980 1.0
986 987 1.0
989 993 1.0
995 995 1.0
1195 1218 1.0
1220 1223 1.0
1225 1247 1.0
1249 1249 1.0
1251 1251 1.0
1253 1253 1.0
1255 1266 1.0
1268 1269 1.0
1315 1316 1.0
1318 1320 1.0
1322 1323 1.0
1327 1327 1.0
1346 1383 1.0
1385 1387 1.0
1389 1389 1.0
1437 1437 1.0
1439 1443 1.0
1601 1676 1.0
1678 1678 1.0
1680 1681 1.0
1811 1866 1.0
1877 1877 1.0
1998 2113 1.0
2295 2296 1.0
2301 2335 1.0
2337 2339 1.0
2353 2353 1.0
2355 2363 1.0
2365 2369 1.0
2371 2371 1.0
2373 2373 1.0
2497 2497 1.0
2499 2614 1.0
2647 2674 1.0
2748 2770 1.0
2823 2832 1.0
3114 3115 1.0
3117 3203 1.0
3494 3511 1.0
3551 3551 1.0
3555 3555 1.0
3557 3557 1.0
3564 3598 1.0
3705 3811 1.0
3813 3813 1.0
3815 3815 1.0
4091 4173 1.0
4175 4180 1.0
4182 4182 1.0
4193 4195 1.0
4197 4199 1.0
4394 4446 1.0
4509 4522 1.0
4562 4633 1.0
4765 4843 1.0
4992 5104 1.0
5243 5259 1.0
5425 5547 1.0
5779 5876 1.0
6061 6149 1.0
6172 6235 1.0
6290 6290 1.0
6292 6293 1.0
6383 6418 1.0
6430 6489 1.0
6623 6745 1.0
6892 6893 1.0
6895 7048 1.0
7305 7305 1.0
7307 7309 1.0
7311 7371 1.0
7610 7625 1.0
7627 7628 1.0
7631 7631 1.0
7641 7715 1.0
7717 7717 1.0
7901 7932 1.0
7934 7934 1.0
7964 8076 1.0
8223 8328 1.0
8411 8434 1.0
8454 8523 1.0
8701 8701 1.0
8706 8718 1.0
8720 8721 1.0
8728 8777 1.0
8917 8982 1.0
