348 496 1.0
757 872 1.0
1047 1189 1.0
1273 1273 1.0
1275 1279 1.0
1281 1282 1.0
1291 1291 1.0
1293 1293 1.0
1295 1295 1.0
1298 1301 1.0
1315 1389 1.0
1526 1640 1.0
1763 1865 1.0
1987 1987 1.0
1989 1989 1.0
1993 2010 1.0
2158 2285 1.0
2410 2501 1.0
2503 2503 1.0
2534 2534 1.0
2567 2568 1.0
2570 2570 1.0
2731 2731 1.0
2733 2805 1.0
2807 2807 1.0
2810 2810 1.0
2812 2812 1.0
2814 2814 1.0
2816 2816 1.0
2818 2832 1.0
2834 2834 1.0
2836 2836 1.0
2838 2840 1.0
2842 2842 1.0
2845 2845 1.0
2911 2924 1.0
2991 2992 1.0
2994 3035 1.0
3064 3100 1.0
3103 3103 1.0
3105 3105 1.0
3257 3292 1.0
3343 3406 1.0
3605 3706 1.0
3708 3708 1.0
3914 3970 1.0
3983 3985 1.0
4032 4036 1.0
4169 4213 1.0
