260 285 1.0
499 622 1.0
781 925 1.0
927 929 1.0
1017 1017 1.0
1021 1021 1.0
1024 1026 1.0
1163 1274 1.0
1599 1709 1.0
1880 2009 1.0
2011 2036 1.0
2038 2045 1.0
2047 2048 1.0
2106 2123 1.0
2350 2358 1.0
2360 2514 1.0
2721 2723 1.0
2729 2729 1.0
2733 2870 1.0
2951 3070 1.0
3208 3276 1.0
3432 3432 1.0
3732 3762 1.0
3804 3825 1.0
3942 3942 1.0
3945 3945 1.0
4009 4011 1.0
4023 4023 1.0
4025 4025 1.0
4027 4028 1.0
4030 4032 1.0
4226 4341 1.0
4542 4566 1.0
4895 4983 1.0
5196 5196 1.0
5198 5232 1.0
5234 5236 1.0
5238 5242 1.0
5244 5244 1.0
5257 5260 1.0
5537 5538 1.0
5635 5650 1.0
5823 5901 1.0
5912 5914 1.0
5924 5930 1.0
6061 6083 1.0
6183 6187 1.0
6195 6293 1.0
6296 6296 1.0
6298 6298 1.0
6300 6300 1.0
6542 6559 1.0
6561 6561 1.0
6802 6817 1.0
6840 6867 1.0
7000 7094 1.0
7292 7314 1.0
7318 7375 1.0
7577 7666 1.0
7822 7854 1.0
8111 8241 1.0
8281 8296 1.0
