260 365 1.0
423 543 1.0
730 863 1.0
992 1011 1.0
1070 1102 1.0
1106 1106 1.0
1109 1111 1.0
1113 1114 1.0
1116 1116 1.0
1134 1198 1.0
1200 1200 1.0
1323 1424 1.0
1558 1595 1.0
1597 1597 1.0
1648 1691 1.0
1719 1733 1.0
1735 1735 1.0
1748 1851 1.0
1855 1887 1.0
2052 2075 1.0
2100 2100 1.0
2107 2243 1.0
2392 2547 1.0
2729 2858 1.0
2878 2891 1.0
3021 3162 1.0
3290 3299 1.0
3309 3406 1.0
3530 3547 1.0
3564 3635 1.0
3637 3637 1.0
3766 3881 1.0
3995 4059 1.0
4180 4180 1.0
4182 4292 1.0
4415 4533 1.0
4536 4537 1.0
4685 4685 1.0
4688 4689 1.0
4691 4698 1.0
4700 4739 1.0
4741 4741 1.0
4743 4926 1.0
4928 4930 1.0
4932 4932 1.0
4934 4936 1.0
4938 4956 1.0
4958 4958 1.0
4960 4967 1.0
4992 5023 1.0
5027 5027 1.0
5237 5393 1.0
5529 5590 1.0
