145 185 1.0
187 187 1.0
256 261 1.0
263 264 1.0
266 364 1.0
444 508 1.0
510 510 1.0
514 514 1.0
518 518 1.0
532 532 1.0
540 540 1.0
543 543 1.0
567 567 1.0
569 569 1.0
571 606 1.0
608 608 1.0
610 618 1.0
620 622 1.0
624 626 1.0
701 753 1.0
810 811 1.0
817 819 1.0
821 823 1.0
826 827 1.0
829 829 1.0
831 831 1.0
856 857 1.0
859 859 1.0
861 886 1.0
888 894 1.0
896 896 1.0
898 898 1.0
900 904 1.0
906 906 1.0
993 1057 1.0
1091 1093 1.0
1148 1154 1.0
1157 1200 1.0
1232 1233 1.0
1272 1285 1.0
1346 1346 1.0
1349 1349 1.0
1353 1425 1.0
1581 1648 1.0
1650 1650 1.0
1702 1704 1.0
1713 1716 1.0
1718 1749 1.0
1751 1752 1.0
1908 1908 1.0
1910 1976 1.0
2050 2105 1.0
2107 2107 1.0
2168 2168 1.0
2170 2170 1.0
2172 2172 1.0
2216 2216 1.0
2218 2225 1.0
2227 2231 1.0
2233 2233 1.0
2235 2286 1.0
2457 2457 1.0
2459 2530 1.0
2542 2542 1.0
2544 2544 1.0
2548 2548 1.0
2550 2550 1.0
2552 2552 1.0
2560 2560 1.0
2562 2562 1.0
2564 2564 1.0
2572 2572 1.0
2576 2578 1.0
2588 2588 1.0
2688 2710 1.0
2759 2759 1.0
2763 2763 1.0
2765 2828 1.0
2830 2830 1.0
2907 2907 1.0
2909 2909 1.0
2913 2913 1.0
2917 2917 1.0
2919 2970 1.0
2972 2976 1.0
2978 2982 1.0
3041 3042 1.0
3046 3047 1.0
3049 3080 1.0
3082 3082 1.0
3094 3096 1.0
3098 3099 1.0
3101 3101 1.0
3103 3103 1.0
3105 3105 1.0
3210 3210 1.0
3228 3290 1.0
3338 3343 1.0
3345 3345 1.0
3347 3347 1.0
3353 3354 1.0
3357 3357 1.0
3359 3359 1.0
3361 3361 1.0
3363 3363 1.0
3365 3365 1.0
3367 3367 1.0
3369 3369 1.0
3371 3371 1.0
3373 3373 1.0
3453 3511 1.0
3513 3513 1.0
3515 3515 1.0
3596 3657 1.0
3765 3802 1.0
3804 3806 1.0
3825 3857 1.0
3859 3862 1.0
3922 3964 1.0
3968 3969 1.0
3972 3974 1.0
3976 3976 1.0
3980 3982 1.0
3984 3985 1.0
4067 4167 1.0
4198 4200 1.0
4287 4335 1.0
4338 4338 1.0
4397 4397 1.0
4399 4420 1.0
