130 130 1.0
134 150 1.0
307 307 1.0
309 309 1.0
311 311 1.0
313 315 1.0
317 317 1.0
319 319 1.0
323 323 1.0
325 329 1.0
409 413 1.0
423 424 1.0
430 430 1.0
513 546 1.0
591 591 1.0
667 715 1.0
807 807 1.0
827 827 1.0
837 837 1.0
839 841 1.0
843 845 1.0
847 847 1.0
850 850 1.0
853 853 1.0
857 857 1.0
979 1010 1.0
1012 1012 1.0
1014 1014 1.0
1016 1016 1.0
1231 1231 1.0
1233 1233 1.0
1235 1286 1.0
1288 1288 1.0
1378 1420 1.0
1422 1422 1.0
1424 1424 1.0
1426 1426 1.0
1451 1451 1.0
1453 1467 1.0
1469 1472 1.0
1477 1477 1.0
1479 1479 1.0
1560 1599 1.0
1664 1664 1.0
1666 1690 1.0
1792 1792 1.0
1794 1846 1.0
1848 1850 1.0
2000 2062 1.0
2072 2072 1.0
2074 2083 1.0
2185 2239 1.0
2308 2349 1.0
2494 2499 1.0
2501 2501 1.0
2674 2734 1.0
2762 2765 1.0
2767 2769 1.0
2814 2818 1.0
2954 2954 1.0
2956 2956 1.0
2958 2971 1.0
2973 2973 1.0
3076 3076 1.0
3079 3097 1.0
3099 3099 1.0
3101 3101 1.0
3103 3103 1.0
3105 3105 1.0
3240 3303 1.0
3317 3317 1.0
3414 3415 1.0
3417 3452 1.0
3623 3623 1.0
3628 3628 1.0
3759 3759 1.0
3762 3777 1.0
3779 3779 1.0
3849 3897 1.0
3969 4015 1.0
4051 4051 1.0
4053 4053 1.0
4056 4058 1.0
4286 4334 1.0
4415 4417 1.0
4457 4457 1.0
4522 4592 1.0
4600 4652 1.0
4654 4655 1.0
4768 4845 1.0
4914 4962 1.0
4964 4968 1.0
5032 5095 1.0
5165 5201 1.0
