262 262 1.0
267 267 1.0
269 269 1.0
285 285 1.0
288 390 1.0
392 393 1.0
395 395 1.0
397 397 1.0
399 399 1.0
401 401 1.0
403 403 1.0
405 405 1.0
407 407 1.0
512 575 1.0
577 614 1.0
705 705 1.0
739 833 1.0
835 847 1.0
849 882 1.0
884 884 1.0
886 886 1.0
888 888 1.0
890 890 1.0
892 892 1.0
906 906 1.0
909 909 1.0
912 912 1.0
915 915 1.0
920 921 1.0
1018 1018 1.0
1040 1040 1.0
1046 1046 1.0
1052 1052 1.0
1054 1054 1.0
1056 1174 1.0
1302 1310 1.0
1312 1317 1.0
1336 1336 1.0
1340 1340 1.0
1342 1357 1.0
1360 1360 1.0
1378 1378 1.0
1380 1380 1.0
1382 1382 1.0
1386 1426 1.0
1428 1428 1.0
1430 1430 1.0
1432 1432 1.0
1438 1441 1.0
1443 1483 1.0
1485 1488 1.0
1490 1495 1.0
1498 1499 1.0
1501 1501 1.0
1504 1507 1.0
1510 1513 1.0
1612 1613 1.0
1615 1616 1.0
1618 1623 1.0
1625 1627 1.0
1629 1629 1.0
1631 1631 1.0
1637 1637 1.0
1644 1645 1.0
1647 1647 1.0
1651 1651 1.0
1653 1654 1.0
1656 1714 1.0
1721 1721 1.0
1723 1723 1.0
1763 1765 1.0
1767 1767 1.0
1769 1770 1.0
1772 1772 1.0
1774 1780 1.0
1782 1784 1.0
1786 1788 1.0
1790 1791 1.0
1793 1793 1.0
1796 1796 1.0
1800 1801 1.0
1806 1806 1.0
1830 1830 1.0
1851 1886 1.0
1889 1889 1.0
1891 1891 1.0
1895 1895 1.0
1897 1897 1.0
1900 1900 1.0
1903 1903 1.0
1908 1908 1.0
1910 1910 1.0
1912 1912 1.0
1914 1914 1.0
1916 1916 1.0
1918 1920 1.0
1922 1923 1.0
1925 1925 1.0
1927 1929 1.0
1931 1933 1.0
2031 2031 1.0
2035 2035 1.0
2069 2069 1.0
2071 2071 1.0
2073 2073 1.0
2075 2075 1.0
2077 2130 1.0
2133 2133 1.0
2136 2136 1.0
2141 2141 1.0
2143 2143 1.0
2145 2145 1.0
2147 2147 1.0
2155 2155 1.0
2158 2159 1.0
2161 2163 1.0
2165 2197 1.0
2201 2203 1.0
2207 2207 1.0
2257 2257 1.0
2260 2261 1.0
2266 2269 1.0
2273 2273 1.0
2275 2275 1.0
2277 2277 1.0
2280 2280 1.0
2283 2283 1.0
2285 2285 1.0
2292 2292 1.0
2296 2296 1.0
2302 2302 1.0
2314 2314 1.0
2320 2320 1.0
2324 2324 1.0
2328 2328 1.0
2334 2334 1.0
2341 2381 1.0
2383 2384 1.0
2389 2389 1.0
2392 2393 1.0
2399 2399 1.0
2403 2404 1.0
2412 2412 1.0
2415 2416 1.0
2420 2420 1.0
2424 2424 1.0
2426 2426 1.0
2428 2428 1.0
2430 2432 1.0
2434 2434 1.0
2440 2440 1.0
2446 2448 1.0
2450 2450 1.0
2452 2452 1.0
2454 2469 1.0
2471 2475 1.0
2477 2477 1.0
2479 2479 1.0
2519 2519 1.0
2523 2523 1.0
2525 2525 1.0
2535 2535 1.0
2537 2537 1.0
2628 2629 1.0
2634 2634 1.0
2646 2647 1.0
2649 2651 1.0
2653 2656 1.0
2658 2746 1.0
2748 2748 1.0
2750 2750 1.0
2752 2752 1.0
2754 2756 1.0
2760 2760 1.0
2762 2762 1.0
2764 2768 1.0
2770 2770 1.0
2786 2786 1.0
2794 2794 1.0
2806 2806 1.0
2812 2812 1.0
2814 2814 1.0
2816 2816 1.0
2822 2822 1.0
2830 2830 1.0
2834 2834 1.0
2836 2836 1.0
2840 2840 1.0
2855 2860 1.0
2862 2892 1.0
2894 2914 1.0
2916 2922 1.0
2924 2930 1.0
2932 2933 1.0
2935 2935 1.0
2937 2937 1.0
3068 3196 1.0
3347 3350 1.0
3352 3354 1.0
3356 3513 1.0
3517 3517 1.0
3592 3592 1.0
3706 3706 1.0
3710 3710 1.0
3712 3712 1.0
3714 3714 1.0
3722 3834 1.0
3837 3837 1.0
3927 3927 1.0
3962 3986 1.0
3988 4051 1.0
4053 4055 1.0
4057 4063 1.0
4065 4067 1.0
4069 4071 1.0
4073 4079 1.0
4081 4081 1.0
4116 4116 1.0
4166 4166 1.0
4170 4170 1.0
4172 4173 1.0
4175 4288 1.0
4290 4290 1.0
4405 4405 1.0
4412 4508 1.0
4510 4514 1.0
4516 4516 1.0
4518 4518 1.0
4523 4523 1.0
4638 4638 1.0
4649 4651 1.0
4653 4764 1.0
4859 4860 1.0
4862 4876 1.0
4878 4962 1.0
5036 5036 1.0
5042 5042 1.0
5044 5044 1.0
5046 5046 1.0
5048 5048 1.0
5050 5050 1.0
5054 5054 1.0
5056 5056 1.0
5058 5058 1.0
5060 5060 1.0
5062 5065 1.0
5068 5068 1.0
5076 5076 1.0
5078 5079 1.0
5081 5087 1.0
5089 5093 1.0
5095 5145 1.0
5181 5182 1.0
5190 5190 1.0
5192 5213 1.0
5217 5217 1.0
5219 5219 1.0
5223 5223 1.0
5225 5225 1.0
5227 5227 1.0
5265 5265 1.0
5277 5293 1.0
5309 5309 1.0
5375 5376 1.0
5378 5379 1.0
5381 5391 1.0
5393 5393 1.0
5395 5395 1.0
5397 5397 1.0
5399 5403 1.0
5406 5406 1.0
5408 5408 1.0
5410 5410 1.0
5418 5418 1.0
5423 5437 1.0
5446 5446 1.0
5492 5492 1.0
5498 5498 1.0
5506 5506 1.0
5516 5516 1.0
5518 5518 1.0
5526 5526 1.0
5530 5530 1.0
5533 5534 1.0
5546 5546 1.0
5550 5550 1.0
5567 5636 1.0
5639 5640 1.0
5648 5652 1.0
5656 5658 1.0
5660 5674 1.0
5676 5685 1.0
5688 5688 1.0
5690 5690 1.0
5692 5693 1.0
5695 5695 1.0
5760 5760 1.0
5764 5764 1.0
5766 5773 1.0
5826 5871 1.0
5873 5878 1.0
5880 5884 1.0
5886 5886 1.0
5888 5888 1.0
5890 5892 1.0
5894 5894 1.0
5896 5953 1.0
5955 5957 1.0
5970 5970 1.0
6101 6101 1.0
6111 6111 1.0
6114 6115 1.0
6117 6229 1.0
6231 6233 1.0
6235 6237 1.0
6239 6239 1.0
6241 6241 1.0
6264 6264 1.0
6268 6269 1.0
6273 6273 1.0
6275 6277 1.0
6279 6281 1.0
6283 6283 1.0
6285 6305 1.0
6307 6307 1.0
6359 6359 1.0
6363 6363 1.0
6365 6365 1.0
6367 6367 1.0
6369 6369 1.0
6371 6371 1.0
6373 6379 1.0
6381 6381 1.0
6383 6383 1.0
6385 6385 1.0
6389 6389 1.0
6435 6435 1.0
6439 6439 1.0
6441 6542 1.0
6545 6545 1.0
6547 6547 1.0
6551 6551 1.0
6559 6559 1.0
6561 6561 1.0
6685 6685 1.0
6687 6687 1.0
6689 6689 1.0
6691 6756 1.0
6758 6760 1.0
6762 6780 1.0
6782 6782 1.0
6792 6792 1.0
6798 6798 1.0
6878 7003 1.0
7005 7005 1.0
7007 7007 1.0
7009 7009 1.0
7011 7011 1.0
7119 7119 1.0
7121 7121 1.0
7123 7123 1.0
7133 7133 1.0
7137 7137 1.0
7139 7139 1.0
7141 7141 1.0
7143 7244 1.0
7246 7246 1.0
7248 7249 1.0
7254 7254 1.0
7264 7264 1.0
7372 7382 1.0
7384 7485 1.0
7661 7661 1.0
7663 7667 1.0
7669 7869 1.0
7871 7871 1.0
7873 7873 1.0
8001 8129 1.0
