263 263 1.0
276 276 1.0
281 281 1.0
283 286 1.0
288 302 1.0
304 309 1.0
315 315 1.0
326 326 1.0
429 429 1.0
431 439 1.0
441 441 1.0
449 449 1.0
475 475 1.0
477 477 1.0
479 559 1.0
561 639 1.0
641 645 1.0
775 798 1.0
800 896 1.0
928 928 1.0
1027 1027 1.0
1029 1083 1.0
1087 1087 1.0
1109 1109 1.0
1111 1150 1.0
1215 1215 1.0
1217 1217 1.0
1219 1239 1.0
1289 1289 1.0
1291 1348 1.0
1350 1442 1.0
1444 1445 1.0
1449 1449 1.0
1463 1463 1.0
1478 1478 1.0
1653 1788 1.0
1799 1799 1.0
1856 1856 1.0
1860 1892 1.0
1894 1894 1.0
1992 1992 1.0
1994 1995 1.0
1997 1999 1.0
2001 2006 1.0
2012 2012 1.0
2023 2023 1.0
2025 2026 1.0
2028 2070 1.0
2156 2273 1.0
2398 2464 1.0
2468 2468 1.0
2591 2679 1.0
2681 2681 1.0
2683 2684 1.0
2689 2689 1.0
2691 2721 1.0
2723 2723 1.0
2727 2727 1.0
2742 2743 1.0
2778 2779 1.0
2781 2819 1.0
2875 2875 1.0
2954 2961 1.0
2963 2971 1.0
2973 2974 1.0
2998 3084 1.0
3105 3123 1.0
3144 3144 1.0
3174 3179 1.0
3181 3182 1.0
3184 3185 1.0
3189 3190 1.0
3192 3192 1.0
3203 3203 1.0
3213 3247 1.0
3249 3269 1.0
3272 3272 1.0
3275 3278 1.0
3280 3297 1.0
3299 3299 1.0
3308 3308 1.0
3317 3317 1.0
3319 3320 1.0
3322 3341 1.0
3347 3357 1.0
3507 3561 1.0
3563 3582 1.0
3584 3594 1.0
3596 3596 1.0
3598 3598 1.0
3614 3636 1.0
3657 3657 1.0
3666 3666 1.0
3670 3728 1.0
3730 3744 1.0
3753 3756 1.0
3758 3758 1.0
3761 3788 1.0
3865 3865 1.0
3868 3870 1.0
3872 3876 1.0
3883 3883 1.0
3886 3896 1.0
3898 3900 1.0
3906 3906 1.0
3911 3913 1.0
3915 3929 1.0
3933 3986 1.0
3988 3988 1.0
4058 4065 1.0
4118 4250 1.0
4290 4314 1.0
4358 4358 1.0
4363 4365 1.0
4367 4370 1.0
4428 4428 1.0
4513 4513 1.0
4515 4549 1.0
4562 4635 1.0
4822 4890 1.0
4893 4893 1.0
4895 4895 1.0
4907 4907 1.0
4909 4909 1.0
4917 4917 1.0
4920 4920 1.0
4922 4922 1.0
5017 5123 1.0
5125 5125 1.0
5127 5148 1.0
5150 5151 1.0
5154 5154 1.0
5160 5169 1.0
5171 5182 1.0
5185 5185 1.0
5237 5237 1.0
5253 5253 1.0
5257 5257 1.0
5281 5281 1.0
5299 5299 1.0
5339 5339 1.0
5350 5350 1.0
5354 5358 1.0
5360 5360 1.0
5362 5365 1.0
5367 5400 1.0
5402 5402 1.0
5438 5438 1.0
5440 5455 1.0
5540 5540 1.0
5586 5715 1.0
5722 5723 1.0
5725 5725 1.0
5728 5728 1.0
5730 5730 1.0
5733 5757 1.0
5829 5829 1.0
5841 5845 1.0
5861 5861 1.0
5865 5867 1.0
5869 5869 1.0
5872 5874 1.0
5876 5878 1.0
5880 5944 1.0
5946 5949 1.0
5951 5951 1.0
5954 5954 1.0
6074 6074 1.0
6082 6082 1.0
6084 6228 1.0
6230 6232 1.0
6366 6374 1.0
6451 6494 1.0
6499 6593 1.0
6597 6597 1.0
6600 6626 1.0
6675 6675 1.0
6677 6677 1.0
6680 6680 1.0
6771 6774 1.0
6776 6887 1.0
6897 6897 1.0
6911 6911 1.0
6917 6917 1.0
6919 6919 1.0
6921 6923 1.0
6925 6943 1.0
6949 6949 1.0
7103 7167 1.0
7169 7169 1.0
7174 7175 1.0
7177 7178 1.0
7180 7180 1.0
7182 7182 1.0
7188 7188 1.0
7194 7194 1.0
7196 7196 1.0
7198 7210 1.0
7212 7212 1.0
7214 7214 1.0
7227 7227 1.0
7240 7241 1.0
7246 7246 1.0
7248 7248 1.0
7253 7253 1.0
7290 7309 1.0
7321 7322 1.0
7324 7380 1.0
7408 7408 1.0
7420 7420 1.0
7435 7456 1.0
