603 705 1.0
767 767 1.0
769 769 1.0
775 777 1.0
780 783 1.0
786 791 1.0
793 793 1.0
795 795 1.0
797 797 1.0
799 799 1.0
801 811 1.0
813 813 1.0
815 815 1.0
817 817 1.0
819 819 1.0
931 931 1.0
963 1025 1.0
1027 1027 1.0
1029 1034 1.0
1036 1046 1.0
1048 1051 1.0
1053 1053 1.0
1055 1055 1.0
1057 1059 1.0
1061 1061 1.0
1063 1063 1.0
1065 1065 1.0
1067 1067 1.0
1069 1073 1.0
1075 1188 1.0
1261 1261 1.0
1363 1363 1.0
1369 1369 1.0
1373 1374 1.0
1440 1513 1.0
1515 1515 1.0
1517 1517 1.0
1519 1519 1.0
1521 1521 1.0
1530 1534 1.0
1536 1552 1.0
1554 1554 1.0
1556 1556 1.0
1559 1559 1.0
1563 1563 1.0
1571 1571 1.0
1573 1573 1.0
1575 1575 1.0
1577 1577 1.0
1579 1579 1.0
1581 1581 1.0
1583 1583 1.0
1586 1614 1.0
1619 1619 1.0
1627 1627 1.0
1634 1637 1.0
1639 1658 1.0
1660 1660 1.0
1708 1708 1.0
1710 1710 1.0
1716 1716 1.0
1718 1718 1.0
1720 1726 1.0
1728 1729 1.0
1731 1733 1.0
1773 1850 1.0
