348 473 1.0
630 630 1.0
690 690 1.0
692 720 1.0
891 904 1.0
906 910 1.0
915 1010 1.0
1012 1014 1.0
1189 1314 1.0
1425 1425 1.0
1588 1588 1.0
1590 1694 1.0
1696 1696 1.0
1872 1872 1.0
1876 1876 1.0
1878 1878 1.0
1880 1958 1.0
2055 2055 1.0
2061 2064 1.0
2066 2066 1.0
2069 2070 1.0
2073 2073 1.0
2078 2078 1.0
2080 2080 1.0
2084 2164 1.0
2166 2167 1.0
2170 2170 1.0
2188 2188 1.0
2305 2305 1.0
2311 2311 1.0
2313 2313 1.0
2319 2319 1.0
2322 2322 1.0
2328 2336 1.0
2338 2338 1.0
2340 2342 1.0
2344 2346 1.0
