380 380 1.0
382 383 1.0
385 469 1.0
606 606 1.0
608 608 1.0
610 726 1.0
897 919 1.0
936 937 1.0
939 961 1.0
990 1008 1.0
1101 1118 1.0
1129 1129 1.0
1131 1159 1.0
1161 1163 1.0
1197 1197 1.0
1212 1217 1.0
1297 1343 1.0
1345 1394 1.0
1396 1396 1.0
1564 1564 1.0
1566 1566 1.0
1588 1689 1.0
1697 1712 1.0
1877 1877 1.0
1883 1897 1.0
1909 1909 1.0
1911 2047 1.0
2169 2181 1.0
2183 2183 1.0
2190 2192 1.0
2378 2417 1.0
2419 2438 1.0
2440 2441 1.0
2459 2459 1.0
2461 2506 1.0
2710 2710 1.0
2930 2930 1.0
2974 3039 1.0
3041 3041 1.0
3097 3097 1.0
3175 3225 1.0
3227 3236 1.0
3368 3470 1.0
3473 3473 1.0
3518 3525 1.0
3625 3631 1.0
3652 3748 1.0
3985 4115 1.0
4117 4117 1.0
