280 315 1.0
317 321 1.0
327 327 1.0
470 596 1.0
823 840 1.0
843 849 1.0
851 939 1.0
962 970 1.0
1008 1085 1.0
1087 1087 1.0
1095 1133 1.0
1135 1135 1.0
1251 1251 1.0
1257 1342 1.0
1345 1345 1.0
1486 1487 1.0
1489 1604 1.0
1730 1771 1.0
1773 1773 1.0
1836 1836 1.0
1840 1843 1.0
1846 1846 1.0
1848 1849 1.0
1851 1852 1.0
1854 1857 1.0
1860 1861 1.0
1863 1863 1.0
1865 1867 1.0
1898 1901 1.0
1903 1945 1.0
1947 1950 1.0
2031 2031 1.0
2065 2066 1.0
2068 2147 1.0
2209 2303 1.0
2305 2305 1.0
2307 2307 1.0
2310 2311 1.0
2414 2544 1.0
2759 2762 1.0
2803 2850 1.0
2852 2860 1.0
2862 2864 1.0
2866 2870 1.0
2872 2872 1.0
2874 2874 1.0
2929 2932 1.0
2934 3001 1.0
3004 3004 1.0
3006 3006 1.0
3014 3014 1.0
3144 3259 1.0
3387 3502 1.0
3595 3596 1.0
3598 3665 1.0
3667 3745 1.0
3877 4004 1.0
4116 4141 1.0
4143 4143 1.0
4145 4145 1.0
4147 4250 1.0
4252 4252 1.0
4254 4254 1.0
8056 8056 1.0
8059 8059 1.0
8062 8062 1.0
