292 293 1.0
295 296 1.0
298 298 1.0
302 307 1.0
309 332 1.0
379 437 1.0
441 441 1.0
451 451 1.0
453 453 1.0
458 518 1.0
535 541 1.0
543 561 1.0
563 565 1.0
568 568 1.0
571 572 1.0
574 575 1.0
579 579 1.0
581 581 1.0
583 583 1.0
691 692 1.0
694 699 1.0
701 711 1.0
713 727 1.0
730 730 1.0
873 873 1.0
879 1019 1.0
1021 1021 1.0
1068 1068 1.0
1071 1073 1.0
1075 1100 1.0
1182 1184 1.0
1187 1190 1.0
1230 1292 1.0
1294 1298 1.0
1303 1303 1.0
1306 1306 1.0
1309 1309 1.0
1316 1317 1.0
1320 1320 1.0
1334 1334 1.0
1561 1561 1.0
1567 1663 1.0
1665 1665 1.0
1739 1739 1.0
1789 1789 1.0
1843 1845 1.0
1848 1848 1.0
1879 1879 1.0
1896 1896 1.0
1898 1902 1.0
1904 1905 1.0
1907 1907 1.0
1909 1910 1.0
1920 1921 1.0
1923 2007 1.0
2010 2010 1.0
2024 2024 1.0
2154 2154 1.0
2156 2158 1.0
2160 2160 1.0
2162 2162 1.0
2164 2164 1.0
2166 2166 1.0
2204 2204 1.0
2207 2372 1.0
2435 2442 1.0
2505 2532 1.0
2584 2584 1.0
2587 2636 1.0
2654 2654 1.0
2656 2715 1.0
2720 2720 1.0
2742 2768 1.0
2778 2780 1.0
2783 2785 1.0
2787 2826 1.0
2831 2831 1.0
2833 2833 1.0
2968 2968 1.0
2970 3096 1.0
3248 3248 1.0
3250 3251 1.0
3253 3254 1.0
3259 3259 1.0
3261 3261 1.0
3263 3263 1.0
3265 3265 1.0
3273 3273 1.0
3275 3275 1.0
3283 3283 1.0
3287 3290 1.0
3325 3325 1.0
3329 3329 1.0
3331 3391 1.0
3393 3394 1.0
3396 3396 1.0
3398 3399 1.0
3401 3401 1.0
3422 3453 1.0
3455 3455 1.0
3577 3579 1.0
3582 3583 1.0
3585 3586 1.0
3588 3655 1.0
3716 3716 1.0
3744 3745 1.0
3748 3748 1.0
3774 3842 1.0
3844 3844 1.0
3846 3906 1.0
3908 3908 1.0
3996 3996 1.0
3999 3999 1.0
4001 4001 1.0
4004 4004 1.0
4042 4046 1.0
4059 4079 1.0
4082 4082 1.0
4154 4154 1.0
4160 4160 1.0
4226 4226 1.0
4229 4267 1.0
4328 4328 1.0
4330 4330 1.0
4332 4332 1.0
4338 4338 1.0
4340 4375 1.0
4377 4451 1.0
4584 4713 1.0
4715 4715 1.0
4807 4814 1.0
4817 4818 1.0
4874 4874 1.0
4878 4896 1.0
5030 5155 1.0
5276 5276 1.0
5279 5382 1.0
5384 5395 1.0
5415 5438 1.0
5440 5441 1.0
5484 5485 1.0
5489 5489 1.0
5491 5491 1.0
5649 5789 1.0
5791 5791 1.0
5991 5991 1.0
5993 6147 1.0
6283 6353 1.0
6417 6417 1.0
6422 6539 1.0
6682 6682 1.0
6685 6744 1.0
6775 6866 1.0
6870 6894 1.0
6896 6896 1.0
