357 365 1.0
367 445 1.0
576 704 1.0
896 896 1.0
898 902 1.0
961 1064 1.0
1066 1068 1.0
1217 1217 1.0
1219 1333 1.0
1558 1597 1.0
1630 1630 1.0
1632 1686 1.0
1697 1703 1.0
1726 1783 1.0
1795 1798 1.0
1802 1803 1.0
1806 1810 1.0
1812 1814 1.0
1977 1977 1.0
1979 1979 1.0
1981 1983 1.0
2013 2082 1.0
2091 2091 1.0
2167 2172 1.0
2174 2179 1.0
2181 2214 1.0
2216 2288 1.0
2290 2293 1.0
2295 2295 1.0
2302 2302 1.0
2326 2326 1.0
2329 2329 1.0
2344 2344 1.0
2349 2349 1.0
2351 2351 1.0
2353 2353 1.0
2359 2368 1.0
2371 2371 1.0
2551 2613 1.0
2740 2840 1.0
2842 2842 1.0
2845 2846 1.0
2848 2848 1.0
2855 2856 1.0
2858 2858 1.0
2860 2861 1.0
2863 2863 1.0
2865 2867 1.0
