176 216 1.0
369 438 1.0
559 607 1.0
698 733 1.0
812 878 1.0
974 975 1.0
977 1014 1.0
1016 1016 1.0
1107 1161 1.0
1228 1228 1.0
1234 1234 1.0
1236 1256 1.0
1262 1262 1.0
1352 1415 1.0
1480 1480 1.0
1484 1485 1.0
1612 1669 1.0
1733 1795 1.0
1842 1842 1.0
1844 1846 1.0
1848 1848 1.0
1860 1860 1.0
1897 1897 1.0
1904 1904 1.0
1906 1934 1.0
1936 1936 1.0
2039 2136 1.0
2138 2138 1.0
2218 2277 1.0
2332 2350 1.0
2451 2526 1.0
2637 2685 1.0
2746 2746 1.0
2748 2748 1.0
2750 2750 1.0
2752 2752 1.0
2754 2772 1.0
2838 2838 1.0
2848 2848 1.0
2850 2853 1.0
2855 2855 1.0
2857 2857 1.0
2866 2873 1.0
2875 2875 1.0
2951 2951 1.0
2966 2996 1.0
3055 3055 1.0
3057 3057 1.0
3059 3127 1.0
3213 3213 1.0
3215 3278 1.0
3361 3403 1.0
3480 3553 1.0
3658 3675 1.0
3677 3679 1.0
3681 3681 1.0
3683 3685 1.0
3687 3687 1.0
3689 3689 1.0
3691 3691 1.0
3693 3693 1.0
3695 3695 1.0
3790 3849 1.0
3939 4006 1.0
4076 4111 1.0
4113 4114 1.0
4175 4175 1.0
4177 4177 1.0
4179 4224 1.0
4307 4368 1.0
4372 4372 1.0
4499 4561 1.0
4628 4695 1.0
4697 4697 1.0
4699 4711 1.0
4751 4751 1.0
4753 4767 1.0
4862 4921 1.0
4985 5008 1.0
5083 5084 1.0
5149 5191 1.0
5258 5282 1.0
5301 5302 1.0
5398 5464 1.0
5564 5636 1.0
