195 199 1.0
201 201 1.0
206 206 1.0
208 208 1.0
210 210 1.0
212 215 1.0
224 224 1.0
228 228 1.0
309 309 1.0
314 314 1.0
316 316 1.0
319 320 1.0
325 325 1.0
342 342 1.0
362 362 1.0
390 396 1.0
398 398 1.0
473 529 1.0
625 684 1.0
686 687 1.0
747 747 1.0
749 749 1.0
753 756 1.0
758 758 1.0
783 783 1.0
785 794 1.0
796 797 1.0
906 906 1.0
908 973 1.0
1096 1097 1.0
1099 1100 1.0
1102 1107 1.0
1110 1114 1.0
1116 1129 1.0
1134 1134 1.0
1136 1137 1.0
1142 1142 1.0
1153 1153 1.0
1157 1200 1.0
1273 1273 1.0
1275 1316 1.0
1390 1464 1.0
1573 1641 1.0
1765 1765 1.0
1880 1883 1.0
1889 1891 1.0
1893 1930 1.0
1934 1934 1.0
2005 2066 1.0
2199 2201 1.0
2203 2204 1.0
2206 2208 1.0
2210 2271 1.0
2273 2273 1.0
2410 2410 1.0
2412 2426 1.0
2490 2547 1.0
2612 2625 1.0
2627 2627 1.0
2643 2644 1.0
2646 2648 1.0
2650 2656 1.0
2790 2791 1.0
2793 2799 1.0
2801 2805 1.0
2807 2807 1.0
2874 2936 1.0
3031 3031 1.0
3033 3056 1.0
3060 3061 1.0
3065 3065 1.0
3130 3177 1.0
3179 3179 1.0
3251 3251 1.0
3253 3257 1.0
3259 3267 1.0
3386 3427 1.0
3488 3524 1.0
3640 3640 1.0
3642 3642 1.0
3644 3717 1.0
3720 3720 1.0
3726 3726 1.0
3728 3728 1.0
3730 3730 1.0
3744 3744 1.0
3883 3947 1.0
4051 4051 1.0
4059 4059 1.0
4061 4061 1.0
4063 4081 1.0
4083 4087 1.0
4089 4089 1.0
4091 4091 1.0
4093 4093 1.0
4095 4096 1.0
4098 4099 1.0
4102 4103 1.0
4106 4106 1.0
4111 4111 1.0
4116 4116 1.0
4118 4118 1.0
4120 4120 1.0
4124 4124 1.0
4129 4129 1.0
4131 4131 1.0
4134 4134 1.0
4139 4139 1.0
4141 4141 1.0
4146 4146 1.0
4246 4311 1.0
4417 4417 1.0
4419 4419 1.0
4421 4421 1.0
4423 4427 1.0
4492 4551 1.0
4616 4616 1.0
4618 4618 1.0
4669 4669 1.0
4674 4674 1.0
4676 4676 1.0
4684 4739 1.0
4741 4744 1.0
4847 4858 1.0
4860 4884 1.0
4887 4887 1.0
4891 4891 1.0
4958 4958 1.0
4963 4967 1.0
4969 4973 1.0
4975 4976 1.0
5006 5023 1.0
5032 5032 1.0
5041 5063 1.0
5108 5108 1.0
5129 5170 1.0
5187 5212 1.0
5215 5217 1.0
5228 5228 1.0
