763 764 1.0
766 771 1.0
773 796 1.0
803 803 1.0
805 924 1.0
926 926 1.0
928 928 1.0
930 930 1.0
936 936 1.0
938 942 1.0
944 944 1.0
946 952 1.0
954 954 1.0
971 1021 1.0
1119 1119 1.0
1123 1223 1.0
1229 1229 1.0
1283 1346 1.0
1517 1546 1.0
1548 1553 1.0
1555 1555 1.0
1574 1580 1.0
1582 1582 1.0
1589 1785 1.0
1787 1787 1.0
1789 1789 1.0
2111 2112 1.0
2114 2115 1.0
2117 2381 1.0
2675 2939 1.0
3044 3054 1.0
3198 3218 1.0
3267 3326 1.0
3328 3328 1.0
3330 3330 1.0
3337 3344 1.0
3470 3525 1.0
3581 3728 1.0
3781 3781 1.0
3988 4029 1.0
4063 4120 1.0
4156 4260 1.0
4262 4262 1.0
4336 4336 1.0
4339 4339 1.0
4341 4439 1.0
4454 4476 1.0
4544 4558 1.0
4692 4717 1.0
4719 4719 1.0
4732 4732 1.0
4734 4870 1.0
5101 5101 1.0
5103 5188 1.0
5190 5190 1.0
5196 5196 1.0
5200 5200 1.0
5206 5206 1.0
5208 5328 1.0
5332 5332 1.0
5334 5334 1.0
5470 5470 1.0
5602 5721 1.0
5742 5846 1.0
5848 5848 1.0
5850 5850 1.0
5969 6145 1.0
6168 6175 1.0
6210 6211 1.0
6213 6217 1.0
6219 6228 1.0
6352 6448 1.0
6524 6574 1.0
6576 6576 1.0
6715 6855 1.0
6899 6963 1.0
7105 7105 1.0
7107 7342 1.0
7347 7347 1.0
7353 7353 1.0
7361 7361 1.0
7571 7599 1.0
7601 7609 1.0
7613 7613 1.0
7615 7616 1.0
7619 7619 1.0
7621 7798 1.0
7941 7941 1.0
7949 7953 1.0
8009 8010 1.0
8160 8177 1.0
8179 8179 1.0
8181 8181 1.0
8237 8246 1.0
8248 8248 1.0
8250 8257 1.0
8260 8261 1.0
8279 8279 1.0
8282 8283 1.0
8295 8295 1.0
8297 8419 1.0
8701 8701 1.0
8704 8749 1.0
8757 8783 1.0
8839 8991 1.0
9045 9045 1.0
9049 9063 1.0
9065 9067 1.0
9252 9377 1.0
9623 9623 1.0
9625 9741 1.0
9753 9761 1.0
9816 9817 1.0
9821 9821 1.0
9835 9836 1.0
9838 9853 1.0
9856 9856 1.0
9996 10036 1.0
10137 10228 1.0
10295 10416 1.0
10489 10556 1.0
10569 10604 1.0
10619 10619 1.0
10621 10622 1.0
10684 10714 1.0
10716 10716 1.0
10718 10718 1.0
10730 10730 1.0
