158 202 1.0
270 312 1.0
369 370 1.0
439 537 1.0
539 539 1.0
646 754 1.0
882 945 1.0
997 1051 1.0
1116 1171 1.0
1263 1305 1.0
1352 1397 1.0
1485 1557 1.0
1559 1559 1.0
1616 1658 1.0
1723 1723 1.0
1725 1725 1.0
1727 1727 1.0
1729 1731 1.0
1775 1790 1.0
1860 1860 1.0
1863 1863 1.0
1865 1865 1.0
1868 1868 1.0
1930 1997 1.0
2101 2155 1.0
2186 2234 1.0
2317 2382 1.0
2390 2390 1.0
2392 2419 1.0
2440 2440 1.0
2443 2443 1.0
2445 2448 1.0
2450 2450 1.0
2521 2587 1.0
2670 2736 1.0
2805 2865 1.0
2891 2938 1.0
2999 3051 1.0
3167 3238 1.0
3333 3399 1.0
3468 3518 1.0
3579 3621 1.0
3683 3735 1.0
3805 3846 1.0
3928 3974 1.0
4034 4060 1.0
4071 4071 1.0
4073 4074 1.0
4076 4076 1.0
4202 4257 1.0
4311 4354 1.0
4408 4451 1.0
4516 4516 1.0
4518 4544 1.0
4568 4584 1.0
4586 4588 1.0
4591 4625 1.0
4690 4698 1.0
4794 4883 1.0
4980 5056 1.0
5179 5246 1.0
5248 5249 1.0
