260 366 1.0
379 380 1.0
382 383 1.0
437 508 1.0
800 928 1.0
931 931 1.0
988 1164 1.0
1289 1395 1.0
1527 1571 1.0
1606 1606 1.0
1608 1762 1.0
1906 1984 1.0
1991 2038 1.0
2176 2180 1.0
2182 2184 1.0
2188 2188 1.0
2192 2192 1.0
2314 2434 1.0
2546 2592 1.0
2632 2762 1.0
2919 3096 1.0
3247 3318 1.0
3382 3427 1.0
3429 3429 1.0
3568 3660 1.0
3687 3687 1.0
3689 3689 1.0
3782 3811 1.0
3926 4047 1.0
4106 4106 1.0
4187 4241 1.0
4255 4255 1.0
4258 4308 1.0
4402 4477 1.0
4479 4480 1.0
4497 4497 1.0
4499 4502 1.0
4508 4510 1.0
4512 4512 1.0
4612 4612 1.0
4614 4614 1.0
4616 4617 1.0
4632 4758 1.0
4760 4760 1.0
4857 4908 1.0
4920 4920 1.0
4924 4988 1.0
