260 336 1.0
451 558 1.0
678 745 1.0
892 1020 1.0
1158 1219 1.0
1221 1221 1.0
1248 1309 1.0
1345 1385 1.0
1533 1672 1.0
1700 1700 1.0
1702 1702 1.0
1704 1704 1.0
1706 1706 1.0
1716 1724 1.0
1805 1808 1.0
1810 1812 1.0
1815 1826 1.0
1982 1982 1.0
1984 2055 1.0
2057 2102 1.0
2222 2308 1.0
2437 2566 1.0
2717 2841 1.0
2843 2843 1.0
2987 3151 1.0
3348 3358 1.0
3361 3363 1.0
3365 3504 1.0
3637 3666 1.0
3728 3728 1.0
3730 3859 1.0
3863 3863 1.0
4012 4012 1.0
4014 4037 1.0
4043 4043 1.0
4045 4045 1.0
4102 4152 1.0
4155 4262 1.0
4264 4308 1.0
4450 4543 1.0
4660 4660 1.0
4662 4662 1.0
4668 4709 1.0
4711 4711 1.0
4754 4799 1.0
4845 4899 1.0
4937 4984 1.0
5029 5061 1.0
5192 5321 1.0
5323 5324 1.0
5478 5481 1.0
