180 180 1.0
182 246 1.0
309 375 1.0
377 377 1.0
459 459 1.0
461 522 1.0
524 524 1.0
586 624 1.0
664 664 1.0
666 667 1.0
670 670 1.0
679 679 1.0
685 707 1.0
741 741 1.0
743 746 1.0
775 790 1.0
792 793 1.0
795 795 1.0
811 877 1.0
899 900 1.0
904 907 1.0
989 989 1.0
999 1065 1.0
1069 1069 1.0
1071 1071 1.0
1075 1075 1.0
1089 1089 1.0
1130 1131 1.0
1136 1136 1.0
1138 1138 1.0
1140 1141 1.0
1143 1147 1.0
1149 1160 1.0
1225 1287 1.0
1385 1385 1.0
1387 1389 1.0
1391 1466 1.0
1468 1468 1.0
1470 1470 1.0
1483 1483 1.0
1588 1588 1.0
1590 1590 1.0
1592 1594 1.0
1596 1596 1.0
1598 1678 1.0
1680 1682 1.0
1684 1686 1.0
1689 1689 1.0
1691 1691 1.0
1696 1697 1.0
1773 1835 1.0
1837 1837 1.0
1894 1894 1.0
1900 1900 1.0
1908 1908 1.0
1930 1930 1.0
1935 1935 1.0
1937 1937 1.0
1939 1939 1.0
1941 1941 1.0
1943 1943 1.0
1945 1947 1.0
1949 1951 1.0
1953 1955 1.0
1957 1963 1.0
1965 1971 1.0
1973 1975 1.0
1977 1977 1.0
1979 1979 1.0
1981 1983 1.0
1985 1986 1.0
1988 1988 1.0
2002 2002 1.0
2004 2004 1.0
2006 2006 1.0
2020 2020 1.0
2065 2065 1.0
2067 2067 1.0
2069 2069 1.0
2071 2074 1.0
2076 2094 1.0
2139 2139 1.0
2155 2217 1.0
2249 2249 1.0
2255 2255 1.0
2291 2291 1.0
2297 2297 1.0
2299 2299 1.0
2301 2301 1.0
2315 2315 1.0
2329 2329 1.0
2331 2331 1.0
2334 2334 1.0
2343 2343 1.0
2351 2351 1.0
2369 2369 1.0
2377 2378 1.0
2380 2380 1.0
2382 2443 1.0
2445 2445 1.0
2527 2583 1.0
2585 2586 1.0
2602 2602 1.0
2604 2604 1.0
2618 2618 1.0
2632 2632 1.0
2643 2643 1.0
2645 2645 1.0
2648 2648 1.0
2651 2661 1.0
2663 2665 1.0
2667 2667 1.0
2669 2689 1.0
2691 2703 1.0
2705 2706 1.0
2709 2711 1.0
2713 2713 1.0
2715 2715 1.0
2720 2720 1.0
4166 4166 1.0
