313 313 1.0
361 373 1.0
415 415 1.0
419 454 1.0
501 556 1.0
558 558 1.0
560 560 1.0
562 562 1.0
564 564 1.0
660 662 1.0
664 664 1.0
666 667 1.0
669 671 1.0
674 675 1.0
677 677 1.0
731 739 1.0
741 880 1.0
1078 1078 1.0
1080 1188 1.0
1288 1288 1.0
1292 1292 1.0
1294 1294 1.0
1296 1300 1.0
1302 1422 1.0
1424 1424 1.0
1426 1426 1.0
1428 1431 1.0
1434 1434 1.0
1445 1445 1.0
1448 1448 1.0
1534 1534 1.0
1542 1542 1.0
1552 1552 1.0
1570 1570 1.0
1572 1572 1.0
1589 1598 1.0
1740 1740 1.0
1744 1744 1.0
1750 1813 1.0
1841 1878 1.0
1880 1884 1.0
1886 1887 1.0
1889 1889 1.0
1891 1891 1.0
1895 1895 1.0
1897 1897 1.0
1938 1938 1.0
1940 1969 1.0
2056 2057 1.0
2059 2060 1.0
2062 2062 1.0
2064 2064 1.0
2079 2079 1.0
2083 2203 1.0
2207 2207 1.0
2345 2453 1.0
2473 2539 1.0
2541 2541 1.0
2547 2547 1.0
2555 2555 1.0
2579 2601 1.0
2729 2739 1.0
2766 2766 1.0
2775 2839 1.0
2869 2910 1.0
2988 2988 1.0
3041 3045 1.0
3047 3167 1.0
3169 3169 1.0
3175 3175 1.0
3290 3408 1.0
3410 3411 1.0
3415 3415 1.0
3465 3475 1.0
3478 3478 1.0
3674 3808 1.0
3810 3810 1.0
3812 3812 1.0
3814 3816 1.0
3832 3832 1.0
3865 3888 1.0
3918 3926 1.0
4051 4141 1.0
4213 4214 1.0
4216 4216 1.0
4220 4220 1.0
4251 4251 1.0
4253 4253 1.0
4255 4255 1.0
4261 4261 1.0
4265 4265 1.0
4268 4322 1.0
4355 4443 1.0
4446 4447 1.0
4450 4452 1.0
4454 4478 1.0
4598 4702 1.0
4704 4705 1.0
4786 4786 1.0
4791 4794 1.0
4796 4796 1.0
4798 4860 1.0
4862 4863 1.0
4990 4990 1.0
4992 4992 1.0
4994 5018 1.0
5020 5022 1.0
5024 5037 1.0
5040 5040 1.0
5042 5042 1.0
5044 5044 1.0
5048 5048 1.0
5050 5050 1.0
5052 5054 1.0
5056 5056 1.0
5059 5128 1.0
5130 5133 1.0
5135 5143 1.0
5145 5148 1.0
5150 5157 1.0
5160 5164 1.0
5166 5169 1.0
5172 5176 1.0
5179 5180 1.0
5182 5182 1.0
5184 5184 1.0
5186 5187 1.0
5193 5194 1.0
5196 5196 1.0
5208 5224 1.0
5263 5263 1.0
5287 5287 1.0
5299 5299 1.0
5307 5307 1.0
5321 5321 1.0
5329 5329 1.0
5351 5391 1.0
5393 5393 1.0
5395 5395 1.0
5397 5397 1.0
5399 5399 1.0
5423 5423 1.0
5425 5425 1.0
5433 5434 1.0
5441 5443 1.0
5445 5446 1.0
5448 5449 1.0
5452 5454 1.0
5456 5456 1.0
5459 5465 1.0
5467 5468 1.0
5470 5470 1.0
8056 8056 1.0
8059 8059 1.0
8062 8062 1.0
