130 130 1.0
132 132 1.0
138 138 1.0
154 154 1.0
156 156 1.0
160 160 1.0
162 162 1.0
164 164 1.0
166 166 1.0
168 168 1.0
172 172 1.0
174 174 1.0
180 180 1.0
184 188 1.0
195 195 1.0
273 274 1.0
277 277 1.0
281 281 1.0
283 283 1.0
287 287 1.0
289 289 1.0
291 291 1.0
293 293 1.0
295 295 1.0
299 299 1.0
303 303 1.0
339 339 1.0
343 343 1.0
358 358 1.0
360 360 1.0
364 366 1.0
368 402 1.0
404 417 1.0
420 420 1.0
423 423 1.0
425 425 1.0
427 427 1.0
430 430 1.0
433 436 1.0
438 438 1.0
441 444 1.0
446 446 1.0
576 637 1.0
639 639 1.0
688 688 1.0
696 696 1.0
702 702 1.0
704 704 1.0
706 706 1.0
738 738 1.0
5015 5015 1.0
