130 130 1.0
132 132 1.0
134 174 1.0
237 298 1.0
365 365 1.0
367 367 1.0
371 371 1.0
409 409 1.0
411 411 1.0
413 413 1.0
415 415 1.0
417 417 1.0
419 419 1.0
421 421 1.0
471 471 1.0
478 478 1.0
480 480 1.0
482 539 1.0
541 541 1.0
586 586 1.0
604 604 1.0
619 620 1.0
627 627 1.0
630 630 1.0
632 632 1.0
636 637 1.0
640 640 1.0
642 642 1.0
645 648 1.0
652 653 1.0
655 655 1.0
657 659 1.0
661 667 1.0
669 672 1.0
674 693 1.0
695 705 1.0
707 709 1.0
711 735 1.0
737 739 1.0
742 742 1.0
802 880 1.0
883 883 1.0
886 886 1.0
974 1037 1.0
1100 1156 1.0
1214 1272 1.0
1335 1337 1.0
1339 1339 1.0
1397 1397 1.0
1399 1399 1.0
1402 1452 1.0
1454 1457 1.0
1489 1489 1.0
1491 1491 1.0
1513 1513 1.0
1531 1531 1.0
1533 1533 1.0
1535 1535 1.0
1539 1542 1.0
1575 1575 1.0
1585 1585 1.0
1587 1587 1.0
1589 1589 1.0
1607 1609 1.0
1611 1618 1.0
1683 1744 1.0
1746 1746 1.0
1748 1748 1.0
1766 1766 1.0
1772 1772 1.0
1797 1798 1.0
1804 1804 1.0
1806 1811 1.0
1813 1815 1.0
1818 1818 1.0
1944 1944 1.0
1947 2017 1.0
2019 2019 1.0
2071 2071 1.0
2075 2075 1.0
2077 2077 1.0
2133 2133 1.0
2142 2142 1.0
2147 2147 1.0
2149 2149 1.0
2152 2153 1.0
2155 2155 1.0
2159 2160 1.0
2164 2164 1.0
2167 2167 1.0
2174 2174 1.0
2176 2179 1.0
2181 2181 1.0
2183 2204 1.0
2207 2207 1.0
2209 2209 1.0
2214 2214 1.0
2220 2220 1.0
2230 2230 1.0
2244 2244 1.0
2272 2272 1.0
2274 2274 1.0
2280 2281 1.0
2283 2283 1.0
2285 2291 1.0
2293 2293 1.0
2295 2331 1.0
2337 2337 1.0
2437 2443 1.0
2445 2506 1.0
2508 2509 1.0
2513 2513 1.0
2545 2545 1.0
2549 2553 1.0
2571 2571 1.0
2623 2623 1.0
2627 2627 1.0
2631 2631 1.0
2633 2633 1.0
2637 2637 1.0
2640 2641 1.0
2643 2643 1.0
2646 2648 1.0
2650 2650 1.0
2652 2652 1.0
2654 2654 1.0
2656 2658 1.0
2660 2660 1.0
2662 2668 1.0
2670 2671 1.0
2673 2683 1.0
2685 2685 1.0
2688 2688 1.0
2692 2692 1.0
2694 2694 1.0
2703 2703 1.0
2713 2713 1.0
4166 4166 1.0
