260 260 1.0
262 276 1.0
280 352 1.0
388 409 1.0
610 743 1.0
938 939 1.0
943 943 1.0
945 1003 1.0
1087 1207 1.0
1329 1380 1.0
1395 1439 1.0
1441 1441 1.0
1513 1524 1.0
1582 1605 1.0
1628 1639 1.0
1774 1786 1.0
1825 1895 1.0
1913 1993 1.0
2036 2038 1.0
2236 2236 1.0
2252 2258 1.0
2263 2288 1.0
2338 2338 1.0
2340 2415 1.0
2418 2452 1.0
2591 2679 1.0
2686 2686 1.0
2778 2779 1.0
2782 2782 1.0
2784 2784 1.0
2788 2792 1.0
2794 2866 1.0
2981 3025 1.0
3203 3225 1.0
3266 3332 1.0
3335 3335 1.0
3342 3342 1.0
3344 3411 1.0
3435 3454 1.0
