130 233 1.0
304 357 1.0
359 359 1.0
463 525 1.0
589 603 1.0
669 669 1.0
690 721 1.0
723 723 1.0
786 786 1.0
788 798 1.0
848 849 1.0
851 901 1.0
965 1007 1.0
1092 1156 1.0
1229 1295 1.0
1357 1410 1.0
1470 1538 1.0
1540 1540 1.0
1625 1681 1.0
1695 1743 1.0
1795 1836 1.0
1890 1924 1.0
1974 2034 1.0
2044 2044 1.0
2047 2049 1.0
2089 2089 1.0
2152 2202 1.0
2262 2388 1.0
2480 2566 1.0
2569 2569 1.0
2634 2674 1.0
2718 2722 1.0
2725 2725 1.0
2733 2756 1.0
2806 2806 1.0
2808 2852 1.0
2854 2854 1.0
2915 2943 1.0
2976 2976 1.0
3044 3077 1.0
3090 3107 1.0
3118 3118 1.0
3120 3121 1.0
3123 3125 1.0
3127 3133 1.0
3137 3164 1.0
3241 3304 1.0
3306 3306 1.0
3369 3369 1.0
3372 3372 1.0
3374 3387 1.0
3477 3501 1.0
3537 3543 1.0
3545 3597 1.0
3650 3694 1.0
3747 3799 1.0
3863 3882 1.0
3913 3997 1.0
3999 4001 1.0
4006 4047 1.0
4146 4219 1.0
4273 4273 1.0
4275 4281 1.0
4283 4294 1.0
4296 4301 1.0
4318 4318 1.0
4388 4388 1.0
4391 4429 1.0
4434 4436 1.0
4438 4440 1.0
4442 4445 1.0
4448 4456 1.0
4522 4578 1.0
4638 4663 1.0
4709 4766 1.0
4826 4874 1.0
4946 4989 1.0
4995 4995 1.0
5054 5056 1.0
5060 5113 1.0
5180 5239 1.0
5310 5312 1.0
5314 5314 1.0
5317 5317 1.0
5319 5386 1.0
5484 5488 1.0
5528 5540 1.0
5553 5617 1.0
5628 5628 1.0
5706 5753 1.0
5830 5852 1.0
5867 5899 1.0
5904 5904 1.0
5921 5929 1.0
5957 5982 1.0
5991 5995 1.0
6109 6185 1.0
6248 6303 1.0
6375 6451 1.0
6461 6461 1.0
6471 6472 1.0
6554 6567 1.0
6569 6569 1.0
6593 6607 1.0
6628 6684 1.0
6751 6760 1.0
6762 6762 1.0
6782 6782 1.0
6789 6789 1.0
6805 6806 1.0
6812 6812 1.0
6904 6954 1.0
7019 7043 1.0
7101 7152 1.0
7232 7232 1.0
7234 7336 1.0
7345 7375 1.0
7450 7515 1.0
7522 7523 1.0
7614 7615 1.0
7617 7673 1.0
