438 529 1.0
533 535 1.0
537 571 1.0
674 674 1.0
702 728 1.0
737 865 1.0
997 1002 1.0
1005 1006 1.0
1008 1008 1.0
1013 1013 1.0
1015 1099 1.0
1122 1157 1.0
1160 1160 1.0
1162 1162 1.0
1244 1250 1.0
1270 1348 1.0
1350 1351 1.0
1472 1517 1.0
1519 1559 1.0
1630 1654 1.0
1797 1927 1.0
2055 2101 1.0
2103 2105 1.0
2109 2109 1.0
2114 2114 1.0
2117 2124 1.0
2244 2245 1.0
2249 2249 1.0
2252 2271 1.0
2273 2275 1.0
2278 2280 1.0
2329 2359 1.0
2405 2406 1.0
2410 2465 1.0
2489 2529 1.0
2660 2810 1.0
2995 3082 1.0
