267 267 1.0
393 395 1.0
397 556 1.0
566 567 1.0
569 578 1.0
591 591 1.0
593 616 1.0
779 923 1.0
987 988 1.0
1058 1058 1.0
1061 1061 1.0
1063 1163 1.0
1285 1285 1.0
1287 1388 1.0
1484 1484 1.0
1486 1498 1.0
1525 1653 1.0
1788 1824 1.0
1826 1829 1.0
1831 1831 1.0
1833 1833 1.0
1835 1853 1.0
1876 1876 1.0
1879 1904 1.0
1989 2131 1.0
2273 2394 1.0
2521 2544 1.0
2546 2546 1.0
2623 2648 1.0
2665 2708 1.0
2713 2713 1.0
2814 2944 1.0
3074 3198 1.0
3326 3453 1.0
3545 3546 1.0
3548 3548 1.0
3634 3775 1.0
3922 4052 1.0
4161 4161 1.0
4163 4215 1.0
4525 4526 1.0
4529 4530 1.0
4532 4532 1.0
4534 4534 1.0
4597 4732 1.0
4891 5033 1.0
5153 5256 1.0
5382 5490 1.0
5689 5819 1.0
5942 5991 1.0
5996 5996 1.0
5999 6062 1.0
6235 6235 1.0
6237 6377 1.0
6599 6599 1.0
6601 6702 1.0
6835 6887 1.0
7010 7123 1.0
7125 7125 1.0
7246 7452 1.0
7604 7700 1.0
7713 7734 1.0
7762 7845 1.0
7847 7847 1.0
7858 7881 1.0
8007 8019 1.0
8097 8118 1.0
8153 8155 1.0
8157 8225 1.0
8264 8389 1.0
8531 8584 1.0
8654 8654 1.0
8714 8846 1.0
9021 9119 1.0
