130 161 1.0
226 295 1.0
363 383 1.0
455 518 1.0
537 568 1.0
571 571 1.0
585 596 1.0
664 739 1.0
864 866 1.0
883 908 1.0
919 985 1.0
1049 1084 1.0
1145 1192 1.0
1345 1424 1.0
1545 1613 1.0
1619 1642 1.0
1706 1768 1.0
1842 1843 1.0
1865 1865 1.0
1898 1963 1.0
2070 2143 1.0
2212 2258 1.0
2316 2368 1.0
2495 2560 1.0
2638 2695 1.0
2756 2769 1.0
2833 2896 1.0
2994 3047 1.0
3142 3143 1.0
3146 3206 1.0
3208 3209 1.0
3261 3261 1.0
3263 3267 1.0
3270 3298 1.0
3300 3300 1.0
3302 3303 1.0
3355 3365 1.0
3370 3370 1.0
3444 3521 1.0
3589 3651 1.0
3737 3737 1.0
3740 3744 1.0
3748 3748 1.0
3750 3790 1.0
3792 3792 1.0
3794 3794 1.0
3849 3863 1.0
3936 3995 1.0
4064 4130 1.0
4209 4218 1.0
4220 4221 1.0
4241 4321 1.0
4397 4460 1.0
4515 4517 1.0
4519 4520 1.0
4522 4526 1.0
4528 4532 1.0
4590 4620 1.0
4685 4730 1.0
5015 5015 1.0
