520 543 1.0
545 548 1.0
551 551 1.0
586 586 1.0
589 590 1.0
592 593 1.0
595 595 1.0
598 598 1.0
600 600 1.0
610 611 1.0
615 615 1.0
617 617 1.0
619 619 1.0
621 621 1.0
623 623 1.0
625 625 1.0
627 627 1.0
629 629 1.0
631 631 1.0
633 633 1.0
635 635 1.0
659 659 1.0
667 681 1.0
683 689 1.0
691 769 1.0
771 773 1.0
820 820 1.0
844 844 1.0
862 862 1.0
864 877 1.0
879 901 1.0
903 903 1.0
1022 1023 1.0
1027 1027 1.0
1029 1031 1.0
1033 1116 1.0
1118 1118 1.0
1169 1247 1.0
1249 1249 1.0
1251 1251 1.0
1255 1255 1.0
1257 1257 1.0
1261 1261 1.0
1309 1309 1.0
1311 1311 1.0
1313 1313 1.0
1315 1349 1.0
1351 1351 1.0
1353 1353 1.0
1355 1355 1.0
1379 1380 1.0
1382 1384 1.0
1390 1427 1.0
1429 1430 1.0
1501 1507 1.0
1509 1513 1.0
1515 1515 1.0
1517 1549 1.0
1551 1551 1.0
1553 1559 1.0
1561 1561 1.0
1563 1563 1.0
1565 1565 1.0
1611 1650 1.0
1652 1652 1.0
1654 1654 1.0
1658 1658 1.0
1660 1660 1.0
1687 1687 1.0
1692 1692 1.0
1694 1756 1.0
1758 1758 1.0
1770 1770 1.0
1772 1775 1.0
1807 1807 1.0
1809 1811 1.0
1833 1859 1.0
1926 1926 1.0
1928 1928 1.0
1930 1930 1.0
1932 1932 1.0
1934 1954 1.0
1956 1956 1.0
1958 1958 1.0
1960 1960 1.0
1962 1962 1.0
1970 1970 1.0
1972 1972 1.0
2001 2001 1.0
2005 2005 1.0
2009 2009 1.0
2018 2030 1.0
2032 2033 1.0
2035 2188 1.0
2190 2190 1.0
2192 2192 1.0
2194 2194 1.0
2228 2228 1.0
2466 2466 1.0
2472 2472 1.0
2474 2474 1.0
2476 2486 1.0
2488 2488 1.0
2490 2490 1.0
2493 2544 1.0
2551 2551 1.0
2679 2679 1.0
2682 2898 1.0
3095 3095 1.0
3100 3184 1.0
3186 3187 1.0
3227 3227 1.0
3231 3349 1.0
3351 3353 1.0
3423 3506 1.0
3512 3517 1.0
3519 3521 1.0
3523 3523 1.0
3583 3583 1.0
3587 3587 1.0
3591 3593 1.0
3595 3624 1.0
3769 3769 1.0
3773 3773 1.0
3776 3831 1.0
3867 3867 1.0
3869 3870 1.0
3875 3877 1.0
3881 3961 1.0
