130 184 1.0
253 332 1.0
334 334 1.0
376 376 1.0
378 397 1.0
401 401 1.0
405 405 1.0
407 407 1.0
409 409 1.0
413 421 1.0
423 423 1.0
425 425 1.0
427 427 1.0
429 433 1.0
500 555 1.0
557 557 1.0
613 666 1.0
720 778 1.0
838 899 1.0
968 1023 1.0
1078 1145 1.0
1210 1267 1.0
1317 1317 1.0
1319 1374 1.0
1376 1376 1.0
1446 1514 1.0
1516 1516 1.0
1518 1518 1.0
1520 1520 1.0
1522 1522 1.0
1524 1524 1.0
1526 1528 1.0
1530 1530 1.0
1532 1532 1.0
1538 1538 1.0
1610 1674 1.0
1741 1800 1.0
1857 1906 1.0
1940 1996 1.0
2069 2134 1.0
2179 2179 1.0
2181 2235 1.0
2252 2310 1.0
2387 2509 1.0
2511 2516 1.0
2519 2519 1.0
2521 2521 1.0
2555 2555 1.0
2557 2612 1.0
2696 2757 1.0
2794 2854 1.0
2856 2856 1.0
2858 2881 1.0
2974 2974 1.0
2976 3041 1.0
3072 3125 1.0
5015 5015 1.0
