189 189 1.0
191 314 1.0
316 316 1.0
320 326 1.0
329 329 1.0
337 337 1.0
339 339 1.0
341 341 1.0
343 343 1.0
346 346 1.0
359 359 1.0
371 371 1.0
375 375 1.0
379 379 1.0
474 474 1.0
477 553 1.0
555 557 1.0
562 562 1.0
564 564 1.0
579 579 1.0
581 581 1.0
585 585 1.0
627 627 1.0
631 632 1.0
635 635 1.0
637 639 1.0
641 641 1.0
643 647 1.0
649 649 1.0
651 651 1.0
653 653 1.0
655 694 1.0
696 697 1.0
699 700 1.0
703 706 1.0
708 708 1.0
710 710 1.0
712 712 1.0
714 714 1.0
716 716 1.0
718 718 1.0
720 720 1.0
722 722 1.0
732 732 1.0
737 737 1.0
740 740 1.0
1144 1144 1.0
4166 4166 1.0
