197 197 1.0
277 277 1.0
279 279 1.0
281 281 1.0
283 283 1.0
285 285 1.0
287 287 1.0
289 289 1.0
291 291 1.0
293 297 1.0
299 301 1.0
303 303 1.0
305 305 1.0
307 310 1.0
312 314 1.0
329 332 1.0
334 334 1.0
348 348 1.0
429 487 1.0
552 589 1.0
649 672 1.0
674 674 1.0
741 741 1.0
743 810 1.0
812 812 1.0
814 814 1.0
816 816 1.0
820 820 1.0
900 949 1.0
951 953 1.0
1021 1078 1.0
1140 1199 1.0
1307 1307 1.0
1309 1390 1.0
1392 1392 1.0
1394 1394 1.0
1396 1398 1.0
1400 1410 1.0
1412 1412 1.0
1414 1414 1.0
1416 1416 1.0
1522 1522 1.0
1524 1580 1.0
1656 1722 1.0
1783 1819 1.0
1821 1821 1.0
1823 1823 1.0
1894 1894 1.0
1896 1927 1.0
2013 2082 1.0
2182 2182 1.0
2184 2214 1.0
2217 2281 1.0
2337 2337 1.0
2339 2344 1.0
2381 2381 1.0
2410 2473 1.0
2568 2568 1.0
2570 2582 1.0
2584 2584 1.0
2586 2596 1.0
2598 2598 1.0
2613 2613 1.0
2657 2657 1.0
2659 2659 1.0
2661 2661 1.0
2663 2665 1.0
2667 2686 1.0
2688 2696 1.0
2832 2895 1.0
2897 2897 1.0
2981 3046 1.0
3048 3049 1.0
3150 3213 1.0
3281 3339 1.0
3407 3439 1.0
3516 3582 1.0
3646 3660 1.0
3842 3842 1.0
3844 3901 1.0
3903 3903 1.0
3907 3907 1.0
3962 3964 1.0
3966 3974 1.0
3976 3978 1.0
4095 4095 1.0
4098 4098 1.0
4100 4165 1.0
4171 4171 1.0
4274 4275 1.0
4279 4279 1.0
4285 4285 1.0
4288 4288 1.0
4370 4413 1.0
4415 4415 1.0
4417 4424 1.0
4427 4427 1.0
4479 4480 1.0
4483 4483 1.0
4485 4485 1.0
4487 4505 1.0
4516 4525 1.0
4540 4540 1.0
4625 4684 1.0
4749 4812 1.0
4814 4814 1.0
4889 4950 1.0
