260 286 1.0
429 500 1.0
502 547 1.0
549 549 1.0
551 551 1.0
708 921 1.0
927 927 1.0
930 930 1.0
932 932 1.0
937 937 1.0
941 941 1.0
943 944 1.0
947 947 1.0
954 965 1.0
1120 1120 1.0
1157 1297 1.0
1428 1436 1.0
1495 1495 1.0
1503 1503 1.0
1505 1505 1.0
1566 1566 1.0
1568 1568 1.0
1570 1623 1.0
1625 1630 1.0
1772 1772 1.0
1774 1825 1.0
1836 1908 1.0
1917 1917 1.0
1919 1919 1.0
1921 1921 1.0
1952 1969 1.0
2084 2085 1.0
2094 2212 1.0
2230 2257 1.0
2459 2459 1.0
2461 2507 1.0
2526 2592 1.0
2636 2657 1.0
2659 2663 1.0
2665 2667 1.0
2713 2713 1.0
2718 2719 1.0
2721 2724 1.0
2726 2763 1.0
2893 2893 1.0
2895 3016 1.0
3020 3020 1.0
3181 3320 1.0
3322 3322 1.0
3438 3482 1.0
4644 4644 1.0
