260 278 1.0
281 281 1.0
398 398 1.0
400 400 1.0
404 404 1.0
406 409 1.0
411 471 1.0
494 504 1.0
506 506 1.0
600 629 1.0
637 688 1.0
698 698 1.0
700 700 1.0
702 704 1.0
710 710 1.0
722 722 1.0
759 767 1.0
811 909 1.0
911 912 1.0
914 914 1.0
925 925 1.0
928 947 1.0
949 978 1.0
1005 1005 1.0
1035 1069 1.0
1071 1073 1.0
1083 1083 1.0
1137 1163 1.0
1293 1415 1.0
1549 1603 1.0
1623 1623 1.0
1625 1683 1.0
1685 1685 1.0
1725 1728 1.0
1730 1734 1.0
1737 1737 1.0
1813 1813 1.0
1815 1815 1.0
1817 1840 1.0
1843 1845 1.0
1848 1926 1.0
2045 2045 1.0
2047 2086 1.0
2088 2124 1.0
2134 2134 1.0
2142 2142 1.0
2144 2156 1.0
2158 2160 1.0
2163 2163 1.0
2215 2220 1.0
2223 2228 1.0
2230 2230 1.0
2236 2236 1.0
2240 2276 1.0
2278 2279 1.0
2282 2284 1.0
2286 2286 1.0
2288 2288 1.0
2290 2291 1.0
2293 2344 1.0
2346 2351 1.0
2523 2692 1.0
2694 2695 1.0
2698 2698 1.0
2711 2711 1.0
2717 2717 1.0
2845 2845 1.0
2849 2900 1.0
