162 225 1.0
304 348 1.0
350 350 1.0
352 352 1.0
377 377 1.0
393 393 1.0
395 395 1.0
421 421 1.0
425 425 1.0
461 461 1.0
464 484 1.0
486 525 1.0
527 527 1.0
590 590 1.0
592 607 1.0
609 609 1.0
611 614 1.0
617 623 1.0
626 626 1.0
696 696 1.0
716 716 1.0
718 718 1.0
720 721 1.0
725 729 1.0
731 733 1.0
735 735 1.0
737 753 1.0
755 774 1.0
842 911 1.0
913 922 1.0
989 990 1.0
992 992 1.0
994 1006 1.0
1076 1079 1.0
1081 1151 1.0
1221 1221 1.0
1223 1223 1.0
1225 1225 1.0
1227 1227 1.0
1229 1229 1.0
1231 1231 1.0
1233 1233 1.0
1235 1235 1.0
1237 1238 1.0
1251 1251 1.0
1253 1253 1.0
1271 1271 1.0
1275 1275 1.0
1362 1362 1.0
1374 1374 1.0
1377 1377 1.0
1379 1386 1.0
1388 1389 1.0
1392 1405 1.0
1408 1409 1.0
1470 1470 1.0
1474 1531 1.0
1535 1535 1.0
1596 1596 1.0
1600 1600 1.0
1602 1648 1.0
1711 1728 1.0
1730 1730 1.0
1732 1732 1.0
1734 1735 1.0
1737 1738 1.0
5015 5015 1.0
