133 133 1.0
138 138 1.0
143 143 1.0
145 146 1.0
148 211 1.0
213 213 1.0
220 220 1.0
222 226 1.0
230 231 1.0
301 367 1.0
440 511 1.0
513 513 1.0
515 517 1.0
519 531 1.0
537 537 1.0
539 539 1.0
595 600 1.0
602 602 1.0
604 606 1.0
608 620 1.0
698 765 1.0
902 902 1.0
904 904 1.0
906 906 1.0
934 937 1.0
971 998 1.0
1001 1002 1.0
1004 1030 1.0
1032 1032 1.0
1036 1036 1.0
1063 1063 1.0
1074 1074 1.0
1080 1080 1.0
1095 1095 1.0
1097 1097 1.0
1102 1103 1.0
1105 1105 1.0
1160 1160 1.0
1226 1279 1.0
1281 1283 1.0
1287 1287 1.0
1357 1357 1.0
1363 1363 1.0
1371 1371 1.0
1387 1387 1.0
1389 1389 1.0
1391 1392 1.0
1429 1429 1.0
1431 1431 1.0
1433 1433 1.0
1459 1481 1.0
1485 1485 1.0
1487 1487 1.0
1517 1517 1.0
1519 1519 1.0
1553 1553 1.0
1561 1561 1.0
1569 1569 1.0
1571 1571 1.0
1582 1582 1.0
1608 1608 1.0
1611 1632 1.0
1707 1737 1.0
1740 1740 1.0
1742 1742 1.0
1746 1746 1.0
1748 1748 1.0
1760 1760 1.0
1802 1802 1.0
1811 1811 1.0
1838 1838 1.0
1854 1854 1.0
1856 1856 1.0
1858 1858 1.0
1863 1863 1.0
1874 1874 1.0
1876 1930 1.0
1932 1932 1.0
1942 1942 1.0
2023 2023 1.0
2025 2033 1.0
2035 2035 1.0
2037 2076 1.0
2082 2082 1.0
2165 2165 1.0
2168 2219 1.0
2221 2224 1.0
2227 2227 1.0
2257 2257 1.0
2290 2290 1.0
2293 2293 1.0
2349 2349 1.0
2353 2353 1.0
2355 2355 1.0
2359 2359 1.0
2362 2412 1.0
2414 2415 1.0
2471 2471 1.0
2492 2526 1.0
2540 2559 1.0
2561 2561 1.0
2586 2586 1.0
2589 2605 1.0
2620 2620 1.0
2624 2624 1.0
2626 2626 1.0
2628 2630 1.0
2632 2632 1.0
2634 2640 1.0
2644 2645 1.0
2662 2662 1.0
2730 2730 1.0
2744 2744 1.0
2748 2748 1.0
2752 2752 1.0
2754 2754 1.0
2756 2793 1.0
2795 2795 1.0
2797 2798 1.0
2800 2800 1.0
2878 2914 1.0
2916 2924 1.0
2926 2934 1.0
2936 2936 1.0
2938 2943 1.0
2966 2966 1.0
2968 2969 1.0
2971 2972 1.0
2974 2989 1.0
3071 3138 1.0
3238 3238 1.0
3240 3240 1.0
4166 4166 1.0
