130 131 1.0
134 134 1.0
136 136 1.0
138 141 1.0
143 143 1.0
145 151 1.0
153 155 1.0
159 159 1.0
161 162 1.0
165 167 1.0
169 169 1.0
171 172 1.0
175 177 1.0
179 179 1.0
183 183 1.0
186 186 1.0
191 191 1.0
196 197 1.0
199 199 1.0
262 262 1.0
271 272 1.0
274 274 1.0
277 278 1.0
281 289 1.0
291 300 1.0
302 306 1.0
308 325 1.0
327 328 1.0
330 330 1.0
354 354 1.0
360 360 1.0
365 365 1.0
371 372 1.0
375 375 1.0
378 379 1.0
390 390 1.0
394 423 1.0
425 425 1.0
428 428 1.0
430 432 1.0
459 459 1.0
479 480 1.0
482 483 1.0
489 491 1.0
495 495 1.0
497 497 1.0
500 516 1.0
518 522 1.0
524 524 1.0
526 532 1.0
535 536 1.0
539 539 1.0
541 541 1.0
558 558 1.0
560 560 1.0
562 562 1.0
567 567 1.0
598 598 1.0
608 608 1.0
637 637 1.0
641 641 1.0
646 646 1.0
649 649 1.0
651 651 1.0
654 654 1.0
657 658 1.0
660 661 1.0
663 663 1.0
665 665 1.0
668 668 1.0
671 671 1.0
673 674 1.0
677 677 1.0
680 680 1.0
682 682 1.0
689 689 1.0
691 700 1.0
702 702 1.0
706 708 1.0
711 712 1.0
714 714 1.0
716 717 1.0
719 719 1.0
721 721 1.0
723 723 1.0
725 727 1.0
731 731 1.0
733 736 1.0
745 745 1.0
765 765 1.0
767 769 1.0
771 771 1.0
773 774 1.0
776 777 1.0
779 779 1.0
782 783 1.0
785 786 1.0
792 792 1.0
794 794 1.0
796 796 1.0
801 828 1.0
830 830 1.0
836 836 1.0
838 839 1.0
842 842 1.0
844 845 1.0
848 848 1.0
852 852 1.0
861 861 1.0
867 867 1.0
901 901 1.0
904 904 1.0
907 907 1.0
911 911 1.0
913 913 1.0
917 917 1.0
919 921 1.0
927 927 1.0
929 929 1.0
959 959 1.0
970 970 1.0
997 997 1.0
999 999 1.0
1001 1002 1.0
1005 1008 1.0
1010 1010 1.0
1012 1013 1.0
1015 1015 1.0
1019 1021 1.0
1027 1027 1.0
1029 1029 1.0
1031 1033 1.0
1035 1035 1.0
1037 1037 1.0
1040 1043 1.0
1046 1050 1.0
1053 1054 1.0
1056 1056 1.0
1058 1058 1.0
1060 1060 1.0
1062 1062 1.0
1064 1064 1.0
1067 1068 1.0
1070 1070 1.0
1073 1073 1.0
1075 1076 1.0
1078 1078 1.0
1080 1082 1.0
1085 1090 1.0
1092 1094 1.0
1096 1096 1.0
1098 1098 1.0
1100 1106 1.0
1108 1110 1.0
1112 1112 1.0
1115 1116 1.0
1119 1119 1.0
1123 1123 1.0
1129 1129 1.0
1136 1136 1.0
1186 1186 1.0
1190 1190 1.0
1196 1196 1.0
1205 1206 1.0
1208 1210 1.0
1253 1253 1.0
1265 1265 1.0
1274 1323 1.0
1325 1326 1.0
1328 1328 1.0
1331 1332 1.0
1386 1388 1.0
1393 1394 1.0
1397 1398 1.0
1400 1401 1.0
1403 1403 1.0
1407 1410 1.0
1412 1413 1.0
1415 1415 1.0
1417 1417 1.0
1421 1424 1.0
1426 1426 1.0
1431 1431 1.0
1436 1436 1.0
1444 1445 1.0
1447 1447 1.0
1449 1449 1.0
1453 1453 1.0
1455 1456 1.0
1459 1459 1.0
1462 1463 1.0
1466 1466 1.0
1468 1468 1.0
1470 1470 1.0
1473 1475 1.0
1478 1478 1.0
1480 1484 1.0
1488 1489 1.0
1492 1494 1.0
1496 1498 1.0
1500 1503 1.0
1505 1505 1.0
1507 1507 1.0
1509 1510 1.0
1512 1512 1.0
1514 1514 1.0
1516 1516 1.0
1518 1518 1.0
1520 1521 1.0
1524 1524 1.0
1531 1531 1.0
1533 1533 1.0
1543 1543 1.0
1549 1550 1.0
1555 1555 1.0
1559 1559 1.0
1563 1563 1.0
1570 1570 1.0
1575 1575 1.0
1586 1587 1.0
1589 1589 1.0
1592 1594 1.0
1598 1606 1.0
1608 1612 1.0
1614 1615 1.0
1617 1626 1.0
1628 1633 1.0
1635 1635 1.0
1637 1638 1.0
1640 1649 1.0
1653 1655 1.0
1657 1657 1.0
1659 1660 1.0
1664 1665 1.0
1669 1669 1.0
1671 1671 1.0
1679 1681 1.0
1685 1685 1.0
1690 1691 1.0
1700 1700 1.0
1734 1734 1.0
1740 1742 1.0
1744 1744 1.0
1746 1746 1.0
1748 1748 1.0
1752 1752 1.0
1765 1765 1.0
1769 1770 1.0
1773 1773 1.0
1787 1787 1.0
1789 1789 1.0
1792 1792 1.0
1794 1797 1.0
1800 1803 1.0
1807 1807 1.0
1809 1809 1.0
1811 1811 1.0
1813 1815 1.0
1817 1818 1.0
1820 1820 1.0
1823 1824 1.0
1827 1828 1.0
1830 1832 1.0
1835 1835 1.0
1838 1846 1.0
1848 1850 1.0
1852 1852 1.0
1854 1854 1.0
1856 1856 1.0
1861 1861 1.0
1863 1863 1.0
1865 1865 1.0
1873 1873 1.0
1875 1875 1.0
1877 1877 1.0
1880 1881 1.0
1886 1887 1.0
1889 1889 1.0
1891 1891 1.0
1893 1897 1.0
1900 1901 1.0
1906 1906 1.0
1933 1933 1.0
1942 1943 1.0
1948 1948 1.0
1952 1952 1.0
1971 1971 1.0
1973 1995 1.0
1998 1999 1.0
2001 2001 1.0
2060 2060 1.0
2067 2107 1.0
2117 2120 1.0
2122 2122 1.0
2124 2126 1.0
2128 2130 1.0
2134 2134 1.0
2140 2140 1.0
2178 2178 1.0
2187 2187 1.0
2193 2193 1.0
2200 2200 1.0
2234 2234 1.0
2245 2245 1.0
2249 2249 1.0
2277 2277 1.0
2281 2285 1.0
2288 2292 1.0
2294 2294 1.0
2297 2298 1.0
2300 2303 1.0
2305 2308 1.0
2310 2343 1.0
2351 2351 1.0
2355 2355 1.0
2357 2357 1.0
2360 2360 1.0
2368 2368 1.0
2373 2373 1.0
2410 2410 1.0
2416 2416 1.0
2418 2418 1.0
2420 2420 1.0
2422 2422 1.0
2426 2426 1.0
2428 2429 1.0
2431 2431 1.0
2433 2434 1.0
2436 2437 1.0
2439 2443 1.0
2448 2448 1.0
2451 2451 1.0
2454 2455 1.0
2460 2460 1.0
2465 2465 1.0
2469 2469 1.0
2471 2472 1.0
2475 2476 1.0
2478 2478 1.0
2481 2481 1.0
2487 2487 1.0
2489 2489 1.0
2491 2491 1.0
2496 2496 1.0
2508 2508 1.0
2522 2522 1.0
2526 2526 1.0
2538 2538 1.0
2546 2546 1.0
2548 2549 1.0
2556 2556 1.0
2559 2559 1.0
2561 2561 1.0
2601 2601 1.0
2615 2615 1.0
2624 2624 1.0
2626 2688 1.0
2725 2726 1.0
2728 2728 1.0
2798 2798 1.0
2801 2804 1.0
2806 2808 1.0
2810 2814 1.0
2816 2816 1.0
2818 2820 1.0
2822 2828 1.0
2830 2831 1.0
2834 2837 1.0
2839 2839 1.0
2841 2843 1.0
2845 2845 1.0
2847 2847 1.0
2850 2850 1.0
2856 2856 1.0
2858 2858 1.0
2860 2864 1.0
2869 2869 1.0
2871 2871 1.0
2873 2875 1.0
2879 2879 1.0
2881 2881 1.0
2885 2885 1.0
2887 2888 1.0
2890 2890 1.0
2892 2896 1.0
2934 2934 1.0
2962 3026 1.0
3078 3078 1.0
3107 3107 1.0
3109 3110 1.0
3112 3126 1.0
3128 3129 1.0
3131 3132 1.0
3135 3141 1.0
3143 3143 1.0
3145 3149 1.0
3151 3153 1.0
3155 3159 1.0
3161 3161 1.0
3163 3163 1.0
3165 3165 1.0
3169 3169 1.0
3172 3172 1.0
3194 3194 1.0
3197 3197 1.0
3201 3202 1.0
3204 3206 1.0
3208 3208 1.0
3210 3210 1.0
3212 3216 1.0
3220 3220 1.0
3222 3222 1.0
3224 3224 1.0
3226 3226 1.0
3228 3228 1.0
3230 3232 1.0
3234 3251 1.0
3253 3257 1.0
3259 3260 1.0
3264 3264 1.0
3293 3294 1.0
3298 3298 1.0
3301 3302 1.0
3306 3306 1.0
3310 3310 1.0
3312 3317 1.0
3319 3319 1.0
3322 3349 1.0
3351 3351 1.0
3353 3353 1.0
3355 3355 1.0
3357 3357 1.0
3359 3359 1.0
3414 3414 1.0
3420 3420 1.0
3422 3422 1.0
3424 3424 1.0
3426 3426 1.0
3428 3452 1.0
3455 3458 1.0
3461 3464 1.0
3466 3470 1.0
3472 3472 1.0
3474 3477 1.0
3479 3482 1.0
3485 3485 1.0
3487 3489 1.0
3491 3491 1.0
3497 3497 1.0
3559 3559 1.0
3562 3563 1.0
3569 3616 1.0
3618 3620 1.0
3622 3626 1.0
3628 3628 1.0
3630 3630 1.0
3679 3679 1.0
3681 3681 1.0
3695 3696 1.0
3700 3700 1.0
3704 3704 1.0
3707 3708 1.0
3710 3710 1.0
3713 3713 1.0
3715 3715 1.0
3717 3720 1.0
3722 3723 1.0
3725 3725 1.0
3727 3727 1.0
3729 3736 1.0
3739 3739 1.0
3801 3845 1.0
3847 3847 1.0
3849 3858 1.0
3860 3862 1.0
3864 3864 1.0
3884 3884 1.0
3886 3886 1.0
3894 3894 1.0
3901 3901 1.0
3904 3904 1.0
3906 3910 1.0
3912 3912 1.0
3942 3942 1.0
3961 3961 1.0
3963 3963 1.0
3975 3975 1.0
3977 4005 1.0
4007 4010 1.0
4012 4012 1.0
4014 4024 1.0
4026 4026 1.0
4028 4038 1.0
4066 4066 1.0
4068 4068 1.0
4072 4075 1.0
4077 4077 1.0
4081 4081 1.0
4089 4089 1.0
4094 4094 1.0
4101 4101 1.0
4103 4104 1.0
4106 4107 1.0
4109 4109 1.0
4112 4112 1.0
4129 4129 1.0
4131 4131 1.0
4133 4134 1.0
4141 4141 1.0
4144 4144 1.0
4146 4146 1.0
4148 4148 1.0
4150 4152 1.0
4154 4154 1.0
4156 4156 1.0
4160 4162 1.0
4164 4164 1.0
4166 4166 1.0
4194 4194 1.0
4219 4219 1.0
4221 4221 1.0
4229 4229 1.0
4231 4231 1.0
4233 4233 1.0
4238 4238 1.0
4240 4241 1.0
4244 4246 1.0
4250 4250 1.0
4252 4252 1.0
4254 4254 1.0
4256 4257 1.0
4259 4308 1.0
4311 4311 1.0
4315 4315 1.0
4376 4376 1.0
4386 4386 1.0
4394 4394 1.0
4398 4399 1.0
4402 4405 1.0
4410 4411 1.0
4414 4416 1.0
4418 4419 1.0
4422 4423 1.0
4425 4426 1.0
4428 4439 1.0
4443 4444 1.0
4446 4449 1.0
4452 4454 1.0
4456 4461 1.0
4463 4467 1.0
4470 4473 1.0
4475 4477 1.0
4479 4479 1.0
4481 4481 1.0
4484 4485 1.0
4487 4487 1.0
4493 4493 1.0
