260 267 1.0
269 273 1.0
278 280 1.0
282 282 1.0
285 286 1.0
288 288 1.0
290 290 1.0
292 292 1.0
294 294 1.0
297 297 1.0
299 300 1.0
305 305 1.0
307 308 1.0
311 312 1.0
315 315 1.0
317 317 1.0
325 325 1.0
329 329 1.0
338 338 1.0
439 439 1.0
443 443 1.0
445 445 1.0
448 452 1.0
455 457 1.0
459 466 1.0
468 550 1.0
552 552 1.0
554 555 1.0
557 558 1.0
566 566 1.0
582 582 1.0
615 615 1.0
657 657 1.0
688 688 1.0
690 690 1.0
692 692 1.0
694 694 1.0
696 696 1.0
698 698 1.0
700 700 1.0
702 702 1.0
706 706 1.0
708 708 1.0
710 710 1.0
712 712 1.0
715 716 1.0
718 718 1.0
720 720 1.0
722 722 1.0
728 730 1.0
732 732 1.0
745 777 1.0
779 779 1.0
782 782 1.0
784 784 1.0
787 788 1.0
790 820 1.0
822 824 1.0
826 826 1.0
828 828 1.0
830 836 1.0
838 840 1.0
842 844 1.0
846 846 1.0
848 856 1.0
858 870 1.0
872 877 1.0
880 880 1.0
896 896 1.0
898 898 1.0
904 904 1.0
906 906 1.0
910 910 1.0
912 912 1.0
914 914 1.0
918 918 1.0
948 948 1.0
950 950 1.0
952 954 1.0
956 956 1.0
958 958 1.0
960 960 1.0
962 962 1.0
964 964 1.0
966 966 1.0
970 970 1.0
972 974 1.0
976 976 1.0
979 979 1.0
986 986 1.0
988 988 1.0
990 990 1.0
1000 1000 1.0
1002 1002 1.0
1006 1006 1.0
1008 1008 1.0
1010 1010 1.0
1012 1013 1.0
1016 1016 1.0
1018 1018 1.0
1020 1020 1.0
1022 1022 1.0
1024 1024 1.0
1026 1026 1.0
1028 1038 1.0
1040 1042 1.0
1044 1046 1.0
1048 1050 1.0
1052 1052 1.0
1054 1054 1.0
1057 1057 1.0
1060 1060 1.0
1062 1062 1.0
1064 1064 1.0
1066 1066 1.0
1068 1068 1.0
1070 1070 1.0
1080 1080 1.0
1113 1114 1.0
1116 1116 1.0
1118 1118 1.0
1120 1120 1.0
1124 1124 1.0
1126 1128 1.0
1130 1130 1.0
1132 1132 1.0
1138 1138 1.0
1143 1144 1.0
1146 1146 1.0
1148 1148 1.0
1160 1160 1.0
1162 1162 1.0
1164 1164 1.0
1166 1166 1.0
1168 1168 1.0
1170 1170 1.0
1172 1172 1.0
1174 1174 1.0
1176 1177 1.0
1181 1182 1.0
1184 1185 1.0
1187 1188 1.0
1190 1196 1.0
1198 1200 1.0
1202 1210 1.0
1212 1232 1.0
1234 1234 1.0
1271 1271 1.0
1274 1274 1.0
1280 1280 1.0
1330 1330 1.0
1334 1334 1.0
1336 1336 1.0
1340 1340 1.0
1360 1360 1.0
1362 1394 1.0
1396 1408 1.0
1410 1410 1.0
1412 1414 1.0
1416 1452 1.0
1454 1454 1.0
1456 1461 1.0
1466 1468 1.0
1470 1471 1.0
1473 1475 1.0
1478 1488 1.0
1490 1490 1.0
1511 1511 1.0
1520 1520 1.0
1524 1524 1.0
1527 1527 1.0
1530 1530 1.0
1538 1538 1.0
1540 1540 1.0
1544 1545 1.0
1566 1566 1.0
1570 1570 1.0
1576 1576 1.0
1578 1578 1.0
1580 1580 1.0
1582 1582 1.0
1584 1584 1.0
1587 1587 1.0
1589 1590 1.0
1593 1597 1.0
1605 1606 1.0
1644 1644 1.0
1650 1652 1.0
1654 1658 1.0
1660 1680 1.0
1696 1696 1.0
1698 1698 1.0
1700 1700 1.0
1702 1702 1.0
1704 1704 1.0
1706 1706 1.0
1708 1708 1.0
1710 1710 1.0
1712 1712 1.0
1714 1716 1.0
1718 1718 1.0
1720 1722 1.0
1724 1724 1.0
1727 1730 1.0
1732 1732 1.0
1734 1772 1.0
1774 1777 1.0
1781 1782 1.0
1787 1788 1.0
1804 1804 1.0
1816 1816 1.0
1834 1834 1.0
1838 1838 1.0
1842 1842 1.0
1844 1844 1.0
1846 1846 1.0
1848 1848 1.0
1850 1852 1.0
1854 1856 1.0
1858 1858 1.0
1860 1860 1.0
1862 1862 1.0
1864 1864 1.0
1874 1874 1.0
1891 1891 1.0
1898 1898 1.0
1901 1901 1.0
1905 1909 1.0
1912 1915 1.0
1918 1918 1.0
1920 1925 1.0
1927 1928 1.0
1930 1932 1.0
1934 1937 1.0
1939 1944 1.0
1946 1953 1.0
1956 1956 1.0
1958 1959 1.0
1965 1965 1.0
1967 1967 1.0
1972 1972 1.0
2012 2012 1.0
2021 2021 1.0
2024 2025 1.0
2028 2029 1.0
2031 2033 1.0
2040 2040 1.0
2045 2045 1.0
2048 2048 1.0
2056 2056 1.0
2058 2058 1.0
2064 2065 1.0
2067 2067 1.0
2075 2075 1.0
2084 2084 1.0
2089 2089 1.0
2092 2092 1.0
2102 2102 1.0
2109 2110 1.0
2112 2112 1.0
2116 2116 1.0
2119 2119 1.0
2132 2132 1.0
2135 2136 1.0
2146 2146 1.0
2148 2148 1.0
2152 2152 1.0
2158 2158 1.0
2162 2162 1.0
2168 2168 1.0
2171 2172 1.0
2175 2180 1.0
2182 2183 1.0
2186 2193 1.0
2195 2203 1.0
2205 2212 1.0
2214 2230 1.0
2232 2247 1.0
2249 2260 1.0
2262 2264 1.0
2266 2273 1.0
2276 2276 1.0
2278 2286 1.0
2288 2294 1.0
2296 2296 1.0
2298 2299 1.0
2302 2303 1.0
2305 2305 1.0
2307 2307 1.0
2310 2310 1.0
2313 2313 1.0
2321 2321 1.0
2323 2323 1.0
2326 2326 1.0
2332 2333 1.0
2337 2337 1.0
2341 2342 1.0
2365 2365 1.0
2369 2369 1.0
2388 2388 1.0
2394 2394 1.0
2396 2396 1.0
2398 2398 1.0
2403 2403 1.0
2426 2426 1.0
2429 2429 1.0
2433 2433 1.0
2435 2435 1.0
2437 2438 1.0
2441 2445 1.0
2447 2447 1.0
2449 2449 1.0
2451 2451 1.0
2453 2460 1.0
2462 2465 1.0
2467 2469 1.0
2471 2473 1.0
2475 2513 1.0
2515 2522 1.0
2524 2557 1.0
2559 2561 1.0
2563 2563 1.0
2565 2565 1.0
2569 2569 1.0
2572 2572 1.0
2577 2577 1.0
2579 2579 1.0
2581 2581 1.0
2583 2583 1.0
2586 2586 1.0
2590 2590 1.0
2652 2652 1.0
2667 2667 1.0
2673 2673 1.0
2679 2679 1.0
2683 2683 1.0
2685 2687 1.0
2689 2691 1.0
2695 2697 1.0
2699 2700 1.0
2702 2705 1.0
2707 2707 1.0
2709 2713 1.0
2716 2759 1.0
2761 2762 1.0
2764 2764 1.0
2766 2766 1.0
2773 2774 1.0
2777 2777 1.0
2780 2780 1.0
2783 2783 1.0
2785 2785 1.0
2790 2790 1.0
2794 2794 1.0
2797 2797 1.0
2799 2799 1.0
2803 2803 1.0
2807 2807 1.0
2810 2810 1.0
2813 2813 1.0
2817 2817 1.0
2827 2827 1.0
2837 2837 1.0
2843 2843 1.0
2882 2883 1.0
2886 2887 1.0
2889 2890 1.0
2892 2892 1.0
2894 2894 1.0
2896 2901 1.0
2903 2911 1.0
2913 2918 1.0
2920 2922 1.0
2924 2925 1.0
2927 2931 1.0
2933 2935 1.0
2937 2953 1.0
2955 2955 1.0
2957 2958 1.0
2960 2964 1.0
2966 2970 1.0
2973 2973 1.0
2975 2975 1.0
2978 2980 1.0
2982 2982 1.0
2984 2984 1.0
2987 2988 1.0
3014 3014 1.0
3020 3020 1.0
3022 3024 1.0
3027 3027 1.0
3080 3080 1.0
3082 3083 1.0
3088 3088 1.0
3090 3092 1.0
3094 3094 1.0
3100 3100 1.0
3103 3103 1.0
3105 3106 1.0
3110 3112 1.0
3114 3114 1.0
3116 3116 1.0
3118 3118 1.0
3120 3148 1.0
3150 3150 1.0
3153 3155 1.0
3157 3157 1.0
3159 3159 1.0
3163 3163 1.0
3165 3195 1.0
3197 3202 1.0
3205 3207 1.0
3213 3215 1.0
3220 3222 1.0
3225 3225 1.0
3227 3227 1.0
3230 3231 1.0
3233 3233 1.0
3235 3235 1.0
3237 3237 1.0
3252 3252 1.0
3275 3275 1.0
3277 3277 1.0
3280 3281 1.0
3287 3287 1.0
3289 3289 1.0
3291 3291 1.0
3293 3293 1.0
3295 3295 1.0
3301 3301 1.0
3309 3309 1.0
3311 3311 1.0
3318 3318 1.0
3323 3323 1.0
3325 3325 1.0
3331 3333 1.0
3337 3337 1.0
3339 3341 1.0
3345 3345 1.0
3347 3347 1.0
3353 3355 1.0
3357 3357 1.0
3359 3359 1.0
3363 3363 1.0
3365 3365 1.0
3367 3367 1.0
3369 3369 1.0
3371 3371 1.0
3373 3373 1.0
3375 3377 1.0
3379 3380 1.0
3385 3386 1.0
3388 3389 1.0
3392 3399 1.0
3401 3403 1.0
3405 3405 1.0
3407 3408 1.0
3410 3417 1.0
3419 3419 1.0
3421 3429 1.0
3431 3437 1.0
3439 3439 1.0
3441 3483 1.0
3485 3493 1.0
3495 3499 1.0
3501 3508 1.0
3510 3516 1.0
3519 3521 1.0
3529 3529 1.0
3538 3538 1.0
8056 8056 1.0
8059 8059 1.0
8062 8062 1.0
