260 281 1.0
283 287 1.0
290 292 1.0
294 294 1.0
297 297 1.0
300 300 1.0
302 308 1.0
310 311 1.0
313 313 1.0
315 315 1.0
319 319 1.0
321 321 1.0
323 323 1.0
325 325 1.0
327 331 1.0
333 334 1.0
338 341 1.0
348 348 1.0
357 357 1.0
365 365 1.0
371 371 1.0
374 374 1.0
378 378 1.0
381 381 1.0
385 385 1.0
411 411 1.0
417 417 1.0
425 425 1.0
427 427 1.0
429 429 1.0
447 447 1.0
449 449 1.0
453 453 1.0
455 455 1.0
464 464 1.0
476 476 1.0
478 478 1.0
498 498 1.0
504 504 1.0
516 516 1.0
565 565 1.0
571 571 1.0
585 585 1.0
591 591 1.0
594 595 1.0
598 598 1.0
601 602 1.0
604 604 1.0
606 606 1.0
608 608 1.0
610 612 1.0
614 614 1.0
616 618 1.0
620 620 1.0
626 626 1.0
628 628 1.0
630 632 1.0
634 634 1.0
636 636 1.0
638 638 1.0
640 641 1.0
644 644 1.0
646 646 1.0
648 650 1.0
653 655 1.0
662 663 1.0
665 665 1.0
667 667 1.0
670 670 1.0
673 673 1.0
693 693 1.0
699 699 1.0
705 705 1.0
712 712 1.0
715 716 1.0
728 728 1.0
748 748 1.0
750 750 1.0
754 754 1.0
784 784 1.0
788 788 1.0
790 790 1.0
809 809 1.0
816 817 1.0
819 819 1.0
821 821 1.0
825 825 1.0
827 827 1.0
829 831 1.0
833 833 1.0
835 835 1.0
837 838 1.0
846 846 1.0
850 850 1.0
852 852 1.0
859 859 1.0
868 869 1.0
871 872 1.0
876 876 1.0
880 880 1.0
882 882 1.0
918 918 1.0
920 937 1.0
939 943 1.0
945 945 1.0
947 949 1.0
951 951 1.0
961 961 1.0
965 965 1.0
968 968 1.0
971 971 1.0
976 976 1.0
993 993 1.0
995 995 1.0
1002 1002 1.0
1014 1015 1.0
1017 1018 1.0
1028 1030 1.0
1033 1033 1.0
1037 1037 1.0
1039 1039 1.0
1041 1041 1.0
1061 1065 1.0
1087 1087 1.0
1098 1098 1.0
1102 1102 1.0
1138 1138 1.0
1140 1140 1.0
1146 1146 1.0
1156 1156 1.0
1161 1161 1.0
1165 1165 1.0
1167 1167 1.0
1169 1169 1.0
1172 1172 1.0
1181 1181 1.0
1195 1215 1.0
1217 1218 1.0
1233 1266 1.0
1268 1268 1.0
1404 1404 1.0
1408 1410 1.0
1412 1413 1.0
1415 1418 1.0
1420 1430 1.0
1432 1432 1.0
1434 1435 1.0
1437 1439 1.0
1441 1441 1.0
1443 1443 1.0
1445 1445 1.0
1447 1447 1.0
1449 1449 1.0
1451 1452 1.0
1476 1477 1.0
1480 1480 1.0
1483 1483 1.0
1485 1485 1.0
1493 1493 1.0
1496 1496 1.0
1565 1565 1.0
1567 1567 1.0
1571 1571 1.0
1573 1573 1.0
1575 1575 1.0
1577 1577 1.0
1579 1579 1.0
1582 1583 1.0
1585 1586 1.0
1588 1593 1.0
1595 1595 1.0
1599 1599 1.0
1602 1603 1.0
1607 1607 1.0
1609 1609 1.0
1611 1611 1.0
1613 1613 1.0
1615 1615 1.0
1617 1617 1.0
1619 1619 1.0
1621 1621 1.0
1623 1623 1.0
1628 1631 1.0
1633 1673 1.0
1675 1676 1.0
1679 1680 1.0
1682 1683 1.0
1756 1756 1.0
1786 1786 1.0
1796 1796 1.0
1810 1810 1.0
1815 1816 1.0
1820 1820 1.0
1822 1822 1.0
1826 1826 1.0
1832 1832 1.0
1835 1837 1.0
1839 1840 1.0
1843 1843 1.0
1845 1846 1.0
1848 1850 1.0
1852 1884 1.0
1886 1898 1.0
1900 1900 1.0
1906 1907 1.0
1912 1912 1.0
1915 1919 1.0
1922 1924 1.0
1926 1934 1.0
1936 1936 1.0
1938 1938 1.0
1940 1943 1.0
1946 1946 1.0
1950 1950 1.0
1955 1956 1.0
1960 1960 1.0
1963 1963 1.0
1970 1970 1.0
1973 1973 1.0
1976 1976 1.0
2095 2098 1.0
2100 2101 1.0
2103 2104 1.0
2106 2108 1.0
2110 2190 1.0
2192 2194 1.0
2196 2196 1.0
2200 2224 1.0
2230 2230 1.0
2238 2238 1.0
2240 2240 1.0
2357 2357 1.0
2368 2368 1.0
2375 2375 1.0
2380 2380 1.0
2383 2383 1.0
2387 2387 1.0
2389 2389 1.0
2391 2391 1.0
2393 2393 1.0
2396 2396 1.0
2399 2404 1.0
2406 2407 1.0
2410 2410 1.0
2412 2412 1.0
2414 2414 1.0
2416 2416 1.0
2418 2418 1.0
2420 2420 1.0
2423 2424 1.0
2430 2430 1.0
2434 2434 1.0
2438 2438 1.0
2446 2446 1.0
2450 2450 1.0
2458 2458 1.0
2460 2460 1.0
2476 2476 1.0
2488 2488 1.0
2524 2524 1.0
2534 2534 1.0
2561 2562 1.0
2571 2571 1.0
2573 2574 1.0
2580 2580 1.0
2583 2583 1.0
2591 2591 1.0
2635 2635 1.0
2656 2656 1.0
2662 2662 1.0
2665 2665 1.0
2693 2693 1.0
2758 2758 1.0
2760 2760 1.0
2768 2768 1.0
2774 2774 1.0
2778 2778 1.0
2782 2782 1.0
2784 2784 1.0
2786 2786 1.0
2796 2796 1.0
2806 2816 1.0
2818 2820 1.0
2830 2830 1.0
2855 2886 1.0
2888 2888 1.0
2890 2890 1.0
2893 2894 1.0
2896 2896 1.0
2898 2898 1.0
2900 2902 1.0
2904 2906 1.0
2908 2910 1.0
2912 2912 1.0
2914 2914 1.0
2916 2918 1.0
2920 2921 1.0
2943 2943 1.0
2946 2947 1.0
2952 2953 1.0
2955 2955 1.0
2961 2961 1.0
2963 2963 1.0
2967 2967 1.0
2969 2969 1.0
2971 2973 1.0
2975 2975 1.0
2978 2978 1.0
2980 2984 1.0
2991 2991 1.0
3051 3080 1.0
3088 3088 1.0
3091 3091 1.0
3093 3093 1.0
3114 3114 1.0
3127 3127 1.0
3134 3134 1.0
3138 3138 1.0
3144 3144 1.0
3146 3146 1.0
3149 3149 1.0
3154 3154 1.0
3157 3158 1.0
3161 3161 1.0
3166 3166 1.0
3168 3168 1.0
3172 3172 1.0
3174 3174 1.0
3176 3176 1.0
3212 3216 1.0
3218 3218 1.0
3221 3221 1.0
3224 3224 1.0
3226 3226 1.0
3228 3228 1.0
3237 3237 1.0
3251 3251 1.0
3277 3277 1.0
3291 3291 1.0
3294 3294 1.0
3296 3296 1.0
3298 3298 1.0
3300 3300 1.0
3302 3302 1.0
3304 3304 1.0
3308 3308 1.0
3312 3312 1.0
3314 3314 1.0
3316 3316 1.0
3318 3318 1.0
3328 3328 1.0
3335 3335 1.0
3338 3338 1.0
3340 3340 1.0
3348 3348 1.0
3362 3362 1.0
3374 3374 1.0
3379 3379 1.0
3381 3382 1.0
3384 3389 1.0
3392 3392 1.0
3407 3407 1.0
3428 3428 1.0
3434 3434 1.0
3438 3438 1.0
3446 3446 1.0
3452 3452 1.0
3454 3456 1.0
3458 3458 1.0
3460 3460 1.0
3462 3462 1.0
3468 3468 1.0
3470 3470 1.0
3472 3476 1.0
3478 3502 1.0
3504 3505 1.0
3507 3508 1.0
3514 3514 1.0
3520 3540 1.0
3542 3543 1.0
3551 3551 1.0
3562 3562 1.0
3564 3566 1.0
3568 3568 1.0
3570 3573 1.0
3576 3576 1.0
3578 3579 1.0
3582 3582 1.0
3736 3736 1.0
3738 3798 1.0
3800 3826 1.0
3828 3846 1.0
3848 3848 1.0
3850 3850 1.0
3852 3852 1.0
3856 3856 1.0
3928 3929 1.0
3931 3945 1.0
3951 3955 1.0
3984 3984 1.0
3986 3986 1.0
3992 3994 1.0
3996 4000 1.0
4002 4006 1.0
4008 4058 1.0
4084 4113 1.0
4115 4120 1.0
4123 4128 1.0
4130 4130 1.0
4135 4136 1.0
4192 4192 1.0
4207 4207 1.0
4218 4218 1.0
4226 4226 1.0
4317 4318 1.0
4323 4323 1.0
4325 4325 1.0
4328 4329 1.0
4333 4333 1.0
4337 4337 1.0
4383 4383 1.0
4387 4387 1.0
4390 4390 1.0
4393 4393 1.0
4395 4397 1.0
4401 4407 1.0
4412 4412 1.0
4417 4417 1.0
4421 4421 1.0
4425 4425 1.0
4430 4430 1.0
4433 4433 1.0
4444 4444 1.0
