304 304 1.0
312 312 1.0
315 316 1.0
324 324 1.0
330 330 1.0
334 336 1.0
390 390 1.0
396 397 1.0
404 406 1.0
408 440 1.0
442 443 1.0
456 456 1.0
473 518 1.0
520 532 1.0
536 536 1.0
596 596 1.0
680 682 1.0
684 685 1.0
687 687 1.0
689 691 1.0
693 694 1.0
696 698 1.0
701 702 1.0
704 707 1.0
709 724 1.0
726 737 1.0
743 743 1.0
746 817 1.0
819 821 1.0
824 824 1.0
828 829 1.0
837 837 1.0
956 956 1.0
959 965 1.0
967 975 1.0
977 1022 1.0
1024 1087 1.0
1105 1106 1.0
1227 1232 1.0
1236 1236 1.0
1238 1352 1.0
1354 1360 1.0
1362 1362 1.0
1367 1368 1.0
1370 1371 1.0
1374 1374 1.0
1509 1509 1.0
1515 1519 1.0
1521 1525 1.0
1527 1535 1.0
1553 1553 1.0
1555 1643 1.0
1649 1649 1.0
1654 1655 1.0
1664 1689 1.0
1691 1691 1.0
1922 1924 1.0
1926 1926 1.0
1930 1930 1.0
1933 2052 1.0
2054 2054 1.0
2120 2123 1.0
2126 2130 1.0
2136 2136 1.0
2164 2164 1.0
2171 2171 1.0
2199 2199 1.0
2201 2201 1.0
2204 2204 1.0
2206 2206 1.0
2212 2212 1.0
2221 2221 1.0
2229 2230 1.0
2234 2234 1.0
2238 2238 1.0
2245 2245 1.0
2253 2253 1.0
2262 2262 1.0
2266 2266 1.0
2270 2270 1.0
2274 2274 1.0
2322 2322 1.0
2325 2327 1.0
2329 2329 1.0
2331 2332 1.0
2334 2349 1.0
2351 2357 1.0
2360 2362 1.0
2364 2365 1.0
2368 2373 1.0
2376 2376 1.0
2379 2379 1.0
2396 2396 1.0
2410 2410 1.0
2422 2423 1.0
2426 2427 1.0
2429 2431 1.0
2438 2439 1.0
2441 2441 1.0
2535 2536 1.0
2538 2538 1.0
2540 2542 1.0
2544 2546 1.0
2548 2551 1.0
2553 2558 1.0
2560 2664 1.0
2666 2668 1.0
2670 2673 1.0
2675 2676 1.0
2680 2680 1.0
2688 2688 1.0
2691 2691 1.0
2740 2740 1.0
2743 2745 1.0
2747 2747 1.0
2752 2754 1.0
2838 2838 1.0
2841 2841 1.0
2843 2848 1.0
2850 2850 1.0
2870 2870 1.0
2875 2875 1.0
2878 2878 1.0
2889 2889 1.0
2938 2938 1.0
2985 2985 1.0
2990 2990 1.0
3010 3010 1.0
3020 3113 1.0
3115 3118 1.0
3120 3127 1.0
3129 3138 1.0
3140 3147 1.0
3247 3247 1.0
3249 3250 1.0
3252 3253 1.0
3255 3265 1.0
3268 3271 1.0
3274 3274 1.0
3277 3277 1.0
3316 3316 1.0
3324 3324 1.0
3332 3332 1.0
3336 3336 1.0
3339 3373 1.0
3395 3395 1.0
3409 3409 1.0
3496 3496 1.0
3505 3506 1.0
3513 3513 1.0
3518 3519 1.0
3521 3521 1.0
3525 3525 1.0
3529 3529 1.0
3532 3533 1.0
3535 3535 1.0
3537 3601 1.0
3613 3613 1.0
3615 3615 1.0
3617 3618 1.0
3620 3620 1.0
3622 3623 1.0
3626 3627 1.0
3629 3629 1.0
3631 3631 1.0
3633 3633 1.0
3636 3636 1.0
3639 3641 1.0
3643 3643 1.0
3648 3648 1.0
3655 3656 1.0
3745 3745 1.0
3754 3754 1.0
3782 3783 1.0
3789 3789 1.0
3794 3794 1.0
3800 3800 1.0
3810 3810 1.0
3812 3812 1.0
3814 3814 1.0
3819 3819 1.0
3822 3826 1.0
3828 3836 1.0
3838 3873 1.0
3875 3882 1.0
3884 3885 1.0
3887 3887 1.0
3893 3893 1.0
3913 3913 1.0
3915 3917 1.0
3919 3928 1.0
3930 3942 1.0
3944 3956 1.0
3958 3960 1.0
3963 3964 1.0
3966 3966 1.0
3975 3975 1.0
3984 3984 1.0
4005 4043 1.0
4046 4047 1.0
4049 4050 1.0
4101 4101 1.0
4103 4103 1.0
4106 4106 1.0
4108 4112 1.0
4114 4119 1.0
4121 4121 1.0
4173 4174 1.0
4182 4182 1.0
4185 4185 1.0
4198 4206 1.0
4270 4270 1.0
4273 4282 1.0
4284 4284 1.0
4286 4287 1.0
4289 4299 1.0
4301 4301 1.0
4304 4305 1.0
4307 4307 1.0
4312 4312 1.0
4317 4318 1.0
4321 4321 1.0
4336 4395 1.0
4397 4398 1.0
4414 4414 1.0
4451 4464 1.0
4472 4479 1.0
