260 269 1.0
271 283 1.0
285 285 1.0
287 287 1.0
341 341 1.0
399 399 1.0
426 426 1.0
433 434 1.0
436 436 1.0
438 438 1.0
441 441 1.0
443 444 1.0
447 447 1.0
449 449 1.0
451 452 1.0
455 455 1.0
458 460 1.0
481 481 1.0
483 483 1.0
485 497 1.0
499 514 1.0
516 521 1.0
526 527 1.0
529 531 1.0
533 533 1.0
535 535 1.0
538 541 1.0
544 545 1.0
554 554 1.0
558 560 1.0
568 569 1.0
571 571 1.0
575 575 1.0
579 579 1.0
582 586 1.0
590 592 1.0
611 611 1.0
794 794 1.0
797 803 1.0
805 805 1.0
807 809 1.0
811 882 1.0
884 898 1.0
900 902 1.0
904 904 1.0
909 909 1.0
1012 1012 1.0
1028 1028 1.0
1034 1034 1.0
1036 1036 1.0
1039 1042 1.0
1048 1049 1.0
1052 1053 1.0
1055 1065 1.0
1067 1070 1.0
1072 1105 1.0
1109 1109 1.0
1114 1114 1.0
1119 1119 1.0
1121 1122 1.0
1128 1128 1.0
1131 1131 1.0
1143 1143 1.0
1174 1174 1.0
1240 1241 1.0
1245 1246 1.0
1249 1249 1.0
1252 1253 1.0
1255 1256 1.0
1258 1259 1.0
1263 1271 1.0
1273 1277 1.0
1279 1282 1.0
1284 1291 1.0
1295 1298 1.0
1353 1353 1.0
1355 1358 1.0
1464 1464 1.0
1473 1473 1.0
1476 1476 1.0
1500 1500 1.0
1507 1541 1.0
1555 1555 1.0
1559 1560 1.0
1562 1564 1.0
1566 1573 1.0
1575 1582 1.0
1584 1584 1.0
1586 1591 1.0
1594 1595 1.0
1601 1601 1.0
1604 1604 1.0
1608 1609 1.0
1614 1615 1.0
1622 1622 1.0
1669 1691 1.0
1693 1722 1.0
1725 1727 1.0
1729 1729 1.0
1731 1732 1.0
1734 1736 1.0
1739 1739 1.0
1742 1742 1.0
1748 1748 1.0
1755 1755 1.0
1759 1760 1.0
1762 1762 1.0
1768 1768 1.0
1776 1778 1.0
1780 1780 1.0
1782 1782 1.0
1784 1787 1.0
1790 1793 1.0
1795 1796 1.0
1808 1808 1.0
1821 1821 1.0
1857 1857 1.0
1859 1859 1.0
1862 1862 1.0
1866 1866 1.0
1871 1874 1.0
1876 1883 1.0
1885 1885 1.0
1890 1890 1.0
1892 1896 1.0
1900 1904 1.0
1907 1908 1.0
1917 1918 1.0
2073 2073 1.0
2075 2075 1.0
2087 2087 1.0
2090 2095 1.0
2097 2098 1.0
2100 2106 1.0
2108 2109 1.0
2111 2201 1.0
2203 2203 1.0
2205 2207 1.0
2209 2209 1.0
2236 2236 1.0
2239 2239 1.0
2258 2258 1.0
2294 2294 1.0
2299 2299 1.0
2301 2301 1.0
2333 2333 1.0
2337 2337 1.0
2340 2345 1.0
2347 2349 1.0
2351 2354 1.0
2357 2359 1.0
2361 2361 1.0
2372 2372 1.0
2374 2374 1.0
2376 2376 1.0
2378 2378 1.0
2380 2381 1.0
2391 2391 1.0
2398 2398 1.0
2461 2461 1.0
2475 2475 1.0
2479 2479 1.0
2483 2483 1.0
2485 2485 1.0
2487 2487 1.0
2489 2489 1.0
2492 2492 1.0
2496 2500 1.0
2502 2502 1.0
2504 2504 1.0
2506 2508 1.0
2511 2519 1.0
2521 2526 1.0
2528 2540 1.0
2543 2555 1.0
2557 2557 1.0
2559 2573 1.0
2579 2579 1.0
2586 2586 1.0
2704 2704 1.0
2741 2741 1.0
2750 2750 1.0
2756 2756 1.0
2759 2759 1.0
2761 2761 1.0
2768 2768 1.0
2770 2804 1.0
2806 2814 1.0
2816 2818 1.0
2826 2826 1.0
2854 2854 1.0
2892 2892 1.0
2896 2896 1.0
2898 2898 1.0
2949 2949 1.0
2954 2954 1.0
2960 2960 1.0
2963 2973 1.0
2980 2981 1.0
