342 351 1.0
354 368 1.0
370 372 1.0
374 374 1.0
383 384 1.0
395 395 1.0
402 403 1.0
418 418 1.0
438 438 1.0
482 482 1.0
523 523 1.0
525 525 1.0
548 548 1.0
563 563 1.0
575 575 1.0
580 580 1.0
583 583 1.0
596 596 1.0
598 598 1.0
601 602 1.0
610 610 1.0
615 617 1.0
623 623 1.0
627 627 1.0
629 629 1.0
631 633 1.0
635 635 1.0
638 640 1.0
642 643 1.0
646 647 1.0
650 650 1.0
652 653 1.0
655 657 1.0
659 667 1.0
669 675 1.0
678 679 1.0
681 683 1.0
685 691 1.0
693 711 1.0
713 726 1.0
728 729 1.0
732 732 1.0
734 735 1.0
737 737 1.0
741 741 1.0
743 743 1.0
747 751 1.0
753 755 1.0
759 759 1.0
762 762 1.0
770 770 1.0
773 773 1.0
796 797 1.0
821 821 1.0
903 906 1.0
909 910 1.0
914 914 1.0
969 970 1.0
978 978 1.0
981 1031 1.0
1037 1037 1.0
1040 1040 1.0
1047 1051 1.0
1053 1110 1.0
1152 1152 1.0
1154 1155 1.0
1165 1165 1.0
1285 1285 1.0
1288 1288 1.0
1291 1291 1.0
1293 1293 1.0
1295 1412 1.0
1414 1414 1.0
1416 1416 1.0
8056 8056 1.0
8059 8059 1.0
8062 8062 1.0
