459 459 1.0
464 464 1.0
466 607 1.0
613 613 1.0
617 617 1.0
730 730 1.0
733 838 1.0
840 842 1.0
844 858 1.0
860 863 1.0
865 866 1.0
868 868 1.0
873 873 1.0
881 881 1.0
885 885 1.0
887 887 1.0
890 890 1.0
901 901 1.0
905 926 1.0
934 934 1.0
952 952 1.0
954 954 1.0
956 985 1.0
987 988 1.0
1017 1017 1.0
1023 1026 1.0
1028 1028 1.0
1034 1034 1.0
1119 1246 1.0
1249 1249 1.0
1319 1327 1.0
1329 1336 1.0
1338 1340 1.0
1376 1376 1.0
1391 1402 1.0
1404 1404 1.0
1462 1462 1.0
1464 1464 1.0
1466 1481 1.0
1483 1489 1.0
1491 1572 1.0
1658 1658 1.0
1661 1661 1.0
1674 1674 1.0
1692 1692 1.0
1694 1775 1.0
1779 1779 1.0
1887 1888 1.0
1890 1999 1.0
2063 2063 1.0
2071 2071 1.0
2093 2093 1.0
2101 2103 1.0
2105 2105 1.0
2109 2109 1.0
2119 2119 1.0
2127 2184 1.0
2186 2187 1.0
2235 2237 1.0
2239 2276 1.0
2318 2363 1.0
2365 2365 1.0
2367 2367 1.0
2369 2375 1.0
2380 2380 1.0
2386 2386 1.0
2395 2395 1.0
2397 2436 1.0
2441 2441 1.0
2444 2444 1.0
2455 2455 1.0
2463 2468 1.0
2471 2471 1.0
2473 2473 1.0
2481 2481 1.0
2495 2495 1.0
2497 2497 1.0
2523 2523 1.0
2551 2551 1.0
2555 2555 1.0
2557 2557 1.0
2563 2563 1.0
2565 2583 1.0
2585 2609 1.0
2611 2613 1.0
2615 2615 1.0
2617 2617 1.0
2625 2625 1.0
2631 2631 1.0
2639 2639 1.0
2641 2641 1.0
2644 2646 1.0
2649 2651 1.0
2653 2694 1.0
2697 2697 1.0
2701 2701 1.0
2703 2703 1.0
2705 2705 1.0
2707 2710 1.0
2713 2713 1.0
2743 2745 1.0
2747 2759 1.0
2761 2765 1.0
2767 2767 1.0
2769 2773 1.0
2775 2777 1.0
2835 2835 1.0
2840 2876 1.0
2889 2889 1.0
2893 2893 1.0
2895 2895 1.0
2897 2897 1.0
2899 2899 1.0
2902 2902 1.0
2907 2959 1.0
2997 2998 1.0
3086 3107 1.0
3109 3126 1.0
3128 3200 1.0
3202 3206 1.0
3208 3208 1.0
3211 3216 1.0
3219 3220 1.0
3222 3222 1.0
3225 3225 1.0
3227 3227 1.0
3229 3240 1.0
3242 3255 1.0
3257 3260 1.0
3262 3274 1.0
3310 3310 1.0
3315 3315 1.0
3317 3328 1.0
3330 3336 1.0
3339 3339 1.0
3341 3341 1.0
3352 3352 1.0
3482 3535 1.0
3537 3537 1.0
3539 3539 1.0
3549 3549 1.0
3552 3625 1.0
3627 3627 1.0
3629 3629 1.0
3632 3633 1.0
3635 3702 1.0
3716 3718 1.0
3720 3728 1.0
3842 3842 1.0
3857 3890 1.0
3893 3956 1.0
3958 3959 1.0
4003 4003 1.0
4015 4016 1.0
4020 4020 1.0
4024 4024 1.0
4076 4076 1.0
4078 4080 1.0
4083 4117 1.0
4119 4119 1.0
4159 4200 1.0
4214 4214 1.0
4218 4303 1.0
4320 4320 1.0
4322 4340 1.0
4342 4342 1.0
4411 4411 1.0
4422 4422 1.0
4446 4446 1.0
4470 4470 1.0
4473 4474 1.0
4477 4500 1.0
4503 4504 1.0
4524 4524 1.0
4541 4541 1.0
4555 4617 1.0
4620 4668 1.0
4670 4670 1.0
4672 4674 1.0
4679 4679 1.0
4747 4747 1.0
4798 4798 1.0
4800 4800 1.0
4809 4809 1.0
4815 4815 1.0
4823 4823 1.0
4825 4826 1.0
4828 4835 1.0
4838 4839 1.0
4841 4841 1.0
4843 4843 1.0
4845 4845 1.0
4849 4853 1.0
4855 4858 1.0
4860 4863 1.0
4865 4875 1.0
4877 4888 1.0
4890 4890 1.0
4894 4895 1.0
4918 5031 1.0
