130 130 1.0
132 162 1.0
191 191 1.0
205 205 1.0
207 207 1.0
209 254 1.0
259 259 1.0
316 374 1.0
376 376 1.0
427 427 1.0
430 431 1.0
433 434 1.0
436 437 1.0
439 469 1.0
473 473 1.0
476 476 1.0
499 499 1.0
545 545 1.0
547 549 1.0
551 553 1.0
555 562 1.0
564 641 1.0
643 648 1.0
650 651 1.0
656 656 1.0
658 662 1.0
664 664 1.0
669 669 1.0
758 758 1.0
760 820 1.0
826 826 1.0
870 870 1.0
872 872 1.0
880 880 1.0
884 885 1.0
892 892 1.0
896 896 1.0
898 899 1.0
901 933 1.0
935 935 1.0
937 941 1.0
943 943 1.0
945 945 1.0
953 953 1.0
957 959 1.0
961 961 1.0
964 964 1.0
967 967 1.0
969 970 1.0
998 998 1.0
1004 1004 1.0
1006 1006 1.0
1010 1011 1.0
1013 1020 1.0
1023 1023 1.0
1026 1027 1.0
1036 1047 1.0
1049 1054 1.0
1056 1058 1.0
1060 1062 1.0
1064 1064 1.0
1069 1069 1.0
1071 1071 1.0
1085 1085 1.0
1088 1088 1.0
1090 1090 1.0
1095 1095 1.0
1099 1099 1.0
1102 1105 1.0
1107 1107 1.0
1109 1109 1.0
1111 1113 1.0
1115 1117 1.0
1119 1119 1.0
1121 1121 1.0
1130 1130 1.0
1138 1138 1.0
1141 1145 1.0
1147 1170 1.0
1172 1175 1.0
1177 1210 1.0
1213 1213 1.0
1223 1223 1.0
1235 1235 1.0
1240 1240 1.0
1340 1340 1.0
1342 1343 1.0
1345 1345 1.0
1347 1411 1.0
1413 1413 1.0
1476 1476 1.0
1478 1514 1.0
1522 1522 1.0
1526 1529 1.0
1532 1532 1.0
1543 1543 1.0
1561 1561 1.0
1563 1563 1.0
1567 1567 1.0
1573 1585 1.0
1587 1604 1.0
1610 1611 1.0
1615 1615 1.0
1617 1617 1.0
1632 1633 1.0
1635 1637 1.0
1639 1642 1.0
1644 1645 1.0
1647 1647 1.0
1650 1650 1.0
1655 1655 1.0
1669 1671 1.0
1675 1676 1.0
1678 1678 1.0
1680 1680 1.0
1683 1683 1.0
1685 1685 1.0
1687 1687 1.0
1689 1692 1.0
1694 1694 1.0
1698 1698 1.0
1725 1725 1.0
1736 1739 1.0
1741 1752 1.0
1754 1754 1.0
1763 1763 1.0
1767 1767 1.0
1769 1769 1.0
1771 1773 1.0
1775 1776 1.0
1778 1779 1.0
1781 1781 1.0
1783 1784 1.0
1793 1793 1.0
1797 1797 1.0
1804 1804 1.0
1817 1817 1.0
1820 1826 1.0
1828 1851 1.0
1879 1880 1.0
1882 1882 1.0
1885 1886 1.0
1889 1893 1.0
1896 1940 1.0
4076 4077 1.0
