162 162 1.0
165 166 1.0
168 209 1.0
211 224 1.0
231 231 1.0
272 272 1.0
291 294 1.0
296 309 1.0
311 334 1.0
337 340 1.0
343 343 1.0
345 354 1.0
356 356 1.0
362 362 1.0
364 365 1.0
370 371 1.0
374 374 1.0
376 377 1.0
399 399 1.0
419 419 1.0
427 427 1.0
437 437 1.0
442 442 1.0
444 462 1.0
464 482 1.0
484 490 1.0
492 501 1.0
503 507 1.0
510 510 1.0
512 512 1.0
516 516 1.0
520 520 1.0
522 522 1.0
524 524 1.0
526 526 1.0
528 528 1.0
530 530 1.0
534 534 1.0
538 538 1.0
542 542 1.0
544 545 1.0
547 548 1.0
551 551 1.0
577 577 1.0
596 596 1.0
626 626 1.0
628 630 1.0
632 640 1.0
642 652 1.0
654 659 1.0
661 670 1.0
672 676 1.0
684 684 1.0
687 688 1.0
692 692 1.0
727 727 1.0
735 735 1.0
737 737 1.0
739 785 1.0
787 790 1.0
792 792 1.0
794 798 1.0
800 800 1.0
802 802 1.0
844 852 1.0
854 857 1.0
859 859 1.0
862 878 1.0
880 884 1.0
886 894 1.0
896 898 1.0
901 901 1.0
907 907 1.0
911 911 1.0
914 914 1.0
916 920 1.0
922 926 1.0
928 929 1.0
931 931 1.0
933 945 1.0
948 949 1.0
951 951 1.0
953 953 1.0
956 956 1.0
959 959 1.0
973 973 1.0
976 976 1.0
1014 1014 1.0
1016 1016 1.0
1018 1019 1.0
1021 1054 1.0
1056 1084 1.0
1119 1119 1.0
1171 1182 1.0
1184 1233 1.0
1276 1276 1.0
1283 1284 1.0
1287 1287 1.0
1289 1295 1.0
1297 1320 1.0
1324 1324 1.0
1330 1330 1.0
1352 1352 1.0
1380 1380 1.0
1388 1392 1.0
1395 1439 1.0
1441 1443 1.0
1445 1445 1.0
1448 1448 1.0
1451 1451 1.0
1533 1616 1.0
1680 1683 1.0
1685 1707 1.0
1709 1712 1.0
1714 1718 1.0
1720 1723 1.0
1730 1730 1.0
1748 1748 1.0
1760 1760 1.0
1762 1762 1.0
1766 1766 1.0
1768 1772 1.0
1774 1774 1.0
1776 1835 1.0
1837 1839 1.0
1841 1841 1.0
1843 1843 1.0
1845 1845 1.0
1921 1922 1.0
1932 1932 1.0
1936 1940 1.0
1942 1945 1.0
1947 1953 1.0
1955 1979 1.0
1983 1983 1.0
1987 1987 1.0
1989 1989 1.0
1991 1992 1.0
1997 1999 1.0
2005 2005 1.0
2007 2007 1.0
2014 2014 1.0
2016 2016 1.0
2018 2018 1.0
2020 2020 1.0
2022 2022 1.0
2024 2029 1.0
2031 2035 1.0
2037 2038 1.0
2040 2040 1.0
2042 2042 1.0
2044 2045 1.0
2047 2054 1.0
2056 2060 1.0
2064 2065 1.0
2067 2067 1.0
2074 2074 1.0
2128 2128 1.0
2130 2130 1.0
2132 2179 1.0
2184 2184 1.0
2189 2189 1.0
2198 2198 1.0
2208 2208 1.0
2214 2214 1.0
2216 2216 1.0
2244 2244 1.0
2246 2252 1.0
2254 2266 1.0
2269 2271 1.0
2275 2275 1.0
2279 2279 1.0
2281 2281 1.0
2285 2286 1.0
2288 2290 1.0
2294 2301 1.0
2305 2305 1.0
2307 2307 1.0
2309 2309 1.0
2317 2317 1.0
2346 2347 1.0
2351 2351 1.0
2357 2357 1.0
2359 2404 1.0
2406 2406 1.0
2408 2409 1.0
2411 2413 1.0
2417 2417 1.0
2422 2422 1.0
2492 2492 1.0
2494 2555 1.0
2557 2557 1.0
2559 2559 1.0
2581 2581 1.0
2588 2588 1.0
2591 2591 1.0
2594 2594 1.0
2598 2601 1.0
2620 2620 1.0
2622 2622 1.0
2624 2624 1.0
2626 2626 1.0
2632 2632 1.0
2634 2634 1.0
2636 2636 1.0
2640 2640 1.0
2644 2644 1.0
2659 2659 1.0
2692 2692 1.0
2699 2699 1.0
2703 2703 1.0
2705 2707 1.0
2710 2722 1.0
2724 2731 1.0
2733 2733 1.0
2736 2736 1.0
2740 2740 1.0
2744 2744 1.0
2749 2749 1.0
2765 2766 1.0
2769 2769 1.0
2771 2771 1.0
2773 2775 1.0
2777 2778 1.0
2780 2788 1.0
2790 2828 1.0
2830 2834 1.0
2836 2836 1.0
2838 2838 1.0
2840 2850 1.0
2852 2853 1.0
2855 2857 1.0
2861 2861 1.0
2918 2918 1.0
2920 2965 1.0
3027 3027 1.0
3029 3072 1.0
3128 3129 1.0
3131 3157 1.0
3160 3161 1.0
3165 3168 1.0
3172 3174 1.0
3176 3179 1.0
3181 3181 1.0
3185 3185 1.0
3189 3189 1.0
3247 3248 1.0
3250 3252 1.0
3254 3309 1.0
3321 3321 1.0
3354 3354 1.0
3362 3362 1.0
3366 3396 1.0
3473 3519 1.0
3521 3534 1.0
3536 3537 1.0
3584 3584 1.0
3624 3624 1.0
3626 3647 1.0
3649 3693 1.0
3698 3698 1.0
3774 3774 1.0
3776 3778 1.0
3781 3789 1.0
3791 3793 1.0
3795 3805 1.0
3807 3872 1.0
3874 3874 1.0
3877 3877 1.0
3906 3906 1.0
3919 3919 1.0
3921 3921 1.0
3928 3928 1.0
3937 3974 1.0
3976 3982 1.0
3987 3988 1.0
4039 4039 1.0
4049 4049 1.0
4051 4051 1.0
4053 4101 1.0
4104 4104 1.0
4106 4109 1.0
4112 4112 1.0
4134 4134 1.0
4166 4166 1.0
4213 4213 1.0
4215 4215 1.0
4223 4224 1.0
4226 4226 1.0
4228 4228 1.0
4232 4232 1.0
4234 4234 1.0
4238 4238 1.0
4240 4304 1.0
4373 4432 1.0
4434 4436 1.0
4443 4443 1.0
4454 4454 1.0
4457 4457 1.0
4463 4465 1.0
4467 4467 1.0
4470 4485 1.0
4487 4487 1.0
4489 4499 1.0
4501 4501 1.0
4518 4518 1.0
4568 4568 1.0
4572 4572 1.0
4578 4579 1.0
