260 327 1.0
352 374 1.0
376 376 1.0
379 379 1.0
452 479 1.0
518 533 1.0
634 706 1.0
833 958 1.0
1088 1205 1.0
1284 1289 1.0
1338 1436 1.0
1569 1669 1.0
1676 1698 1.0
1795 1829 1.0
2041 2099 1.0
2236 2272 1.0
2276 2276 1.0
2280 2423 1.0
2556 2611 1.0
2614 2614 1.0
2618 2618 1.0
2748 2777 1.0
2779 2781 1.0
2783 2786 1.0
2788 2879 1.0
3042 3112 1.0
3115 3118 1.0
3209 3209 1.0
3221 3223 1.0
3225 3229 1.0
3232 3348 1.0
3543 3544 1.0
3548 3684 1.0
3829 3959 1.0
3977 3977 1.0
3980 4019 1.0
4023 4023 1.0
4064 4064 1.0
4068 4068 1.0
4073 4119 1.0
4266 4375 1.0
4483 4553 1.0
4650 4650 1.0
4654 4654 1.0
4658 4658 1.0
4660 4770 1.0
4772 4772 1.0
4776 4777 1.0
4782 4782 1.0
4784 4784 1.0
4786 4786 1.0
4788 4788 1.0
4967 4967 1.0
4971 4971 1.0
4975 5106 1.0
5108 5108 1.0
