260 283 1.0
285 285 1.0
361 380 1.0
510 520 1.0
527 556 1.0
583 612 1.0
686 707 1.0
791 816 1.0
832 920 1.0
1123 1126 1.0
1128 1128 1.0
1130 1130 1.0
1133 1187 1.0
1189 1189 1.0
1298 1415 1.0
1659 1782 1.0
1861 1861 1.0
1865 1881 1.0
1902 1959 1.0
2092 2162 1.0
2164 2166 1.0
2169 2172 1.0
2175 2175 1.0
2191 2220 1.0
2381 2393 1.0
2396 2396 1.0
2402 2402 1.0
2406 2406 1.0
2411 2412 1.0
2416 2416 1.0
2422 2422 1.0
2426 2426 1.0
2430 2432 1.0
2434 2436 1.0
2438 2438 1.0
2440 2452 1.0
2466 2466 1.0
2471 2618 1.0
2796 2928 1.0
3072 3072 1.0
3245 3375 1.0
3601 3698 1.0
3810 3810 1.0
3812 3936 1.0
8056 8056 1.0
8059 8059 1.0
8062 8062 1.0
