152 155 1.0
157 177 1.0
236 299 1.0
370 397 1.0
399 399 1.0
492 499 1.0
520 547 1.0
674 675 1.0
679 679 1.0
681 685 1.0
687 688 1.0
691 707 1.0
709 711 1.0
973 973 1.0
1058 1060 1.0
1062 1096 1.0
1098 1098 1.0
1237 1244 1.0
1246 1246 1.0
1249 1249 1.0
1349 1397 1.0
1399 1412 1.0
1534 1585 1.0
1754 1760 1.0
1824 1849 1.0
1915 1970 1.0
2049 2112 1.0
2208 2216 1.0
2258 2258 1.0
2260 2260 1.0
2262 2262 1.0
2295 2297 1.0
2395 2395 1.0
2397 2397 1.0
2399 2401 1.0
2403 2403 1.0
2405 2405 1.0
2407 2407 1.0
2409 2409 1.0
2490 2525 1.0
2620 2679 1.0
2760 2823 1.0
2884 2905 1.0
3043 3043 1.0
3045 3045 1.0
3051 3055 1.0
3057 3061 1.0
3088 3088 1.0
3132 3139 1.0
3143 3143 1.0
3159 3159 1.0
3161 3179 1.0
3263 3287 1.0
3351 3414 1.0
3505 3527 1.0
3564 3617 1.0
3682 3711 1.0
4691 4691 1.0
