177 247 1.0
313 366 1.0
433 499 1.0
540 540 1.0
542 542 1.0
544 591 1.0
748 748 1.0
750 815 1.0
885 954 1.0
1036 1114 1.0
1222 1269 1.0
1334 1394 1.0
1439 1490 1.0
1559 1670 1.0
1672 1672 1.0
1754 1825 1.0
1885 1948 1.0
2023 2076 1.0
2078 2078 1.0
2139 2202 1.0
2204 2204 1.0
2214 2214 1.0
2217 2217 1.0
2219 2255 1.0
2324 2324 1.0
2326 2326 1.0
2328 2379 1.0
2381 2381 1.0
2383 2383 1.0
2414 2466 1.0
2537 2604 1.0
2706 2707 1.0
2709 2720 1.0
2724 2724 1.0
2726 2726 1.0
2741 2742 1.0
4691 4691 1.0
