150 213 1.0
263 286 1.0
350 416 1.0
429 456 1.0
514 557 1.0
609 609 1.0
611 612 1.0
614 674 1.0
676 682 1.0
703 703 1.0
705 725 1.0
727 731 1.0
733 733 1.0
735 735 1.0
737 737 1.0
739 739 1.0
802 859 1.0
964 976 1.0
980 980 1.0
995 1060 1.0
1082 1093 1.0
1095 1095 1.0
1159 1159 1.0
1161 1259 1.0
1336 1401 1.0
1422 1472 1.0
1546 1554 1.0
1572 1646 1.0
1706 1749 1.0
1830 1890 1.0
1962 1963 1.0
2036 2114 1.0
2118 2118 1.0
2193 2193 1.0
2197 2275 1.0
2377 2451 1.0
2568 2640 1.0
2712 2742 1.0
4258 4258 1.0
