400 401 1.0
403 425 1.0
471 595 1.0
770 827 1.0
941 1056 1.0
1188 1318 1.0
1563 1577 1.0
1580 1580 1.0
1641 1641 1.0
1643 1670 1.0
1715 1777 1.0
1802 1823 1.0
1825 1825 1.0
1833 1835 1.0
1944 1944 1.0
1948 1949 1.0
1951 1955 1.0
1958 1958 1.0
1973 2067 1.0
2101 2101 1.0
2220 2221 1.0
2283 2342 1.0
2509 2552 1.0
2606 2606 1.0
2608 2626 1.0
2629 2629 1.0
2686 2780 1.0
2936 3051 1.0
3167 3245 1.0
3430 3576 1.0
3754 3883 1.0
3920 3923 1.0
4016 4016 1.0
4232 4360 1.0
4538 4550 1.0
4552 4554 1.0
4559 4559 1.0
4562 4658 1.0
4803 4929 1.0
5063 5139 1.0
5141 5179 1.0
5333 5472 1.0
5634 5634 1.0
5636 5636 1.0
5638 5659 1.0
5808 5831 1.0
5833 5834 1.0
5973 6072 1.0
6082 6102 1.0
6266 6268 1.0
6271 6405 1.0
6436 6439 1.0
6442 6444 1.0
6534 6562 1.0
6576 6607 1.0
6743 6743 1.0
6745 6819 1.0
6962 6997 1.0
7026 7152 1.0
7285 7413 1.0
7486 7493 1.0
7495 7497 1.0
7499 7508 1.0
7510 7510 1.0
7541 7548 1.0
7681 7734 1.0
7790 7811 1.0
7960 7960 1.0
7965 8119 1.0
8122 8122 1.0
8292 8420 1.0
8478 8478 1.0
