150 215 1.0
280 319 1.0
336 336 1.0
341 341 1.0
364 432 1.0
562 562 1.0
564 655 1.0
733 802 1.0
893 1025 1.0
1157 1187 1.0
1189 1189 1.0
1192 1192 1.0
1199 1199 1.0
1201 1201 1.0
1203 1276 1.0
1350 1418 1.0
1488 1545 1.0
1609 1633 1.0
1697 1759 1.0
1773 1774 1.0
1839 1894 1.0
1896 1896 1.0
1898 1898 1.0
1953 1970 1.0
2053 2107 1.0
2163 2208 1.0
2211 2211 1.0
2296 2368 1.0
2463 2485 1.0
2489 2489 1.0
2494 2530 1.0
2548 2563 1.0
2601 2611 1.0
2624 2672 1.0
2703 2705 1.0
2707 2712 1.0
2807 2829 1.0
2831 2831 1.0
2833 2833 1.0
2850 2870 1.0
2872 2872 1.0
2876 2876 1.0
2878 2878 1.0
2880 2908 1.0
2910 2910 1.0
2971 3001 1.0
3064 3127 1.0
3265 3331 1.0
3334 3334 1.0
3339 3339 1.0
3341 3357 1.0
3382 3406 1.0
3526 3586 1.0
3681 3761 1.0
3763 3763 1.0
3767 3781 1.0
3783 3783 1.0
3935 3995 1.0
4109 4174 1.0
4244 4288 1.0
4338 4393 1.0
4460 4521 1.0
4561 4561 1.0
4563 4613 1.0
4676 4736 1.0
4846 4915 1.0
5006 5072 1.0
5139 5161 1.0
5173 5207 1.0
5224 5238 1.0
5300 5359 1.0
