208 275 1.0
346 351 1.0
353 354 1.0
357 361 1.0
364 371 1.0
379 379 1.0
434 434 1.0
436 499 1.0
501 501 1.0
566 623 1.0
696 769 1.0
772 852 1.0
951 1025 1.0
1129 1187 1.0
1189 1195 1.0
1241 1241 1.0
1247 1281 1.0
1283 1286 1.0
1297 1297 1.0
1324 1324 1.0
1328 1328 1.0
1334 1334 1.0
1338 1338 1.0
1340 1340 1.0
1342 1415 1.0
1500 1500 1.0
1502 1554 1.0
1615 1667 1.0
1691 1708 1.0
1729 1748 1.0
1750 1750 1.0
1771 1798 1.0
1800 1802 1.0
1804 1842 1.0
1925 1996 1.0
2083 2132 1.0
2142 2209 1.0
2275 2338 1.0
2410 2475 1.0
2507 2564 1.0
2612 2612 1.0
2619 2648 1.0
2653 2653 1.0
2703 2765 1.0
2852 2926 1.0
2999 3065 1.0
3067 3067 1.0
3087 3087 1.0
3089 3089 1.0
3091 3094 1.0
3159 3230 1.0
3232 3232 1.0
3242 3242 1.0
3291 3355 1.0
3467 3540 1.0
3542 3542 1.0
3599 3600 1.0
4519 4519 1.0
4523 4523 1.0
5015 5015 1.0
