401 401 1.0
405 457 1.0
463 463 1.0
469 471 1.0
473 567 1.0
575 611 1.0
750 889 1.0
1030 1155 1.0
1278 1316 1.0
1318 1325 1.0
1332 1332 1.0
1347 1347 1.0
1353 1353 1.0
1379 1380 1.0
1536 1664 1.0
1728 1728 1.0
1730 1734 1.0
1737 1738 1.0
1891 1892 1.0
1895 1895 1.0
1923 1923 1.0
1930 1930 1.0
1933 1933 1.0
1937 1937 1.0
1941 1948 1.0
1952 1952 1.0
1954 2000 1.0
2132 2253 1.0
2348 2429 1.0
2441 2441 1.0
2452 2452 1.0
2454 2466 1.0
2468 2468 1.0
2553 2553 1.0
2555 2588 1.0
2768 2897 1.0
3035 3035 1.0
3037 3061 1.0
3063 3063 1.0
3068 3068 1.0
3079 3079 1.0
3111 3114 1.0
3130 3270 1.0
3382 3383 1.0
3385 3389 1.0
3407 3479 1.0
