308 331 1.0
398 436 1.0
449 452 1.0
455 549 1.0
756 806 1.0
833 882 1.0
933 970 1.0
1132 1201 1.0
1207 1207 1.0
1209 1209 1.0
1211 1211 1.0
1213 1261 1.0
1287 1287 1.0
1290 1290 1.0
1292 1292 1.0
1511 1546 1.0
1677 1759 1.0
1761 1770 1.0
1772 1772 1.0
1969 1969 1.0
1971 1972 1.0
1975 1976 1.0
1978 1979 1.0
1990 1990 1.0
1993 2112 1.0
2243 2283 1.0
2285 2287 1.0
2289 2290 1.0
2292 2292 1.0
2294 2294 1.0
2296 2296 1.0
2298 2301 1.0
2303 2307 1.0
2476 2600 1.0
2710 2745 1.0
2767 2786 1.0
2858 2930 1.0
2940 2941 1.0
2944 2945 1.0
2947 2948 1.0
2951 2952 1.0
3118 3118 1.0
3120 3240 1.0
3388 3392 1.0
3394 3396 1.0
3402 3402 1.0
3414 3414 1.0
3609 3627 1.0
3647 3738 1.0
3740 3740 1.0
3912 3912 1.0
3914 3914 1.0
3916 3917 1.0
3919 3919 1.0
3921 3922 1.0
3925 3926 1.0
3950 3951 1.0
3953 3954 1.0
3961 3990 1.0
3992 3992 1.0
3994 3994 1.0
4002 4003 1.0
4006 4009 1.0
4011 4011 1.0
4056 4056 1.0
4063 4063 1.0
4320 4327 1.0
4333 4334 1.0
4336 4336 1.0
4338 4338 1.0
4340 4340 1.0
4342 4342 1.0
4375 4376 1.0
4378 4383 1.0
4385 4385 1.0
4387 4391 1.0
4393 4394 1.0
4401 4401 1.0
4544 4665 1.0
4795 4814 1.0
4980 4980 1.0
4982 5010 1.0
5012 5014 1.0
5016 5018 1.0
5020 5020 1.0
5022 5023 1.0
5214 5331 1.0
5530 5530 1.0
5533 5540 1.0
5542 5544 1.0
5568 5699 1.0
5702 5702 1.0
5704 5704 1.0
6011 6160 1.0
6236 6236 1.0
6421 6483 1.0
6485 6485 1.0
6524 6553 1.0
6777 6777 1.0
6961 7067 1.0
7234 7357 1.0
7510 7597 1.0
