260 300 1.0
433 433 1.0
467 518 1.0
566 566 1.0
569 612 1.0
650 689 1.0
749 857 1.0
986 1019 1.0
1057 1099 1.0
1139 1248 1.0
1377 1447 1.0
1461 1461 1.0
1463 1463 1.0
1465 1465 1.0
1467 1467 1.0
1471 1471 1.0
1473 1501 1.0
1557 1557 1.0
1559 1560 1.0
1563 1565 1.0
1567 1725 1.0
1869 1914 1.0
1924 1975 1.0
2040 2136 1.0
2138 2138 1.0
2182 2182 1.0
2235 2235 1.0
2237 2238 1.0
2240 2240 1.0
2242 2242 1.0
2248 2249 1.0
2251 2253 1.0
2255 2255 1.0
2257 2258 1.0
2260 2302 1.0
2323 2339 1.0
2373 2402 1.0
2404 2404 1.0
2406 2406 1.0
2408 2408 1.0
2482 2498 1.0
2567 2598 1.0
2652 2694 1.0
2708 2708 1.0
2710 2770 1.0
2784 2832 1.0
2895 2915 1.0
2955 2955 1.0
2957 3003 1.0
