286 413 1.0
545 591 1.0
608 608 1.0
610 612 1.0
614 641 1.0
769 854 1.0
856 858 1.0
860 863 1.0
872 872 1.0
978 1090 1.0
1248 1248 1.0
1250 1250 1.0
1254 1368 1.0
1492 1539 1.0
1575 1577 1.0
1581 1602 1.0
1733 1857 1.0
1859 1859 1.0
2046 2060 1.0
2071 2206 1.0
2399 2523 1.0
2549 2557 1.0
2708 2838 1.0
2867 2877 1.0
2879 2879 1.0
2905 2905 1.0
2966 3042 1.0
3220 3345 1.0
3347 3347 1.0
3493 3542 1.0
3581 3581 1.0
3583 3623 1.0
3660 3677 1.0
3691 3691 1.0
3695 3717 1.0
3757 3757 1.0
3759 3774 1.0
3807 3836 1.0
3857 3887 1.0
3905 3937 1.0
3976 4050 1.0
4207 4350 1.0
