727 819 1.0
821 821 1.0
823 824 1.0
898 898 1.0
901 903 1.0
905 927 1.0
1818 1903 1.0
1905 1910 1.0
1916 2060 1.0
2188 2188 1.0
2191 2191 1.0
2193 2193 1.0
2205 2205 1.0
2722 2729 1.0
2731 2753 1.0
2762 2762 1.0
2766 2766 1.0
2879 2879 1.0
2882 2884 1.0
2886 2888 1.0
2890 2900 1.0
2902 2963 1.0
2969 2969 1.0
3023 3024 1.0
3026 3105 1.0
3107 3116 1.0
3120 3120 1.0
3290 3303 1.0
3365 3365 1.0
3388 3388 1.0
3390 3546 1.0
3556 3556 1.0
3562 3609 1.0
3611 3611 1.0
3891 3891 1.0
3908 3911 1.0
3913 3950 1.0
3952 3955 1.0
4098 4125 1.0
4440 4440 1.0
