019 7
015 3
008 7
015 1
010 4
035 5
007 7
031 3
018 4
025 5
035 1
020 6
021 3
035 2
019 4
008 5
010 2
014 3
032 5
037 4
009 7
006 4
006 1
037 7
018 5
018 6
037 3
009 6
007 4
016 7
013 2
033 2
020 5
033 3
016 6
022 2
017 5
024 3
016 5
035 7
010 7
022 5
013 7
022 6
016 2
009 2
035 3
012 4
026 3
019 1
014 2
033 7
030 2
006 2
017 2
034 3
016 4
032 2
026 1
015 5
028 4
026 2
015 6
018 3
020 1
019 3
006 7
022 4
019 5
025 3
006 5
012 6
012 5
014 5
011 4
006 3
032 6
016 1
033 4
022 3
024 5
007 6
033 1
017 3
011 7
017 6
018 7
009 4
015 7
019 2
021 7
012 7
010 3
020 4
011 3
009 3
011 5
030 5
025 4
011 1
030 1
034 7
008 6
036 7
017 4
020 2
013 6
020 3
023 1
007 5
024 2
037 5
013 3
026 7
026 5
013 1
011 6
014 1
010 6
026 6
014 6
036 4
014 4
032 4
011 2
033 5
006 6
010 5
017 1
010 1
014 7
020 7
036 6
007 3
018 2
032 3
025 6
008 1
012 3
035 6
034 6
037 2
033 6
035 4
018 1
023 4
036 2
